smeetingDate,meetingRoom,meetingTypeName,jointCommittee,meetingName,meetingContent,legislatorNameList,
103/09/09,紅樓201會議室,程序委員會,無,第8屆第6會期第1次會議,審定本院第8屆第6會期第1次會議議事日程及處理人民請願案,,
103/09/16,紅樓201會議室,程序委員會,無,第8屆第6會期程序委員會第2次會議,審定本院第8屆第6會期第2次會議議事日程,,
103/09/17,群賢樓801會議室,社會福利及衛生環境委員會,無,立法院第8屆第6會期社會福利及衛生環境委員會第1次全體委員會議,選舉第8屆第6會期本會召集委員。,,
103/09/17,紅樓202會議室,內政委員會,無,立法院第8屆第6會期內政委員會第1次全體委員會議,選舉本會召集委員,,
103/09/17,紅樓201會議室,交通委員會,無,立法院第8屆第6會期交通委員會第1次全體委員會議,選舉本會召集委員,,
103/09/17,紅樓101會議室,經濟委員會,無,立法院第8屆第6會期經濟委員會第1次全體委員會議,選舉立法院第8屆第6會期本會召集委員,,
103/09/17,紅樓301會議室,外交及國防委員會,無,立法院第8屆第6會期外交及國防委員會第1次全體委員會議,選舉第8屆第6會期本會召集委員,,
103/09/17,九樓大禮堂,財政委員會,無,立法院第8屆第6會期財政委員會第1次全體委員會議,選舉立法院第8屆第6會期本會召集委員,,
103/09/17,紅樓302會議室,,無,立法院第8屆第6會期司法及法制委員會第1次全體委員會議,選舉第8屆第6會期本會召集委員,,
103/09/17,群賢樓101會議室,教育及文化委員會,無,立法院第8屆第6會期教育及文化委員會第1次全體委員會議,選舉第8屆第6會期本會召集委員,,
103/09/22,紅樓201會議室,交通委員會,無,立法院第8屆第6會期交通委員會第2次全體委員會議,一、邀請行政院公共工程委員會主任委員許俊逸列席報告業務概況，並備質詢。 二、處理103年度中央政府總預算有關行政院公共工程委員會單位預算動支1案。(報告詢答及處理)(9月22日、24日及25日三天一次會)。,李昆澤;楊麗環;管碧玲;李鴻鈞;羅淑蕾;葉宜津;林國正;蔡其昌;廖正井;王進士;黃偉哲;林岱樺;陳明文;許添財;蕭美琴;黃昭順;吳育昇;賴士葆;林德福;盧秀燕;賴振昌;李桐豪;江啟臣;鄭天財(Sra．Kacaw);吳育仁;蔣乃辛;邱文彥;邱議瑩;陳歐珀;邱志偉;王惠美;蘇清泉;陳亭妃;孔文吉;簡東明;陳怡潔;周倪安;何欣純;徐欣瑩;姚文智;盧嘉辰;高金素梅;徐耀昌;廖國棟;羅明才;陳根德;王進士;簡東明,
103/09/22,群賢樓101會議室,教育及文化委員會,無,立法院第8屆第6會期教育及文化委員會第2次全體委員會議, 103年9月22日（星期一）一、邀請文化部部長列席報告業務概況，並備質詢。二、處理文化部103年度預算解凍案。,陳碧涵;蔣乃辛;陳亭妃;許智傑;鄭麗君;孔文吉;何欣純;黃志雄;呂玉玲;高金素梅;潘維剛;段宜康;陳明文;許添財;陳淑慧;賴振昌;簡東明;管碧玲;邱志偉;黃昭順;李桐豪;吳育昇;李貴敏;林德福;賴士葆;王進士;吳育仁;江啟臣;邱文彥;黃偉哲;李昆澤;楊麗環;蘇清泉;陳歐珀;孫大千;王惠美;徐欣瑩;盧秀燕;陳怡潔;姚文智;盧嘉辰;羅明才;廖正井;薛凌;陳學聖;周倪安;廖國棟;徐耀昌,
103/09/22,紅樓302會議室,司法及法制委員會,無,立法院第8屆第6會期司法及法制委員會第2次全體委員會議,邀請法務部部長、衛生福利部次長、經濟部次長、行政院農業委員會副主任委員、行政院環境保護署副署長、內政部警政署副署長、行政院消費者保護處處長及司法院副秘書長就「如何強化食品安全相關法令及嚴懲處理機制」進行專題報告，並備質詢。,廖正井;李貴敏;高志鵬;柯建銘;謝國樑;呂學樟;林鴻池;尤美女;黃昭順;黃偉哲;賴士葆;林德福;管碧玲;邱志偉;盧秀燕;許添財;賴振昌;王進士;李桐豪;江啟臣;吳育昇;陳歐珀;鄭天財(Sra．Kacaw);吳育仁;田秋堇;蔣乃辛;邱文彥;楊麗環;陳明文;王惠美;陳亭妃;蘇清泉;孔文吉;簡東明;陳怡潔;周倪安;何欣純;徐欣瑩;姚文智;高金素梅;顏寬恒;蕭美琴;徐耀昌;廖國棟;羅明才,
103/09/22,紅樓101會議室,經濟委員會,無,立法院第8屆第6會期經濟委員會第2次全體委員會議,一、邀請經濟部部長列席報告業務概況，並備質詢。二、處理經濟部及所屬103年度預算凍結案等3案。（9月22日、24日、25日三天一次會）,林岱樺;丁守中;陳明文;黃偉哲;黃昭順;李慶華;王惠美;蘇震清;廖國棟;陳怡潔;羅明才;管碧玲;李貴敏;廖正井;許添財;吳育昇;陳亭妃;賴士葆;羅淑蕾;林德福;王進士;江啟臣;葉津鈴;盧秀燕;李桐豪;吳育仁;邱文彥;鄭天財(Sra．Kacaw);邱議瑩;蔣乃辛;葉宜津;陳歐珀;蘇清泉;李昆澤;楊麗環;邱志偉;蕭美琴;孔文吉;蔡其昌;簡東明;周倪安;何欣純;徐欣瑩;姚文智;鄭麗君;盧嘉辰;高金素梅;賴振昌;徐耀昌;楊瓊瓔,
103/09/22,紅樓301會議室,外交及國防委員會,無,立法院第8屆第6會期外交及國防委員會第2次全體委員會議,下午：一、邀請外交部部長林永樂及行政院環境保護署署長魏國彥報告「我國在國際社會推動環境外交之策略與成果，以及我國推動加入聯合國氣候變化綱要公約（UNFCCC）之策略、成果及跨部會整合機制」，並備質詢。二、處理院會交付外交部103年度中央政府總預算決議凍結案等7案：（一）凍結「領事事務管理」項下「印刷及製作護照」預算五分之一案。（二）凍結「國際合作」預算五分之一案。（三）凍結「國際會議及交流」預算五分之一案。（四）凍結「駐外使領單位基本行政工作維持」項下「駐泰國代表處業務費用」500萬元案。（五）凍結「駐外使領單位基本行政工作維持」中「辦公室、館長宿舍與事務機器等租金及大樓物業管理費等」1000萬元案。（六）凍結「駐外使領單位基本行政工作維持」中「駐美國代表處業務費」五分之一案。（七）凍結「國際事務活動」中「鞏固雙邊及多邊關係」600萬元案。【機密預算】,李桐豪;江啟臣;簡東明;陳鎮湘;林郁方;陳唐山;邱志偉,
103/09/22,紅樓202會議室,內政委員會,無,立法院第8屆第6會期內政委員會第2次全體委員會議,邀請行政院大陸委員會主任委員王郁琦、財團法人海峽交流基金會董事長林中森率同所屬列席報告業務概況，並備質詢。,段宜康;吳育昇;鄭天財(Sra．Kacaw);邱議瑩;陳其邁;李俊俋;周倪安;盧嘉辰;陳超明;姚文智;紀國棟;江啟臣;賴振昌;廖正井;管碧玲;蕭美琴;黃偉哲;陳怡潔;李貴敏;王進士;林德福;賴士葆;盧秀燕;許添財;李桐豪;邱文彥;吳育仁;陳歐珀;蔣乃辛;楊麗環;李昆澤;葉宜津;林國正;邱志偉;王惠美;陳亭妃;蘇清泉;孔文吉;蔡其昌;簡東明;陳明文;何欣純;徐欣瑩;費鴻泰;高金素梅;尤美女;張慶忠;徐耀昌;廖國棟;羅明才,
103/09/22,紅樓301會議室,外交及國防委員會,無,立法院第8屆第6會期外交及國防委員會第2次全體委員會議,上午：邀請外交部部長林永樂報告「一、業務概況。二、政府對當前整體外交資源及國際環境變化之掌握與運用，對國家整體外交實力變化、外交戰略規劃及外交政策執行之影響評估」，並備質詢。,蔡煌瑯;蕭美琴;林郁方;李桐豪;江啟臣;陳歐珀;陳鎮湘;邱志偉;簡東明;詹凱臣;廖正井;黃昭順;黃偉哲;李貴敏;林德福;管碧玲;賴士葆;陳明文;盧秀燕;許添財;賴振昌;王進士;吳育昇;吳育仁;鄭天財(Sra．Kacaw);蔣乃辛;邱文彥;楊麗環;王惠美;陳亭妃;蘇清泉;孔文吉;陳怡潔;周倪安;何欣純;徐欣瑩;姚文智;呂學樟;高金素梅;廖國棟;徐耀昌;羅明才;陳唐山,
103/09/22,九樓大禮堂,財政委員會,無,立法院第8屆第6會期財政委員會第2次全體委員會議,一、討論中華民國104年度中央政府總預算案（含附屬單位預算及綜計表－營業及非營業部分）審查日程暨審查分配表草案。二、處理103年度中央政府總預算案有關財政部主管預算凍結請安排報告案計44案。三、處理103年度中央政府總預算案有關金融監督管理委員會主管預算凍結請安排報告案計15案。,許添財;林德福;吳秉叡;賴士葆;盧秀燕;費鴻泰;賴振昌;孫大千;廖正井;黃偉哲;黃昭順;曾巨威;薛凌;李貴敏;李桐豪;吳育仁;羅淑蕾;吳育昇;李應元;王進士;江啟臣;陳歐珀;邱文彥;楊麗環;蘇清泉;邱志偉;陳亭妃;王惠美;簡東明;徐欣瑩;陳怡潔;高金素梅;蔣乃辛;管碧玲;陳明文;周倪安;徐耀昌;廖國棟;羅明才,
103/09/22,群賢樓801會議室,社會福利及衛生環境委員會,無,立法院第8屆第6會期社會福利及衛生環境委員會第2次全體委員會議,邀請行政院環境保護署魏署長國彥報告業務概況(含第5會期委員會會議通過臨時提案之辦理情形)及立法計畫，並備質詢。,陳節如;蘇清泉;趙天麟;劉建國;吳育仁;王育敏;徐欣瑩;楊曜;許添財;鄭汝芬;江惠貞;蔡錦隆;賴振昌;田秋堇;廖正井;黃昭順;吳育昇;管碧玲;李貴敏;薛凌;羅淑蕾;蔣乃辛;江啟臣;李桐豪;王進士;邱志偉;邱文彥;楊麗環;李昆澤;陳亭妃;陳歐珀;王惠美;簡東明;陳怡潔;高金素梅;賴士葆;黃偉哲;陳明文;羅明才;周倪安;徐少萍;徐耀昌;廖國棟;盧秀燕;吳秉叡;林德福,
103/09/23,紅樓201會議室,程序委員會,無,第8屆第6會期程序委員會第3次會議,審定本院第8屆第6會期第3次會議議事日程,,
103/09/24,紅樓202會議室,內政委員會,教育及文化委員會,立法院第8屆第6會期內政、教育及文化委員會第1次聯席會議,一、審查行政院函請審議「臺灣地區與大陸地區人民關係條例第二十二條條文修正草案」案。二、審查委員吳育昇等33人擬具「臺灣地區與大陸地區人民關係條例第二十二條條文修正草案」案。,,
103/09/24,紅樓301會議室,外交及國防委員會,無,立法院第8屆第6會期外交及國防委員會第3次全體委員會議【報告秘密，詢答（先秘密、後公開）】,上午：邀請國家安全局局長李翔宙率相關情報機關首長提出「國家情報工作暨國家安全局業務報告」，並備質詢。,李桐豪;陳歐珀;蔡煌瑯;陳鎮湘;蕭美琴;江啟臣;林郁方;簡東明;邱志偉;陳唐山;詹凱臣;鄭天財(Sra．Kacaw);廖正井;薛凌;李貴敏;黃偉哲;周倪安;孔文吉;盧秀燕;吳育仁;賴振昌;姚文智;吳育昇;邱文彥;陳怡潔;蔣乃辛;陳亭妃;黃昭順;徐欣瑩;蘇清泉;管碧玲;葉津鈴;呂學樟;王進士;潘維剛;許添財;馬文君;許添財,
103/09/24,紅樓101會議室,經濟委員會,無,立法院第8屆第6會期經濟委員會第2次全體委員會議,一、邀請國家發展委員會主任委員列席報告業務概況，並備質詢。二、處理或審查國家發展委員會103年度預算凍結案等6案。（9月22日、24日、25日三天一次會）,丁守中;林岱樺;黃偉哲;楊瓊瓔;陳怡潔;黃昭順;蘇震清;李慶華;葉津鈴;張嘉郡;周倪安;吳秉叡;許添財;蕭美琴;廖正井;鄭天財(Sra．Kacaw);林德福;李桐豪;孔文吉;江啟臣;李昆澤;賴振昌;吳育仁;邱文彥;盧秀燕;管碧玲;陳歐珀;李貴敏;吳育昇;江惠貞;蔣乃辛;簡東明;蘇清泉;陳亭妃;呂學樟;陳雪生;潘維剛;姚文智;楊麗環;羅明才;廖國棟,
103/09/24,紅樓302會議室,,無,立法院第8屆第6會期司法及法制委員會第3次全體委員會議,一、邀請法務部部長率所屬單位主管列席報告業務概況及立法計畫，並備質詢。二、處理中華民國103年度中央政府總預算案關於法務部及所屬預算凍結項目共37案。（24日、25日兩天一次會）,廖正井;謝國樑;柯建銘;呂學樟;李貴敏;林鴻池;尤美女;李桐豪;林國正;黃偉哲;管碧玲;簡東明;周倪安;吳育仁;蕭美琴;許添財;盧秀燕;賴振昌;吳育昇;江啟臣;邱文彥;陳怡潔;孔文吉;蔣乃辛;陳亭妃;邱志偉;黃昭順;徐欣瑩;蘇清泉;薛凌;葉津鈴;王進士;潘維剛;陳歐珀;楊麗環,
103/09/24,紅樓201會議室,交通委員會,無,立法院第8屆第6會期交通委員會第2次全體委員會議,邀請交通部部長葉匡時列席報告業務概況，並備質詢。(9月22日、24日及25日三天一次會),林國正;李昆澤;管碧玲;楊麗環;葉宜津;蔡其昌;李鴻鈞;王進士;魏明谷;陳雪生;段宜康;鄭天財(Sra．Kacaw);蕭美琴;孔文吉;廖正井;賴振昌;邱志偉;廖國棟;黃昭順;李桐豪;周倪安;簡東明;薛凌;陳碧涵;陳歐珀;吳育昇;盧秀燕;邱文彥;陳怡潔;李貴敏;蔣乃辛;陳亭妃;吳育仁;黃偉哲;何欣純;蘇清泉;葉津鈴;許添財;呂學樟;潘維剛;陳淑慧;姚文智;羅明才,
103/09/24,群賢樓101會議室,教育及文化委員會,無,立法院第8屆第6會期教育及文化委員會第3次全體委員會議, 103年9月24日（星期三）一、邀請教育部部長列席報告業務概況，並備質詢。二、處理教育部103年度預算解凍案。,孔文吉;陳碧涵;蔣乃辛;陳亭妃;何欣純;許智傑;鄭麗君;潘維剛;陳淑慧;黃志雄;段宜康;林岱樺;薛凌;許添財;管碧玲;楊玉欣;呂玉玲;鄭天財(Sra．Kacaw);賴振昌;江惠貞;李桐豪;吳育仁;黃偉哲;李昆澤;蕭美琴;陳歐珀;江啟臣;李貴敏;邱文彥;吳育昇;盧秀燕;陳怡潔;簡東明;徐欣瑩;邱志偉;蘇清泉;葉津鈴;吳秉叡;王進士;孫大千;呂學樟;楊瓊瓔;姚文智;林德福;廖正井;楊麗環;羅明才;尤美女,
103/09/24,群賢樓801會議室,社會福利及衛生環境委員會,無,立法院第8屆第6會期社會福利及衛生環境委員會第3次全體委員會議,傷心不傷身？黑心餿水油的責任、漏洞與解決之道：邀請「一、衛生福利部邱部長文達、衛生福利部食品藥物管理署署長分別就未來如何阻絕國內外黑心餿水油並就油品邊境分流、邊境檢驗設備及查驗比例檢討、黑心油檢驗技術、全國稽查所遇困難；二、行政院環境保護署魏署長國彥就如何避免廢食用油回收流入食品鏈以及地下工廠污染查緝所遇困難；三、經濟部杜部長紫軍、經濟部工業局局長、經濟部能源局局長分別就食品認證制度改善、生質柴油政策檢討、地下工廠清查管理；四、行政院農業委員會陳主任委員保基就避免有害物質透過飼料進入食品鏈；五、法務部羅部長瑩雪就打擊民生犯罪專案小組如何協助食安案件偵查；六、行政院海岸巡防署王署長進旺就如何阻絕黑心餿水油及其原料走私」列席報告，並備質詢。,田秋堇;吳育仁;陳節如;劉建國;江惠貞;王育敏;蔡錦隆;徐欣瑩;趙天麟;蘇清泉;林淑芬;楊曜;許添財;鄭汝芬;葉津鈴;林德福;盧秀燕;陳其邁;尤美女;黃偉哲;周倪安;管碧玲;鄭天財(Sra．Kacaw);廖正井;陳歐珀;李貴敏;李桐豪;吳育昇;邱文彥;蔣乃辛;陳怡潔;簡東明;林岱樺;陳亭妃;何欣純;黃昭順;邱志偉;賴振昌;薛凌;潘維剛;王進士;呂學樟;楊瓊瓔;姚文智;楊玉欣;楊麗環;李昆澤;羅明才;徐少萍;吳秉叡;賴士葆,
103/09/24,紅樓301會議室,外交及國防委員會,無,立法院第8屆第6會期外交及國防委員會第3次全體委員會議【報告秘密，詢答（先秘密、後公開）】 ,下午：邀請國防部、國家安全局、交通部、經濟部、科技部、內政部、行政院大陸委員會、內政部入出國及移民署報告「核准中國國企工作船來台參與離岸風力發電系統及中國車來台並於我國道路行駛之現況、適法性、各部會管理機制、申請及決策流程，以及對我國國安之影響與應變措施」，並備質詢。,馬文君;陳唐山;管碧玲;鄭汝芬;周倪安;蕭美琴;邱志偉;陳鎮湘;林郁方,
103/09/24,紅樓202會議室,內政委員會,無,立法院第8屆第6會期內政委員會第3次全體委員會議,處理103年度中央政府總預算有關行政院大陸委員會預算凍結項目報告案計12案。,段宜康;周倪安;邱文彥;陳其邁;姚文智;盧嘉辰,
103/09/24,紅樓202會議室,內政委員會,教育及文化委員會,立法院第8屆第6會期內政、教育及文化委員會第1次聯席會議,一、審查行政院函請審議「臺灣地區與大陸地區人民關係條例第二十二條條文修正草案」案。二、審查委員吳育昇等33人擬具「臺灣地區與大陸地區人民關係條例第二十二條條文修正草案」案。,周倪安;段宜康;鄭天財(Sra．Kacaw);孔文吉;邱文彥;吳育昇;陳超明;邱議瑩;蔣乃辛;陳亭妃;陳其邁;姚文智;紀國棟;何欣純;張慶忠;陳淑慧;潘維剛;黃志雄;賴振昌;楊麗環;黃偉哲;廖正井;李桐豪;陳歐珀;李貴敏;吳育仁;管碧玲;許添財;盧秀燕;蕭美琴;陳怡潔;簡東明;葉宜津;邱志偉;黃昭順;蔡其昌;趙天麟;蘇清泉;葉津鈴;薛凌;王進士;魏明谷;呂學樟;陳雪生;盧嘉辰;鄭麗君;林滄敏;李俊俋;羅明才;陳碧涵,
103/09/24,九樓大禮堂,財政委員會,無,立法院第8屆第6會期財政委員會第3次全體委員會議,邀請中央銀行彭總裁率所屬單位主管暨財金資訊股份有限公司董事長列席業務報告，並備質詢。(9月24日及25日兩天一次會),吳秉叡;林德福;許添財;賴士葆;盧秀燕;賴振昌;李應元;薛凌;孫大千;費鴻泰;羅明才;黃偉哲;吳育仁;曾巨威;管碧玲;鄭天財(Sra．Kacaw);周倪安;李桐豪;李貴敏;陳歐珀;邱文彥;蔣乃辛;陳怡潔;簡東明;江惠貞;徐欣瑩;陳亭妃;邱志偉;黃昭順;蘇清泉;葉津鈴;潘維剛;王進士;呂學樟;楊瓊瓔;楊麗環;廖正井;吳育昇,
103/09/25,紅樓301會議室,外交及國防委員會,無,立法院第8屆第6會期外交及國防委員會第4次全體委員會議,上午：邀請僑務委員會委員長陳士魁報告「103年度僑委會施政成果及預算執行情況、104年度預算編列及政策規劃方向」，並備質詢。,蔡煌瑯;李桐豪;陳歐珀;陳鎮湘;陳唐山;江啟臣;邱志偉;蕭美琴;林郁方;簡東明;詹凱臣;鄭汝芬;黃偉哲;孔文吉;賴振昌;楊麗環;邱文彥;廖國棟;李貴敏;薛凌;蔣乃辛;王進士;吳育仁;蘇清泉;管碧玲;姚文智;吳育昇;江惠貞;呂玉玲;鄭天財(Sra．Kacaw);馬文君,
103/09/25,群賢樓801會議室,社會福利及衛生環境委員會,無,立法院第8屆第6會期社會福利及衛生環境委員會第4次全體委員會議,邀請衛生福利部邱部長文達、行政院環境保護署魏署長國彥、司法院、法務部次長、經濟部次長、科技部次長、行政院農業委員會副主任委員、行政院消費者保護處副處長、衛生福利部食品藥物管理署署長、衛生福利部國民健康署署長、財政部關務署副署長、經濟部國貿局副局長、經濟部工業局副局長分別就「食品安全衛生管理法及其子法規、相關公告及三讀後附帶決議之執行狀況與修法方向」列席報告，並備質詢。,趙天麟;劉建國;蘇清泉;王育敏;江惠貞;蔡錦隆;田秋堇;吳育仁;林淑芬;尤美女;楊曜;鄭汝芬;陳節如;賴振昌;李貴敏;林德福;廖國棟;黃偉哲;李桐豪;陳歐珀;薛凌;楊麗環;邱文彥;邱志偉;周倪安;蔣乃辛;陳其邁;何欣純;管碧玲;王惠美;簡東明;吳育昇;潘維剛;呂玉玲;徐少萍;賴士葆;李昆澤;徐欣瑩;羅明才;吳秉叡,
103/09/25,紅樓302會議室,司法及法制委員會,無,立法院第8屆第6會期司法及法制委員會第3次全體委員會議,一、邀請法務部部長率所屬單位主管列席報告業務概況及立法計畫，並備質詢。二、處理中華民國103年度中央政府總預算案關於法務部及所屬預算凍結項目共37案。（24日、25日兩天一次會）,,
103/09/25,紅樓202會議室,內政委員會,無,立法院第8屆第6會期內政委員會第4次全體委員會議,一、邀請中央選舉委員會代理主任委員劉義周率同所屬列席報告業務概況，並備質詢。二、處理103年度中央政府總預算案有關中央選舉委員會預算凍結項目報告案計3案。,段宜康;邱議瑩;鄭天財(Sra．Kacaw);周倪安;紀國棟;邱文彥;陳其邁;李俊俋;姚文智;吳育昇;尤美女;李桐豪;楊麗環;孔文吉;黃偉哲;賴振昌;邱志偉;李貴敏;廖國棟;江啟臣;薛凌;葉宜津;張慶忠;蔣乃辛;蕭美琴;王進士;吳育仁;王惠美;何欣純;蘇清泉;管碧玲;簡東明;江惠貞;呂玉玲;潘維剛;陳歐珀;羅明才,
103/09/25,紅樓301會議室,外交及國防委員會,無,立法院第8屆第6會期外交及國防委員會第4次全體委員會議 ,下午：邀請外交部部長林永樂報告「我國參與2014年APEC會議之策略規劃、戰略目標及如何提升我國在APEC之實質影響力以及如何強化與其它APEC成員國之雙邊關係」，並備質詢。,江啟臣;蕭美琴;李桐豪;林郁方;陳歐珀;邱志偉,
103/09/25,紅樓101會議室,經濟委員會,無,立法院第8屆第6會期經濟委員會第2次全體委員會議,處理行政院農業委員會及所屬103年度預算凍結案等26案。（9月22日、24日、25日三天一次會）,丁守中;黃昭順;李慶華;葉津鈴;廖國棟;黃偉哲;陳怡潔;蘇震清;王惠美;陳明文;李桐豪;鄭天財(Sra．Kacaw);林德福;邱文彥;孔文吉;李貴敏;李昆澤;賴振昌;江啟臣;陳歐珀;周倪安;楊麗環;薛凌;張慶忠;邱志偉;蕭美琴;蔣乃辛;王進士;吳育仁;何欣純;翁重鈞;蔡錦隆;管碧玲;蘇清泉;簡東明;姚文智;鄭麗君;吳育昇;江惠貞;林淑芬;呂玉玲;羅明才;鄭汝芬;楊瓊瓔;許添財,
103/09/25,群賢樓101會議室,教育及文化委員會,無,立法院第8屆第6會期教育及文化委員會第4次全體委員會議, 103年9月25日（星期四）一、邀請科技部部長列席報告業務概況，並備質詢。二、處理科技部103年度預算解凍案。三、審查科技部所屬『行政院國家科學技術發展基金(已詢答)』及『科學工業園區管理局作業基金』(相關預算提案請於9月25日中午12時前提出)。,孔文吉;陳碧涵;許智傑;蔣乃辛;何欣純;鄭麗君;黃志雄;陳淑慧;陳學聖;呂玉玲;管碧玲;鄭汝芬;林德福;周倪安;廖國棟;薛凌;李貴敏;李昆澤;黃偉哲;李桐豪;陳歐珀;楊麗環;邱志偉;羅明才;江啟臣;許添財;蕭美琴;王進士;吳育仁;賴振昌;蔡錦隆;蘇清泉;王惠美;姚文智;江惠貞;簡東明;吳育昇;潘維剛;邱文彥,
103/09/25,九樓大禮堂,財政委員會,無,立法院第8屆第6會期財政委員會第3次全體委員會議,邀請金融監督管理委員會曾主任委員率所屬機關首長暨國營事業董事長、總經理、監管相關機構有關之財團法人、臺灣證券交易所股份有限公司、臺灣期貨交易所股份有限公司、臺灣集中保管結算所股份有限公司負責人等列席業務報告，並備質詢。(9月24日及25日兩天一次會),許添財;林德福;吳秉叡;賴士葆;賴振昌;薛凌;吳育仁;孫大千;費鴻泰;李貴敏;李桐豪;曾巨威;黃偉哲;廖國棟;楊麗環;邱文彥;邱志偉;陳歐珀;蔣乃辛;翁重鈞;蘇清泉;管碧玲;王惠美;簡東明;江惠貞;吳育昇;呂玉玲;潘維剛;周倪安;羅明才,
103/09/25,紅樓201會議室,交通委員會,無,立法院第8屆第6會期交通委員會第2次全體委員會議,邀請交通部部長葉匡時率同所屬列席就「基隆港、高雄港之港埠設施資產活化情形」提出報告，並備質詢。(9月22日、24日及25日三天一次會),李昆澤;楊麗環;葉宜津;王進士;蔡其昌;管碧玲;李鴻鈞;陳雪生;林國正;黃偉哲;鄭汝芬;邱文彥;江啟臣;陳歐珀;周倪安;邱志偉;廖國棟;李貴敏;鄭天財(Sra．Kacaw);薛凌;賴振昌;蔣乃辛;蕭美琴;吳育仁;蘇清泉;何欣純;簡東明;姚文智;吳育昇;江惠貞;呂玉玲;潘維剛;李桐豪;羅明才;孔文吉,
103/09/30,紅樓201會議室,程序委員會,無,第8屆第6會期程序委員會第4次會議,審定本院第8屆第6會期第4次會議議事日程,,
103/10/01,九樓大禮堂,財政委員會,無,立法院第8屆第6會期財政委員會第4次全體委員會議,邀請財政部張部長率所屬機關首長暨國營事業董事長、總經理(含各轉投資事業機構公股代表之董、監事)列席業務報告，並備質詢。(10月1日及2日兩天一次會),許添財;吳秉叡;林德福;賴士葆;盧秀燕;李應元;薛凌;孫大千;賴振昌;費鴻泰;蘇清泉;翁重鈞;曾巨威;李貴敏;楊麗環;廖正井;黃偉哲;廖國棟;陳歐珀;羅淑蕾;黃昭順;陳明文;李桐豪;吳育昇;楊應雄;簡東明;邱文彥;王惠美;江啟臣;蔣乃辛;周倪安;鄭天財(Sra．Kacaw);陳怡潔;陳亭妃;盧嘉辰;邱志偉;管碧玲;江惠貞;陳淑慧;高金素梅;潘維剛;葉津鈴;呂玉玲;呂學樟;羅明才,
103/10/01,紅樓302會議室,,無,立法院第8屆第6會期司法及法制委員會第4次全體委員會議,邀請法務部部長、司法院副秘書長、衛生福利部次長、食品藥物管理署署長、經濟部次長、經濟部工業局局長、行政院農業委員會副主任委員、行政院環境保護署副署長、財政部次長、財政部關務署署長及行政院消費者保護處處長就「從食品安全事件及GMP認證問題談國家賠償責任及相關法制」進行專題報告，並備質詢。（1日、2日兩天一次會）,李貴敏;潘維剛;柯建銘;尤美女;呂學樟;林鴻池;謝國樑;陳歐珀;李桐豪;盧嘉辰;羅淑蕾;陳明文;黃昭順;陳碧涵;廖國棟;黃偉哲;楊應雄;楊麗環;薛凌;盧秀燕;許添財;廖正井;賴士葆;林德福;王惠美;邱文彥;賴振昌;江啟臣;孔文吉;簡東明;周倪安;蔣乃辛;陳怡潔;邱志偉;王進士;陳亭妃;管碧玲;高金素梅;蘇清泉;江惠貞;吳育昇;陳淑慧;姚文智;呂玉玲;葉津鈴;羅明才;顏寬恒;林滄敏;徐欣瑩;楊瓊瓔;徐耀昌,
103/10/01,群賢樓101會議室,教育及文化委員會,無,立法院第8屆第6會期教育及文化委員會第5次全體委員會議,103年10月1日（星期三下午）二、邀請教育部部長、科技部、經濟部、勞動部等列席報告「建教合作、產學合作與高級中等學校建教合作實施及建教生權益保障法實施之成效」，並備質詢。三、審查行政院函請審議「技術及職業教育法草案」案。(10月1日及10月2日兩天一次會),陳亭妃;何欣純;蔣乃辛;孔文吉;呂玉玲;陳碧涵;葉津鈴;江啟臣;許智傑;林淑芬;賴振昌,
103/10/01,紅樓202會議室,內政委員會,無,立法院第8屆第6會期內政委員會第5次全體委員會議,邀請內政部部長陳威仁、警政署署長王卓鈞、法務部政務次長等就「臺北市警察遭黑道份子毆死案處置情形及當前全國治安狀況與警察風紀問題檢討」進行專題報告並備質詢。,盧嘉辰;邱議瑩;段宜康;吳育昇;邱文彥;陳超明;李俊俋;陳其邁;周倪安;紀國棟;葉宜津;姚文智;鄭天財(Sra．Kacaw);管碧玲;黃昭順;陳明文;羅淑蕾;黃偉哲;廖國棟;李貴敏;廖正井;陳歐珀;李桐豪;楊麗環;薛凌;許添財;陳碧涵;楊應雄;蕭美琴;盧秀燕;林德福;賴士葆;葉津鈴;王惠美;孔文吉;江啟臣;簡東明;陳怡潔;蔣乃辛;邱志偉;王進士;陳亭妃;李昆澤;高金素梅;蘇清泉;江惠貞;潘維剛;陳淑慧;魏明谷;張慶忠;呂玉玲;賴振昌;羅明才;呂學樟;陳雪生;林滄敏;鄭汝芬;徐耀昌,
103/10/01,群賢樓101會議室,教育及文化委員會,無,立法院第8屆第6會期教育及文化委員會第5次全體委員會議,103年10月1日（星期三上午）一、邀請文化部部長列席報告「文化部推動泥土化政策之成效及未來推動進程」，並備質詢。(10月1日及10月2日兩天一次會),陳碧涵;蔣乃辛;孔文吉;陳亭妃;許智傑;陳淑慧;高金素梅;潘維剛;呂玉玲;許添財;管碧玲;邱志偉;黃志雄;陳雪生;陳學聖;李昆澤;賴振昌;黃昭順;羅淑蕾;陳明文;李桐豪;薛凌;楊麗環;李貴敏;盧嘉辰;黃偉哲;楊應雄;林德福;陳歐珀;吳育昇;邱文彥;簡東明;江啟臣;王惠美;孫大千;周倪安;鄭天財(Sra．Kacaw);蕭美琴;蔡錦隆;盧秀燕;江惠貞;蘇清泉;葉津鈴;姚文智;羅明才;吳育仁;呂學樟;鄭麗君;賴士葆;鄭汝芬;廖正井,
103/10/01,紅樓201會議室,交通委員會,無,立法院第8屆第6會期交通委員會第3次全體委員會議,上午:邀請國家通訊傳播委員會主任委員石世豪列席報告業務概況，並備質詢。,李昆澤;葉宜津;羅淑蕾;楊麗環;陳根德;蔡其昌;管碧玲;李鴻鈞;王進士;廖國棟;邱志偉;許智傑;周倪安;廖正井;黃偉哲;薛凌;李貴敏;李桐豪;陳歐珀;許添財;蕭美琴;吳育昇;陳碧涵;楊應雄;盧秀燕;林德福;賴士葆;邱文彥;賴振昌;王惠美;簡東明;孔文吉;江啟臣;黃昭順;陳怡潔;蔣乃辛;魏明谷;陳亭妃;陳明文;蘇清泉;高金素梅;江惠貞;潘維剛;陳淑慧;姚文智;張慶忠;葉津鈴;呂玉玲;羅明才;盧嘉辰;林明溱;呂學樟;林國正;徐耀昌,
103/10/01,紅樓201會議室,交通委員會,無,立法院第8屆第6會期交通委員會第3次全體委員會議,下午:審查行政院函請審議「獎勵民間參與交通建設條例部分條文修正草案」案。,李昆澤;葉宜津;陳根德;楊麗環;管碧玲;王進士;蔡其昌;羅淑蕾;魏明谷;廖國棟;陳明文;黃昭順;黃偉哲;李貴敏;薛凌;李桐豪;陳歐珀;許添財;蕭美琴;陳碧涵;吳育昇;楊應雄;盧秀燕;林德福;邱文彥;賴士葆;賴振昌;王惠美;簡東明;鄭天財(Sra．Kacaw);江啟臣;孔文吉;周倪安;陳怡潔;蔣乃辛;邱志偉;陳亭妃;許智傑;蘇清泉;高金素梅;江惠貞;潘維剛;陳淑慧;姚文智;張慶忠;葉津鈴;呂玉玲;羅明才;林明溱;李鴻鈞;呂學樟;林國正,
103/10/01,紅樓301會議室,外交及國防委員會,無,立法院第8屆第6會期外交及國防委員會第5次全體委員會議,一、邀請國防部部長嚴明報告業務概況，並備質詢。 二、處理院會交付國防部103年度中央政府總預算決議凍結案等20案。,陳歐珀;蕭美琴;李桐豪;林郁方;江啟臣;段宜康;陳鎮湘;楊應雄;簡東明;陳唐山;邱志偉;詹凱臣;蔡煌瑯;馬文君;李貴敏;陳碧涵;廖國棟;盧嘉辰;黃偉哲;羅淑蕾;陳明文;黃昭順;盧秀燕;薛凌;許添財;吳育昇;賴士葆;林德福;王惠美;邱文彥;賴振昌;孔文吉;周倪安;陳怡潔;蔣乃辛;王進士;陳亭妃;管碧玲;許智傑;高金素梅;蘇清泉;江惠貞;姚文智;呂玉玲;葉津鈴;羅明才;呂學樟;廖正井;楊瓊瓔,
103/10/01,群賢樓801會議室,社會福利及衛生環境委員會,無,立法院第8屆第6會期社會福利及衛生環境委員會第5次全體委員會議） ,一、處理中華民國103年度中央政府總預算有關勞動部主管預算解凍案等73案。 二、併案審查本院委員李應元等26人、委員王育敏等24人分別擬具「就業服務法第五十五條條文修正草案」、委員楊玉欣等25人擬具「就業服務法第五十二條條文修正草案」、委員呂玉玲等18人擬具「就業服務法增訂第四十八條之一條文草案」等4案。 ,吳育仁;楊玉欣;徐少萍;趙天麟;蘇清泉;蔡錦隆;陳節如;江惠貞;丁守中;鄭汝芬;盧秀燕;楊曜;葉津鈴;王育敏;許添財;楊麗環;賴士葆;林淑芬;盧嘉辰;李貴敏;費鴻泰;黃偉哲;廖國棟;羅淑蕾;黃昭順;陳明文;廖正井;賴振昌;陳歐珀;李桐豪;吳育昇;楊應雄;簡東明;邱文彥;王惠美;江啟臣;蔣乃辛;鄭天財(Sra．Kacaw);周倪安;陳怡潔;陳亭妃;邱志偉;管碧玲;陳淑慧;高金素梅;潘維剛;薛凌;羅明才;呂玉玲;呂學樟;李昆澤;林德福;徐欣瑩;吳秉叡;徐耀昌;劉建國,
103/10/01,紅樓101會議室,經濟委員會,無,立法院第8屆第6會期經濟委員會第3次全體委員會議,邀請行政院農業委員會主任委員列席報告業務概況，並備質詢。（10月1日、2日二天一次會）,林岱樺;陳明文;黃昭順;丁守中;李慶華;廖國棟;黃偉哲;葉津鈴;陳怡潔;楊瓊瓔;蘇震清;翁重鈞;蕭美琴;許添財;江啟臣;簡東明;鄭汝芬;李桐豪;林德福;潘孟安;楊麗環;李昆澤;盧秀燕;薛凌;王惠美;楊應雄;費鴻泰;李貴敏;盧嘉辰;廖正井;羅淑蕾;陳雪生;陳碧涵;陳歐珀;賴士葆;吳育昇;賴振昌;孔文吉;周倪安;蔣乃辛;鄭天財(Sra．Kacaw);管碧玲;邱志偉;吳育仁;王進士;陳亭妃;蔡錦隆;江惠貞;蘇清泉;高金素梅;姚文智;陳淑慧;潘維剛;呂玉玲;羅明才;呂學樟;林明溱;林淑芬 ;邱文彥;林滄敏;徐耀昌,
103/10/02,紅樓302會議室,,無,立法院第8屆第6會期司法及法制委員會第4次全體委員會議,一、邀請司法院秘書長列席說明立法計畫。二、邀請司法院秘書長及法務部次長就「刑事訴訟採行卷證不併送之具體措施及時程規劃推動情形」進行專題報告，並備質詢。（1日、2日兩天一次會）,廖正井;呂學樟;尤美女;林鴻池;陳歐珀;周倪安;盧嘉辰;黃偉哲;陳明文;廖國棟;賴士葆;鄭天財(Sra．Kacaw);吳育昇;楊應雄;賴振昌;盧秀燕;陳碧涵;許添財;李桐豪;江惠貞;林德福;孔文吉;邱志偉;蔣乃辛;黃昭順;蘇清泉;邱文彥;陳淑慧;潘維剛;高金素梅;羅明才;曾巨威;李桐豪,
103/10/02,九樓大禮堂,財政委員會,無,立法院第8屆第6會期財政委員會第4次全體委員會議,一、邀請行政院主計總處石主計長、審計部林審計長率所屬單位主管列席業務報告，並備質詢。二、處理審計部103年度預算凍結項目有關該部對國營事業績效獎金審核情形報告案(本案如經院會復議，則不予處理)。(10月1日及2日兩天一次會),許添財;吳秉叡;林德福;賴士葆;盧秀燕;賴振昌;薛凌;孫大千;費鴻泰;羅明才;盧嘉辰;曾巨威;管碧玲;羅淑蕾;黃偉哲;李應元;吳育昇;鄭天財(Sra．Kacaw);邱志偉;李桐豪;江啟臣;蔣乃辛;楊應雄;蘇清泉;黃昭順;邱文彥;陳淑慧;潘維剛;呂學樟;高金素梅;陳歐珀;吳育仁;江惠貞;周倪安;廖正井,
103/10/02,群賢樓101會議室,教育及文化委員會,無,立法院第8屆第6會期教育及文化委員會第5次全體委員會議,103年10月2日(星期四)四、邀請國立故宮博物院院長列席報告業務概況暨「大故宮計畫程序釐清」、「國立故宮博物院指導會」、「故宮文物藝術發展基金賸餘繳庫」、「大故宮計畫土方開挖與處理情形」及「故宮南院作為大故宮計畫替代方案之研究」等作專案報告，並備質詢。五、處理國立故宮博物院103年度預算解凍案。(10月1日及10月2日兩天一次會),陳碧涵;孔文吉;許智傑;蔣乃辛;陳淑慧;陳明文;何欣純;鄭麗君;高金素梅;潘維剛;吳秉叡;羅淑蕾;許添財;黃志雄;賴振昌;盧秀燕;鄭汝芬;江惠貞;黃偉哲;周倪安;廖正井;賴士葆;盧嘉辰;陳歐珀;李桐豪;吳育昇;鄭天財(Sra．Kacaw);江啟臣;邱志偉;黃昭順;蘇清泉;邱文彥;姚文智;呂學樟;吳育仁;林德福;羅明才,
103/10/02,群賢樓801會議室,社會福利及衛生環境委員會,無,立法院第8屆第6會期社會福利及衛生環境委員會第5次全體委員會議,一、邀請衛生福利部邱部長文達報告業務概況（含第5會期委員會會議通過臨時提案之辦理情形）及立法計畫，並備質詢。 二、處理中華民國103年度中央政府總預算有關衛生福利部主管預算解凍案等28案。,鄭汝芬;江惠貞;蔡錦隆;陳節如;楊玉欣;蘇清泉;趙天麟;王育敏;林淑芬;田秋堇;吳秉叡;盧秀燕;吳育仁;許添財;賴士葆;林德福;賴振昌;羅淑蕾;盧嘉辰;管碧玲;周倪安;陳歐珀;廖正井;吳育昇;鄭天財(Sra．Kacaw);楊應雄;江啟臣;李桐豪;蔣乃辛;邱志偉;陳雪生;陳其邁;黃昭順;邱文彥;陳淑慧;何欣純;潘維剛;呂學樟;高金素梅;徐少萍;廖國棟;黃偉哲;羅明才,
103/10/02,紅樓301會議室,外交及國防委員會,無,立法院第8屆第6會期外交及國防委員會第6次全體委員會議,一、邀請國軍退除役官兵輔導委員會主任委員董翔龍報告業務概況，並備質詢。 二、處理院會交付國軍退除役官兵輔導委員會103年度中央政府總預算決議凍結案等5案： （一）「交通部觀光局公布之國內旅遊人次創造2千元之觀光收入與森保處運用閒置土地辦理合作經營違失案」凍結「林區及農場永續經營」872萬1000元之六分之一案。 （二）凍結「對榮民及特定醫療體系之補助」預算4532萬5000元案。 （三）凍結「榮眷健康保險」預算3000 萬元案。 （四）凍結「志工服務照顧榮民作業」項下「獎補助費」預算500萬元案。 （五）凍結「就養榮民給與等經費」項下就養榮民眷屬補助費2億6399萬7000元之五分之一案。,陳歐珀;蕭美琴;蔡煌瑯;陳鎮湘;楊應雄;李桐豪;江啟臣;邱志偉;陳唐山;林郁方;簡東明;詹凱臣;廖國棟;蘇清泉;周倪安;黃偉哲;廖正井;陳明文;賴士葆;賴振昌;盧秀燕;潘維剛;鄭天財(Sra．Kacaw);吳育昇;許添財;江惠貞;林德福;孔文吉;蔣乃辛;黃昭順;盧嘉辰;邱文彥;陳淑慧;呂學樟;陳碧涵;高金素梅;馬文君;羅明才,
103/10/02,紅樓202會議室,內政委員會,無,立法院第8屆第6會期內政委員會第6次全體委員會議,邀請內政部部長陳威仁率同所屬列席報告業務概況及本屆第五會期本會各次會議臨時提案處理情形，並備質詢。,盧嘉辰;段宜康;周倪安;鄭天財(Sra．Kacaw);吳育昇;邱議瑩;李俊俋;紀國棟;陳其邁;邱文彥;姚文智;陳雪生;陳超明;陳節如;許添財;簡東明;賴士葆;陳歐珀;吳育仁;廖國棟;江惠貞;林德福;楊應雄;賴振昌;盧秀燕;陳碧涵;李桐豪;孔文吉;邱志偉;陳明文;羅淑蕾;蔣乃辛;黃昭順;蘇清泉;陳淑慧;潘維剛;高金素梅;呂學樟;黃偉哲;張慶忠;廖正井;羅明才,
103/10/02,紅樓101會議室,經濟委員會,無,立法院第8屆第6會期經濟委員會第3次全體委員會議,一、邀請公平交易委員會主任委員列席報告業務概況，並備質詢。二、處理公平交易委員會103年度預算凍結案等9項。（10月1日、2日二天一次會）,廖國棟;陳明文;丁守中;葉津鈴;陳怡潔;黃昭順;鄭汝芬;羅淑蕾;吳秉叡;周倪安;盧秀燕;許添財;廖正井;林德福;江惠貞;賴士葆;楊應雄;賴振昌;吳育仁;李桐豪;陳歐珀;孔文吉;吳育昇;鄭天財(Sra．Kacaw);許智傑;江啟臣;邱志偉;蔣乃辛;陳淑慧;邱文彥;蘇清泉;呂學樟;何欣純;鄭麗君;姚文智;潘維剛;高金素梅;羅明才;黃偉哲,
103/10/06,紅樓201會議室,交通委員會,無,立法院第8屆第6會期交通委員會第4次全體委員會議,邀請交通部部長葉匡時率同所屬列席就「國道試辦差別費率成效檢討暨因應未來連續假期陸海空交通疏運計畫」提出報告，並備質詢。10月6日及10月9日二天一次會）,李昆澤;羅淑蕾;葉宜津;管碧玲;楊麗環;林國正;陳歐珀;劉櫂豪;蔡其昌;廖國棟;黃偉哲;簡東明;李桐豪;江啟臣;王進士;陳亭妃;李鴻鈞;陳碧涵;林德福;蕭美琴;邱議瑩;賴振昌;江惠貞;盧秀燕;吳育昇;賴士葆;廖正井;邱文彥;周倪安;邱志偉;徐少萍;蔣乃辛;陳怡潔;王惠美;徐欣瑩;蘇清泉;陳明文;張慶忠;黃昭順;葉津鈴;楊瓊瓔;盧嘉辰;王廷升;呂學樟;潘維剛;高金素梅;姚文智;鄭汝芬;許添財,
103/10/06,紅樓301會議室,外交及國防委員會,無,立法院第8屆第6會期外交及國防委員會第7次全體委員會議,邀請外交部部長、經濟部部長率國際貿易局局長、國家發展委員會報告「一、政府推動經貿外交的策略規劃、預算編列、執行成果及各駐外館處在推動對外經貿工作時的相關策略、資源統整運用與人力配置的檢討與策進作為。二、我國與巴拿馬雙邊關係檢討與展望」，並備質詢。,陳歐珀;林郁方;李桐豪;蔡煌瑯;蕭美琴;陳鎮湘;江啟臣;陳唐山;邱志偉;楊應雄;詹凱臣;盧嘉辰;黃偉哲;吳育昇;盧秀燕;賴振昌;江惠貞;許添財;陳亭妃;羅淑蕾;賴士葆;林德福;邱文彥;周倪安;楊麗環;王惠美;陳怡潔;王進士;蔣乃辛;管碧玲;徐欣瑩;蘇清泉;陳明文;黃昭順;葉津鈴;廖國棟;呂學樟;楊瓊瓔;潘維剛;高金素梅;廖正井,
103/10/06,群賢樓101會議室,教育及文化委員會,無,立法院第8屆第6會期教育及文化委員會第6次全體委員會議, 繼續併案審查行政院函請審議「學生輔導法草案」、委員賴士葆等26人擬具「學生輔導法草案」、委員盧嘉辰等17人擬具「學生輔導法草案」案（已詢答完畢）。,,
103/10/06,九樓大禮堂,財政委員會,教育及文化委員會,立法院第8屆第6會期財政、教育及文化委員會第1次聯席會議,審查「中華民國102年度中央政府總決算審核報告（含附屬單位決算及綜計表）案」關於中央研究院、文化部主管、國立故宮博物院、教育部主管、國家科學委員會主管、原子能委員會主管（均含附屬單位決算營業及非營業特種基金部分）、行政院國家科學技術發展基金暨政府捐助成立財團法人等部分。,許添財;吳秉叡;林德福;陳亭妃;羅淑蕾;盧秀燕;費鴻泰;管碧玲;賴士葆;蔣乃辛;吳育仁;薛凌;李應元;曾巨威;周倪安;蔡錦隆;廖正井;何欣純;陳淑慧;陳碧涵;王育敏;許智傑;江惠貞;孫大千;翁重鈞;李桐豪;黃偉哲;吳育昇;蕭美琴;盧嘉辰;陳鎮湘;廖國棟;江啟臣;陳節如;簡東明;徐欣瑩;楊麗環;賴振昌;陳其邁;蘇清泉;潘維剛;邱志偉;王惠美;陳怡潔;高金素梅;葉津鈴;陳明文;楊瓊瓔;呂學樟;鄭麗君;陳歐珀;黃志雄;趙天麟;姚文智;邱文彥;鄭汝芬;尤美女,
103/10/06,紅樓302會議室,司法及法制委員會,經濟委員會,立法院第8屆第6會期司法及法制、經濟委員會第1次聯席會議,繼續併案審查（一）行政院函請審議「農田水利會組織通則修正草案」、（二）委員劉櫂豪等23人擬具「農田水利會組織通則第十九條之一條文修正草案」及（三）委員黃偉哲等18人擬具「農田水利會組織通則第十五條之一、第十七條及第十九條之一條文修正草案」案。,,
103/10/06,紅樓302會議室,司法及法制委員會,無,立法院第8屆第6會期司法及法制委員會第5次全體委員會議,併案審查（一）委員廖正井等38人擬具「刑事訴訟法第四百二十條條文修正草案」及（二）委員吳育昇等16人擬具「刑事訴訟法第四百二十條條文修正草案」案。,廖正井;呂學樟;柯建銘;林鴻池;盧嘉辰;尤美女;黃偉哲;吳育昇;蕭美琴;盧秀燕;賴振昌;江惠貞;陳亭妃;許添財;羅淑蕾;賴士葆;林德福;陳鎮湘;簡東明;邱文彥;楊麗環;周倪安;王惠美;邱志偉;王進士;蔣乃辛;陳怡潔;管碧玲;徐欣瑩;蘇清泉;陳明文;黃昭順;葉津鈴;廖國棟;楊瓊瓔;潘維剛;高金素梅;王廷升;陳歐珀;高志鵬;顏寬恒;尤美女,
103/10/06,群賢樓801會議室,社會福利及衛生環境委員會,無,立法院第8屆第6會期社會福利及衛生環境委員會第6次全體委員會議,（下午） 帳清則食清：邀請衛生福利部邱部長文達、財政部部長、法務部次長就「如何防堵黑心食品廠商利用現行個人資料保護法、關稅法等法規延誤、逃避稽查，提出因應之道與修法方向，及針對食品廠利用廢油管道進口油脂提出調查報告說明」列席報告，並備質詢。並邀請經濟部次長、經濟部工業局局長、行政院環境保護署副署長、行政院農業委員會副主任委員、財政部關務署署長、財政部財政資訊中心主任就「劣質油流向或追蹤或管理問題」列席備詢。,吳育仁;楊曜;劉建國;江惠貞;王育敏;林淑芬;陳節如;陳其邁;徐少萍;尤美女;蔡錦隆,
103/10/06,紅樓101會議室,經濟委員會,無,立法院第8屆第6會期經濟委員會第4次全體委員會議,一、審查行政院函請審議「中小企業發展條例第三十六條之二條文修正草案」案。二、審查本院委員李昆澤等17人擬具「中小企業發展條例部分條文修正草案」案。（10月6日、8日、9日三天一次會）,林岱樺;丁守中;黃偉哲;李慶華;廖國棟;王惠美;陳怡潔;蘇震清;葉津鈴;陳明文;黃昭順;楊瓊瓔;鄭汝芬;吳秉叡;陳亭妃;許添財;李桐豪;吳育昇;陳歐珀;李昆澤;賴士葆;廖正井;盧嘉辰;邱議瑩;賴振昌;陳碧涵;江惠貞;盧秀燕;羅淑蕾;簡東明;蕭美琴;邱文彥;葉宜津;江啟臣;周倪安;徐少萍;楊麗環;徐欣瑩;薛凌;蔣乃辛;蘇清泉;蔡錦隆;管碧玲;翁重鈞;何欣純;孫大千;呂學樟;王進士;潘維剛;姚文智;高金素梅;林德福,
103/10/06,紅樓202會議室,內政委員會,無,立法院第8屆第6會期內政委員會第7次全體委員會議,邀請行政院海岸巡防署署長王進旺率同所屬列席報告業務概況，並備質詢。,盧嘉辰;段宜康;吳育昇;李俊俋;紀國棟;江啟臣;周倪安;陳其邁;姚文智;鄭天財(Sra．Kacaw);邱議瑩;黃偉哲;李桐豪;陳超明;陳歐珀;陳亭妃;許添財;羅淑蕾;林德福;蕭美琴;陳碧涵;賴振昌;江惠貞;盧秀燕;潘維剛;賴士葆;簡東明;葉宜津;楊麗環;邱志偉;陳怡潔;王進士;蔣乃辛;王惠美;徐欣瑩;管碧玲;蘇清泉;陳明文;張慶忠;黃昭順;葉津鈴;楊瓊瓔;廖國棟;呂學樟;廖正井;高金素梅;陳鎮湘;鄭汝芬;邱文彥,
103/10/06,群賢樓801會議室,社會福利及衛生環境委員會,無,立法院第8屆第6會期社會福利及衛生環境委員會第6次全體委員會議,（上午） 一、併案審查本院親民黨黨團、委員羅淑蕾等20人分別擬具「全民健康保險法第九條、第十條及第二十七條條文修正草案」、委員丁守中等20人擬具「全民健康保險法第九條條文修正草案」、委員陳其邁等21人擬具「全民健康保險法第二十七條條文修正草案」等4案。 二、審查人民請願案2案。,王育敏;陳節如;江惠貞;徐少萍;田秋堇;蘇清泉;蔡錦隆;吳育仁;廖國棟;許添財;楊曜;林淑芬;盧秀燕;鄭汝芬;陳其邁;趙天麟;費鴻泰;羅淑蕾;賴振昌;賴士葆;盧嘉辰;廖正井;黃偉哲;李桐豪;吳育昇;邱文彥;蕭美琴;江啟臣;徐欣瑩;周倪安;簡東明;蔣乃辛;楊麗環;李昆澤;薛凌;管碧玲;王惠美;陳怡潔;邱志偉;葉津鈴;陳明文;何欣純;楊瓊瓔;潘維剛;呂學樟;丁守中;高金素梅;陳歐珀;林德福;陳亭妃;吳秉叡;劉建國,
103/10/07,紅樓201會議室,程序委員會,無,第8屆第6會期程序委員會第5次會議,審定本院第8屆第6會期第5次會議議事日程,,
103/10/08,紅樓302會議室,,無,立法院第8屆第6會期司法及法制委員會第6次全體委員會議,審查104年度中央政府總預算案關於法務部及所屬主管收支部分。（10月8日、9日兩天一次會）,高志鵬;廖正井;柯建銘;呂學樟;林鴻池;李俊俋;陳明文;尤美女;曾巨威;周倪安;黃偉哲;薛凌;黃昭順;邱志偉;許添財;鄭天財(Sra．Kacaw);吳育仁;盧秀燕;李桐豪;林德福;廖國棟;賴振昌;邱文彥;吳育昇;蔣乃辛;簡東明;林滄敏;陳亭妃;楊瓊瓔;葉津鈴;蘇清泉;潘維剛;徐欣瑩;蕭美琴;陳歐珀;高金素梅;賴士葆;王廷升,
103/10/08,紅樓202會議室,內政委員會,無,立法院第8屆第6會期內政委員會第8次全體委員會議,一、審查104年度中央政府總預算案關於內政部主管收支部分。二、審查104年度中央政府總預算案關於內政部營建署及所屬、建築研究所主管收支部分。三、審查104年度中央政府總預算案（含附屬單位預算及綜計表─非營業部分）關於內政部主管「營建建設基金」、「中央都市更新基金」收支部分。四、審查104年度中央政府總預算案（含附屬單位預算及綜計表─非營業部分）關於內政部主管「黃瑞景先生獎學基金」、「胡原洲女士獎(助)學基金」、「警察及消防人員安全濟助基金」、「內政部空勤三勇士子女生活照顧基金」收支部分。五、審查104年度財團法人預算案關於內政部函送「財團法人二二八事件紀念基金會」、「財團法人台灣建築中心」、「財團法人臺灣營建研究院」、「財團法人國土規劃及不動產資訊中心」、「財團法人中央營建技術顧問研究社」預算書案。,段宜康;盧嘉辰;周倪安;邱議瑩;鄭天財(Sra．Kacaw);邱文彥;吳育昇;陳超明;李俊俋;陳其邁;紀國棟;陳節如;林德福;姚文智;薛凌;廖正井;黃昭順;陳亭妃;陳明文;蕭美琴;邱志偉;吳育仁;江啟臣;鄭汝芬;李桐豪;廖國棟;盧秀燕;賴振昌;黃偉哲;蔣乃辛;簡東明;許添財;楊瓊瓔;葉津鈴;蘇清泉;呂學樟;潘維剛;陳怡潔;林滄敏;張慶忠;高金素梅;羅明才;呂玉玲;陳歐珀;賴士葆,
103/10/08,紅樓101會議室,經濟委員會,無,立法院第8屆第6會期經濟委員會第4次全體委員會議,審查104年度中央政府總預算案關於行政院農業委員會及所屬單位預算部分。（詢答）（10月6日、8日、9日三天一次會）,林岱樺;陳明文;丁守中;葉津鈴;廖國棟;李慶華;黃昭順;陳怡潔;黃偉哲;楊瓊瓔;蘇震清;王惠美;周倪安;吳育仁;江啟臣;吳秉叡;許添財;鄭天財(Sra．Kacaw);盧嘉辰;林德福;廖正井;羅淑蕾;蕭美琴;賴士葆;薛凌;陳歐珀;李桐豪;鄭汝芬;邱志偉;盧秀燕;葉宜津;簡東明;賴振昌;蔣乃辛;田秋堇;吳育昇;林滄敏;陳亭妃;蘇清泉;呂學樟;何欣純;高金素梅;羅明才;邱文彥,
103/10/08,群賢樓101會議室,教育及文化委員會,無,立法院第8屆第6會期教育及文化委員會第7次全體委員會議, （星期三）一、審查行政院原子能委員會及所屬單位104年度預算(僅進行詢答；相關提案請於10月8日下午17時前提出)。二、審查行政院原子能委員會主管103年度「核子事故緊急應變基金」附屬單位預算（相關提案請於10月8日中午12時前提出)。三、處理行政院原子能委員會103年度預算解凍案。（10月8日及10月9日2天一次會),蔣乃辛;鄭麗君;陳亭妃;許智傑;陳碧涵;黃志雄;陳淑慧;何欣純;陳歐珀;田秋堇;蔡錦隆;吳育仁;林德福;江啟臣;羅淑蕾;盧秀燕;黃偉哲;賴振昌;周倪安;廖正井;邱文彥;蕭美琴;薛凌;黃昭順;許添財;邱志偉;李桐豪;鄭天財(Sra．Kacaw);簡東明;吳秉叡;吳育昇;楊瓊瓔;賴士葆;葉津鈴;林滄敏;蘇清泉;孫大千;呂學樟;徐欣瑩;陳學聖;廖國棟;高金素梅;羅明才;潘維剛;呂玉玲,
103/10/08,群賢樓801會議室,社會福利及衛生環境委員會,無,立法院第8屆第6會期社會福利及衛生環境委員會第7次全體委員會議,（10月8日） 一、併案審查行政院函請審議「食品安全衛生管理法部分條文修正草案」、本院委員呂玉玲等19人、陳亭妃等21人、委員劉建國等20人、委員田秋堇等25人、民進黨黨團分別擬具「食品安全衛生管理法部分條文修正草案」、委員孫大千等22人擬具「食品安全衛生管理法第十五條條文修正草案」、委員江惠貞等18人擬具「食品安全衛生管理法第七條條文修正草案」、委員劉建國等20人擬具「食品安全衛生管理法第三十五條條文修正草案」、委員陳亭妃等17人擬具「食品安全衛生管理法第十三條條文修正草案」、委員蔣乃辛等17人擬具「食品安全衛生管理法第二十二條條文修正草案」等11案。 二、審查人民請願案2案,吳育仁;蘇清泉;田秋堇;陳節如;王育敏;徐少萍;劉建國;楊曜;江惠貞;蔡錦隆;許添財;鄭汝芬;趙天麟;羅淑蕾;廖國棟;林淑芬;黃偉哲;盧秀燕;黃昭順;廖正井;邱文彥;周倪安;鄭天財(Sra．Kacaw);邱志偉;李桐豪;蔣乃辛;簡東明;吳育昇;陳亭妃;林滄敏;楊瓊瓔;葉津鈴;潘維剛;呂學樟;何欣純;林德福;賴士葆;薛凌;高金素梅;賴振昌;呂玉玲;羅明才;王廷升;陳歐珀;徐欣瑩;吳秉叡,
103/10/08,紅樓301會議室,外交及國防委員會,無,立法院第8屆第6會期外交及國防委員會第8次全體委員會議,邀請國家安全局局長、外交部領事事務局局長、內政部部長率警政署署長及入出國及移民署署長、財政部部長率關務署署長、衛生福利部部長、行政院農業委員會動植物防疫檢疫局局長報告「現行國境（機場、港口）安全管理（證照查驗、行李安檢、防檢疫、海關業務）人力、預算、設備之檢討及如何強化國境安全管理的策進作為」，並備質詢。〈10月8日、9日二天一次會〉,陳鎮湘;陳歐珀;蔡煌瑯;江啟臣;蕭美琴;林郁方;邱志偉;李桐豪;簡東明;陳唐山;馬文君;廖正井;陳明文;黃偉哲;周倪安;賴士葆;薛凌;陳亭妃;黃昭順;吳育仁;盧秀燕;鄭天財(Sra．Kacaw);林德福;廖國棟;賴振昌;邱文彥;吳育昇;蔣乃辛;林滄敏;許添財;楊瓊瓔;葉津鈴;蘇清泉;呂學樟;潘維剛;詹凱臣;高金素梅,
103/10/08,九樓大禮堂,財政委員會,無,立法院第8屆第6會期財政委員會第5次全體委員會議,審查中華民國104年度中央政府總預算案有關主計總處。審計部、審計部臺北市審計處、審計部新北市審計處、審計部桃園市審計處、審計部臺中市審計處、審計部臺南市審計處、審計部高雄市審計處部分。(10月8日及9日兩天一次會),許添財;吳秉叡;林德福;賴士葆;盧秀燕;薛凌;賴振昌;費鴻泰;孫大千;羅明才;羅淑蕾;吳育仁;陳歐珀;黃偉哲;廖正井;周倪安;邱文彥;黃昭順;邱志偉;鄭天財(Sra．Kacaw);李桐豪;蔣乃辛;簡東明;吳育昇;陳亭妃;林滄敏;楊瓊瓔;葉津鈴;蘇清泉;潘維剛;呂學樟;高金素梅;廖國棟;曾巨威,
103/10/09,九樓大禮堂,教育及文化委員會,無,立法院第8屆第6會期教育及文化委員會第7次全體委員會議,(星期四）審查教育部及所屬單位104年度預算(僅進行詢答；相關提案請於10月9日下午17時前提出)。(10月8日及10月9日2天一次會),孔文吉;陳碧涵;蔣乃辛;陳亭妃;潘維剛;陳淑慧;何欣純;鄭麗君;邱文彥;江啟臣;陳節如;陳歐珀;呂玉玲;周倪安;王廷升;賴振昌;李桐豪;鄭天財(Sra．Kacaw);黃偉哲;管碧玲;邱志偉;羅淑蕾;姚文智;楊麗環;黃志雄,
103/10/09,紅樓201會議室,交通委員會,無,立法院第8屆第6會期交通委員會第4次全體委員會議,審查104年度中央政府總預算案有關交通部本部單位預算（報告及詢答）。（10月6日及10月9日二天一次會）,李昆澤;陳根德;管碧玲;羅淑蕾;楊麗環;李鴻鈞;葉宜津;林國正;蔡其昌;黃偉哲;鄭汝芬;周倪安;孔文吉;陳歐珀;陳碧涵;江啟臣;李桐豪;蕭美琴;鄭天財(Sra．Kacaw);賴振昌;邱文彥;蔣乃辛;陳明文;陳亭妃;邱志偉;何欣純;王進士;王廷升,
103/10/09,紅樓202會議室,內政委員會,無,立法院第8屆第6會期內政委員會第8次全體委員會議,一、審查104年度中央政府總預算案關於內政部主管收支部分。二、審查104年度中央政府總預算案關於內政部營建署及所屬、建築研究所主管收支部分。三、審查104年度中央政府總預算案（含附屬單位預算及綜計表─非營業部分）關於內政部主管「營建建設基金」、「中央都市更新基金」收支部分。四、審查104年度中央政府總預算案（含附屬單位預算及綜計表─非營業部分）關於內政部主管「黃瑞景先生獎學基金」、「胡原洲女士獎(助)學基金」、「警察及消防人員安全濟助基金」、「內政部空勤三勇士子女生活照顧基金」收支部分。五、審查104年度財團法人預算案關於內政部函送「財團法人二二八事件紀念基金會」、「財團法人台灣建築中心」、「財團法人臺灣營建研究院」、「財團法人國土規劃及不動產資訊中心」、「財團法人中央營建技術顧問研究社」預算書案。 ,,
103/10/09,紅樓101會議室,經濟委員會,無,立法院第8屆第6會期經濟委員會第4次全體委員會議,審查104年度中央政府總預算案關於公平交易委員會單位預算部分。（詢答）（10月6日、8日、9日三天一次會）,丁守中;黃偉哲;廖國棟;葉津鈴;陳怡潔;陳明文;蘇震清;張嘉郡;蕭美琴;賴振昌;李昆澤;孔文吉;周倪安;楊麗環;羅淑蕾;管碧玲;李桐豪;陳歐珀;江啟臣;葉宜津;鄭天財(Sra．Kacaw);蔣乃辛;蔡錦隆;陳亭妃;邱志偉;陳淑慧;何欣純;楊瓊瓔;邱文彥,
103/10/09,群賢樓801會議室,社會福利及衛生環境委員會,無,立法院第8屆第6會期社會福利及衛生環境委員會第7次全體委員會議,（10月9日）繼續併案審查行政院函請審議「食品安全衛生管理法部分條文修正草案」、本院委員呂玉玲等19人、陳亭妃等21人、委員劉建國等20人、委員田秋堇等25人、民進黨黨團分別擬具「食品安全衛生管理法部分條文修正草案」、委員孫大千等22人擬具「食品安全衛生管理法第十五條條文修正草案」、委員江惠貞等18人擬具「食品安全衛生管理法第七條條文修正草案」、委員劉建國等20人擬具「食品安全衛生管理法第三十五條條文修正草案」、委員陳亭妃等17人擬具「食品安全衛生管理法第十三條條文修正草案」、委員蔣乃辛等17人擬具「食品安全衛生管理法第二十二條條文修正草案」等11案。,蔡錦隆;王育敏;江惠貞;田秋堇;陳節如;蘇清泉;林淑芬;鄭汝芬,
103/10/09,紅樓302會議室,司法及法制委員會,無,立法院第8屆第6會期司法及法制委員會第6次全體委員會議,審查104年度中央政府總預算案關於法務部及所屬主管收支部分。（10月8日、9日兩天一次會）,,
103/10/09,紅樓301會議室,外交及國防委員會,無,立法院第8屆第6會期外交及國防委員會第8次全體委員會議,邀請國軍退除役官兵輔導委員會主任委員率台北榮民總醫院院長、台中榮民總醫院院長、高雄榮民總醫院院長及相關主管報告「各榮民醫院之競爭力、經營績效、相關業務執行情形與近年來重大研究成果、人才培育方案及如何提升護理人員工作環境與待遇福利」，並備質詢。〈10月8日、9日二天一次會〉,蕭美琴;陳鎮湘;蔡煌瑯;陳歐珀;李桐豪;江啟臣;陳唐山;鄭汝芬;林郁方;羅淑蕾;管碧玲;黃偉哲;楊瓊瓔;孔文吉;周倪安;賴振昌;邱文彥;蔣乃辛;邱志偉;王進士;馬文君;陳亭妃,
103/10/09,九樓大禮堂,財政委員會,無,立法院第8屆第6會期財政委員會第5次全體委員會議,繼續審查中華民國104年度中央政府總預算案有關主計總處。審計部、審計部臺北市審計處、審計部新北市審計處、審計部桃園市審計處、審計部臺中市審計處、審計部臺南市審計處、審計部高雄市審計處未審結部分。(10月8日及9日兩天一次會),,
103/10/13,紅樓202會議室,內政委員會,無,立法院第8屆第6會期內政委員會第9次全體委員會議,邀請蒙藏委員會委員長蔡玉玲率同所屬列席報告業務概況，並備質詢（下午）。,段宜康;紀國棟;盧嘉辰;鄭天財(Sra．Kacaw);李俊俋;邱文彥;姚文智;陳其邁;陳碧涵;許智傑;孔文吉;周倪安,
103/10/13,群賢樓801會議室,社會福利及衛生環境委員會,無,立法院第8屆第6會期社會福利及衛生環境委員會第8次全體委員會議(議程更新),繼續併案審查行政院函請審議「食品安全衛生管理法部分條文修正草案」、本院委員呂玉玲等19人、委員陳亭妃等21人、委員劉建國等20人、委員田秋堇等25人、民進黨黨團分別擬具「食品安全衛生管理法部分條文修正草案」、委員孫大千等22人擬具「食品安全衛生管理法第十五條條文修正草案」、委員江惠貞等18人擬具「食品安全衛生管理法第七條條文修正草案」、委員劉建國等20人擬具「食品安全衛生管理法第三十五條條文修正草案」、委員陳亭妃等17人擬具「食品安全衛生管理法第十三條條文修正草案」、委員蔣乃辛等17人擬具「食品安全衛生管理法第二十二條條文修正草案」等11案。,,
103/10/13,紅樓101會議室,經濟委員會,無,立法院第8屆第6會期經濟委員會第5次全體委員會議,一、審查104年度中央政府總預算案行政院歲入預算有關行政院國家發展基金折減基金繳庫及賸餘繳庫部分暨國家發展委員會及所屬單位預算部分。（詢答）二、繼續審查103年度中央政府總預算案附屬單位預算非營業部分關於經濟部主管：核能發電後端營運基金。（處理）（10月13日、15日、16日三天一次會） ,丁守中;林岱樺;楊瓊瓔;黃偉哲;黃昭順;陳怡潔;王惠美;葉津鈴;陳明文;蘇震清;廖國棟;張嘉郡;吳秉叡;許添財;林德福;邱文彥;賴士葆;薛凌;李昆澤;楊麗環;盧秀燕;羅淑蕾;賴振昌;李桐豪;陳碧涵;盧嘉辰;吳育昇;江啟臣;陳淑慧;蘇清泉;孔文吉;陳亭妃;周倪安;管碧玲;何欣純;羅明才;潘維剛;鄭麗君;呂學樟;姚文智;田秋堇;呂玉玲;徐欣瑩;高金素梅;廖正井;邱志偉,
103/10/13,紅樓202會議室,內政委員會,無,立法院第8屆第6會期內政委員會第9次全體委員會議,邀請客家委員會主任委員劉慶中率同所屬列席報告業務概況，並備質詢（上午）。,盧嘉辰;段宜康;邱文彥;江啟臣;邱議瑩;周倪安;李俊俋;姚文智;陳明文;紀國棟;陳碧涵;楊麗環;黃偉哲;廖正井;許添財;羅淑蕾;林德福;李桐豪;盧秀燕;賴振昌;賴士葆;黃昭順;廖國棟;陳淑慧;吳育昇;邱志偉;管碧玲;王惠美;陳亭妃;蔡其昌;葉津鈴;蘇清泉;陳其邁;楊瓊瓔;葉宜津;何欣純;潘維剛;張慶忠;羅明才;呂學樟;陳怡潔;王廷升;王進士;呂玉玲;徐欣瑩;高金素梅;張嘉郡;鄭天財(Sra．Kacaw),
103/10/13,紅樓302會議室,,無,立法院第8屆第6會期司法及法制委員會第7次全體委員會議,一、邀請監察院秘書長說明立法計畫。二、處理中華民國103年度中央政府總預算案關於監察院預算凍結項目共4案。三、邀請監察院就調查黨產案意見「行政院應確實澈底清理，依法處理」派員說明；並邀請行政院主計總處主計長、財政部次長、財政部國有財產署署長、內政部次長就「行政院及各級機關將其所管有之公有財產贈與、轉帳撥用或撥歸予社團法人中國國民黨所有或經營（黨產）案」之後續清理及處理情形，進行專題報告，並備質詢。（10月13日、15日兩天一次會）,柯建銘;廖正井;林鴻池;呂學樟;尤美女;段宜康;羅淑蕾;盧嘉辰;黃偉哲;許添財;盧秀燕;賴振昌;賴士葆;林德福;廖國棟;邱文彥;李桐豪;楊麗環;黃昭順;吳育昇;陳淑慧;江啟臣;陳唐山;王惠美;陳亭妃;葉津鈴;蘇清泉;管碧玲;陳明文;楊瓊瓔;邱志偉;潘維剛;羅明才;陳怡潔;王進士;呂玉玲;高金素梅;姚文智;張嘉郡;周倪安,
103/10/13,紅樓201會議室,交通委員會,無,立法院第8屆第6會期交通委員會第5次全體委員會議,一、邀請飛航安全調查委員會主任委員張有恆列席報告業務概況，並備質詢。 二、審查104年度中央政府總預算案關於飛航安全調查委員會單位預算。 三、處理103年度中央政府總預算關於飛航安全調查委員會單位預算動支案2案。(以上3案本日詢答及處理)(10月13及10月15二天一次會),李昆澤;楊麗環;羅淑蕾;管碧玲;蔡其昌;葉宜津;李鴻鈞;王進士;盧嘉辰;黃偉哲;廖正井;陳碧涵;許添財;林德福;邱文彥;李桐豪;盧秀燕;賴振昌;賴士葆;黃昭順;廖國棟;吳育昇;陳淑慧;江啟臣;邱志偉;邱議瑩;王惠美;陳亭妃;蘇清泉;葉津鈴;陳明文;楊瓊瓔;周倪安;何欣純;潘維剛;張慶忠;羅明才;呂學樟;陳怡潔;姚文智;王廷升;呂玉玲;徐欣瑩;高金素梅;張嘉郡,
103/10/13,九樓大禮堂,財政委員會,無,立法院第8屆第6會期財政委員會第6次全體委員會議,審查中華民國104年度中央政府總預算案有關金融監督管理委員會、銀行局、證券期貨局、保險局、檢查局部分及審查中華民國104年度中央政府總預算案附屬單位預算非營業部分有關特別收入基金-金融監督管理基金部分。(10月13日、15日及16日三天一次會),許添財;吳秉叡;林德福;賴士葆;盧秀燕;薛凌;賴振昌;費鴻泰;李應元;李桐豪;曾巨威;羅明才;楊瓊瓔;周倪安;羅淑蕾;段宜康;盧嘉辰;黃偉哲;邱文彥;黃昭順;吳育昇;陳淑慧;王惠美;江啟臣;廖國棟;葉津鈴;蘇清泉;邱志偉;楊麗環;管碧玲;潘維剛;陳明文;陳亭妃;呂學樟;呂玉玲;陳怡潔;姚文智;吳育仁;林淑芬;高金素梅;徐欣瑩;廖正井,
103/10/13,群賢樓101會議室,教育及文化委員會,無,立法院第8屆第6會期教育及文化委員會第8次全體委員會議,審查文化部及所屬單位104年度預算。(僅進行詢答；相關提案請於10月20日下午17時前提出)。(10月13日及10月15日2天一次會),陳碧涵;陳淑慧;蔣乃辛;陳亭妃;許智傑;潘維剛;何欣純;鄭麗君;呂玉玲;黃志雄;李桐豪;邱文彥;邱志偉;陳學聖;陳鎮湘;管碧玲;楊玉欣;賴振昌;李昆澤;廖正井;黃偉哲;楊麗環;羅淑蕾;盧嘉辰;黃昭順;許添財;吳育昇;王惠美;薛凌;葉津鈴;蘇清泉;吳秉叡;江啟臣;楊瓊瓔;陳明文;周倪安;羅明才;盧秀燕;呂學樟;姚文智;賴士葆;吳育仁;陳怡潔;高金素梅;鄭汝芬;廖國棟;林德福,
103/10/14,紅樓201會議室,程序委員會,無,第8屆第6會期程序委員會第6次會議,審定本院第8屆第6會期第6次會議議事日程,,
103/10/15,紅樓301會議室,外交及國防委員會,無,立法院第8屆第6會期外交及國防委員會第9次全體委員會議,下午：審查104年度中央政府總預算案關於國家安全局收支部分(含公開及機密預算部分) 。【報告秘密，詢答（先秘密、後公開）】,江啟臣;蕭美琴;馬文君;李桐豪;陳歐珀;林郁方;簡東明;邱志偉;陳鎮湘;陳唐山,
103/10/15,群賢樓101會議室,教育及文化委員會,無,立法院第8屆第6會期教育及文化委員會第8次全體委員會議,一、併案審查行政院函請審議「高級中等以下教育階段非學校型態實驗教育實施條例草案」、委員黃志雄等18人擬具「實驗教育實施條例草案」、委員林佳龍等29人擬具「機構實驗教育實施條例草案」、委員林佳龍等31人擬具「家長自主教育條例草案」案。二、併案審查行政院函請審議「學校型態實驗教育實施條例草案」、委員蔡其昌等22人擬具「學校型態實驗教育實施條例草案」案。三、審查行政院函請審議「公立國民小學及國民中學委託私人辦理條例草案」案。四、審查委員林佳龍等32人擬具「公辦民營實驗教育學校實施條例草案」案。(10月13日及10月15日2天一次會),陳碧涵;孔文吉;林佳龍;蔣乃辛;陳亭妃;何欣純;許智傑;鄭麗君;陳淑慧;黃志雄;潘維剛;陳學聖;呂玉玲;吳育仁;林岱樺;林德福;薛凌;賴振昌;江啟臣;吳秉叡;賴士葆;盧秀燕;李昆澤;黃昭順;陳明文;楊應雄;李桐豪;許添財;李貴敏;廖正井;黃偉哲;羅淑蕾;管碧玲;邱文彥;鄭天財(Sra．Kacaw);吳育昇;陳歐珀;周倪安;蕭美琴;楊麗環;簡東明;蔡錦隆;邱志偉;江惠貞;葉津鈴;呂學樟,
103/10/15,群賢樓801會議室,社會福利及衛生環境委員會,無,立法院第8屆第6會期社會福利及衛生環境委員會第9次全體委員會議(議程更新),繼續併案審查行政院函請審議「食品安全衛生管理法部分條文修正草案」、本院委員呂玉玲等19人、委員陳亭妃等21人、委員劉建國等22人、委員田秋堇等26人、民進黨黨團、委員李慶華等16人、委員葉津鈴等16人、台灣團結聯盟黨團分別擬具「食品安全衛生管理法部分條文修正草案」、委員孫大千等22人擬具「食品安全衛生管理法第十五條條文修正草案」、委員江惠貞等18人擬具「食品安全衛生管理法第七條條文修正草案」、委員劉建國等20人擬具「食品安全衛生管理法第三十五條條文修正草案」、委員陳亭妃等17人擬具「食品安全衛生管理法第十三條條文修正草案」、委員蔣乃辛等17人擬具「食品安全衛生管理法第二十二條條文修正草案」、委員王惠美等21人擬具「食品安全衛生管理法第四十四條條文修正草案」、委員李貴敏等32人擬具「食品安全衛生管理法增訂第四十九條之二條文草案」、委員鄭汝芬等16人擬具「食品安全衛生管理法第四十四條及第六十條文修正草案」、委員林淑芬等17人擬具「食品安全衛生管理法第十條及第四十九條文修正草案」等18案。,,
103/10/15,紅樓101會議室,經濟委員會,無,立法院第8屆第6會期經濟委員會第5次全體委員會議,一、審查104年度中央政府總預算案關於經濟部及所屬單位預算部分。（詢答）二、（一）審查經濟部函為修正「大陸地區人民來臺投資許可辦法」第八條、第九條及第十一條條文，請  查照乙案。（二）審查經濟部函為中華民國102年11月14日修正發布之「大陸地區人民來臺投資許可辦法」，除第八條第二項外，定自102年11月14日施行，請  查照乙案。（10月13日、15日、16日三天一次會） ,丁守中;黃偉哲;林岱樺;李慶華;陳明文;黃昭順;陳怡潔;王惠美;蘇震清;葉津鈴;廖國棟;鄭天財(Sra．Kacaw);江啟臣;張嘉郡;陳歐珀;周倪安;吳秉叡;吳育仁;賴士葆;羅明才;李昆澤;廖正井;李貴敏;賴振昌;羅淑蕾;管碧玲;盧秀燕;孔文吉;吳育昇;陳碧涵;邱文彥;薛凌;蕭美琴;蔣乃辛;楊麗環;葉宜津;簡東明;何欣純;蔡錦隆;江惠貞;陳亭妃;鄭麗君;呂學樟;潘維剛;林德福;楊應雄;陳淑慧;李桐豪,
103/10/15,九樓大禮堂,財政委員會,無,立法院第8屆第6會期財政委員會第6次全體委員會議,邀請金融監督管理委員會曾主任委員及財政部張部長率同國營金融機構董事長、總經理及公私合營金融機構公股代表就「本國銀行對中國曝險及對中資企業授信情況」作專題報告，並備質詢。(10月13日、15日及16日三天一次會),許添財;吳秉叡;林德福;李應元;賴士葆;盧秀燕;薛凌;賴振昌;費鴻泰;孫大千;吳育仁;陳碧涵;李貴敏;羅淑蕾;周倪安;李桐豪;陳明文;楊應雄;鄭天財(Sra．Kacaw);黃昭順;廖正井;吳育昇;黃偉哲;陳歐珀;邱文彥;管碧玲;蔣乃辛;楊麗環;王惠美;簡東明;邱志偉;陳亭妃;江惠貞;葉津鈴;呂學樟;潘維剛;林淑芬;呂玉玲;陳淑慧;羅明才,
103/10/15,紅樓201會議室,交通委員會,無,立法院第8屆第6會期交通委員會第5次全體委員會議,一、審查104年度中央政府總預算案關於交通部民用航空局單位預算。二、審查104年度中央政府總預算案附屬單位預算非營業部分關於交通部主管交通作業基金－民航事業作業基金分預算。(以上合併詢答，分開處理)(10月13日及10月15日二天一次會),李昆澤;羅淑蕾;葉宜津;楊麗環;管碧玲;林國正;蔡其昌;李鴻鈞;王進士;黃偉哲;黃昭順;鄭天財(Sra．Kacaw);楊應雄;許添財;陳明文;廖正井;李桐豪;江啟臣;吳育昇;陳歐珀;周倪安;賴振昌;孔文吉;陳碧涵;盧秀燕;賴士葆;邱文彥;蔣乃辛;蕭美琴;王惠美;邱志偉;何欣純;簡東明;江惠貞;陳亭妃;葉津鈴;呂學樟;潘維剛;張慶忠;李貴敏;王廷升,
103/10/15,紅樓301會議室,外交及國防委員會,無,立法院第8屆第6會期外交及國防委員會第9次全體委員會議,上午：邀請國家安全局局長、國防部部長、衛生福利部部長、經濟部部長、教育部部長、法務部部長率調查局局長、財政部部長率關務署署長、行政院農業委員會主任委員、內政部警政署署長、行政院環境保護署署長報告「近日頂新集團所引發之食安問題對我國國家安全之影響評估、如何有效整合各部會行政資源及建立完整因應機制以有效解決國內食安問題」，並備質詢。,楊應雄;陳歐珀;江啟臣;蔡煌瑯;林郁方;李桐豪;陳鎮湘;陳唐山;蕭美琴;邱志偉;簡東明;詹凱臣;李貴敏;陳明文;廖正井;羅淑蕾;管碧玲;黃昭順;賴振昌;陳淑慧;鄭天財(Sra．Kacaw);黃偉哲;陳怡潔;盧秀燕;吳育昇;賴士葆;周倪安;孔文吉;陳碧涵;邱文彥;楊麗環;蔣乃辛;王惠美;何欣純;江惠貞;陳亭妃;葉津鈴;呂學樟;潘維剛;許添財;周倪安,
103/10/15,紅樓202會議室,內政委員會,無,立法院第8屆第6會期內政委員會第10次全體委員會議,一、處理103年度中央政府總預算有關內政部及所屬預算凍結項目報告案計27案。 二、繼續處理103年度中央政府總預算有關內政部及所屬預算凍結項目報告案計3案。,段宜康;吳育昇;鄭天財(Sra．Kacaw);周倪安;邱文彥;李俊俋;陳其邁;陳明文;羅淑蕾;紀國棟;黃昭順;黃偉哲;李貴敏;楊應雄;許添財;管碧玲;李桐豪;陳怡潔;廖正井;江啟臣;陳歐珀;賴振昌;孔文吉;盧秀燕;陳碧涵;賴士葆;楊麗環;蔣乃辛;蕭美琴;葉宜津;王惠美;邱志偉;蔡其昌;何欣純;簡東明;江惠貞;陳亭妃;葉津鈴;呂學樟;潘維剛;張慶忠;呂玉玲;陳雪生;盧嘉辰;姚文智,
103/10/15,紅樓302會議室,,無,立法院第8屆第6會期司法及法制委員會第7次全體委員會議,一、邀請行政院人事行政總處人事長報告業務概況，並備質詢。二、邀請行政院人事行政總處人事長、銓敘部部長、行政院主計總處主計長就「政府捐補助20％以上之財團法人首長及主管之薪資待遇、特別費或公關費高於公務機關，與軍公教退休人員再任財團法人持股20％以上之轉投資事業仍享雙薪及優惠存款之爭議檢討及改進措施」進行專題報告，並備質詢。（10月13日、15日兩天一次會）,李貴敏;廖正井;柯建銘;林鴻池;呂學樟;尤美女;管碧玲;陳歐珀;曾巨威;李桐豪;羅淑蕾;葉宜津;黃昭順;鄭天財(Sra．Kacaw);賴振昌;許添財;黃偉哲;吳育昇;賴士葆;盧秀燕;孔文吉;周倪安;陳碧涵;邱文彥;楊麗環;蕭美琴;蔣乃辛;王惠美;邱志偉;何欣純;簡東明;江惠貞;陳亭妃;高志鵬;潘維剛;呂玉玲;王廷升;陳淑慧;陳明文;顏寬恒,
103/10/16,紅樓101會議室,經濟委員會,無,立法院第8屆第6會期經濟委員會第5次全體委員會議,一、審查本院民進黨黨團擬具「飼料管理法部分條文修正草案」案。二、審查本院委員趙天麟等21人擬具「飼料管理法第十條條文修正草案」案。三、審查本院委員徐少萍等26人擬具「飼料管理法第二十六條條文修正草案」案。四、審查本院委員潘維剛等29人擬具「飼料管理法增訂第二十二條之一條文草案」案。五、審查本院委員蘇震清等19人擬具「飼料管理法第二十二條之一及第三十一條條文修正草案」案。六、審查本院委員孫大千等21人擬具「飼料管理法部分條文修正草案」案。（10月13日、15日、16日三天一次會） ,丁守中;黃偉哲;江啟臣;陳怡潔;陳明文;蘇震清;廖國棟;李桐豪;黃昭順;邱文彥;葉津鈴;陳歐珀;賴振昌;周倪安;吳育昇;蕭美琴;管碧玲;邱志偉;吳育仁;蔡錦隆;翁重鈞;馬文君;盧嘉辰;王惠美,
103/10/16,紅樓202會議室,內政委員會,無,立法院第8屆第6會期內政委員會第11次全體委員會議,審查104年度中央政府總預算案關於省市地方政府（臺灣省政府、臺灣省諮議會、福建省政府）主管收支部分。,段宜康;吳育昇;周倪安;邱文彥;盧嘉辰;李俊俋;紀國棟;邱議瑩;黃偉哲;江啟臣;廖正井;姚文智;李桐豪;賴振昌;蕭美琴;陳明文;邱志偉;管碧玲;葉津鈴;馬文君;陳歐珀;陳其邁,
103/10/16,九樓大禮堂,財政委員會,無,立法院第8屆第6會期財政委員會第6次全體委員會議,繼續審查中華民國104年度中央政府總預算案有關金融監督管理委員會、銀行局、證券期貨局、保險局、檢查局部分及審查中華民國104年度中央政府總預算案附屬單位預算非營業部分有關特別收入基金-金融監督管理基金未審結部分。(10月13日、15日及16日三天一次會),,
103/10/16,紅樓302會議室,,無,立法院第8屆第6會期司法及法制委員會,「用平等的心把每一個人擁入憲法的懷抱—同性婚姻及同志收養議題」公聽會,,
103/10/16,紅樓301會議室,外交及國防委員會,無,立法院第8屆第6會期外交及國防委員會第10次全體委員會議,一、邀請外交部部長及所屬報告「104年度施政計畫及預算〈公開及機密〉編列情形」，並備質詢。 二、審查外交部主管「財團法人國際合作發展基金會、財團法人臺灣民主基金會及財團法人太平洋經濟合作理事會中華民國委員會」等103年度預算書案。三、處理外交部103年度中央政府總預算決議凍結案1案 －「外交業務管理」項下「基本行政工作維持」委託舉辦民意調查及就當前外交施政重要議題進行深度研究等委辦經費1447萬元五分之一案。,陳鎮湘;陳歐珀;李桐豪;林郁方;蔡煌瑯;詹凱臣;蕭美琴;陳唐山;邱志偉;邱文彥;江啟臣;楊應雄;周倪安;黃偉哲;吳育昇;馬文君;賴振昌;陳明文;管碧玲;廖正井,
103/10/16,群賢樓801會議室,社會福利及衛生環境委員會,無,立法院第8屆第6會期社會福利及衛生環境委員會第9次全體委員會議(議程更新),繼續併案審查行政院函請審議「食品安全衛生管理法部分條文修正草案」、本院委員呂玉玲等19人、委員陳亭妃等21人、委員劉建國等22人、委員田秋堇等26人、民進黨黨團、委員李慶華等16人、委員葉津鈴等16人、台灣團結聯盟黨團分別擬具「食品安全衛生管理法部分條文修正草案」、委員孫大千等22人擬具「食品安全衛生管理法第十五條條文修正草案」、委員江惠貞等18人擬具「食品安全衛生管理法第七條條文修正草案」、委員劉建國等20人擬具「食品安全衛生管理法第三十五條條文修正草案」、委員陳亭妃等17人擬具「食品安全衛生管理法第十三條條文修正草案」、委員蔣乃辛等17人擬具「食品安全衛生管理法第二十二條條文修正草案」、委員王惠美等21人擬具「食品安全衛生管理法第四十四條條文修正草案」、委員李貴敏等32人擬具「食品安全衛生管理法增訂第四十九條之二條文草案」、委員鄭汝芬等16人擬具「食品安全衛生管理法第四十四條及第六十條文修正草案」、委員林淑芬等17人擬具「食品安全衛生管理法第十條及第四十九條文修正草案」等18案。,,
103/10/20,紅樓302會議室,,無,立法院第8屆第6會期司法及法制委員會第8次全體委員會議,一、邀請考試院秘書長、考選部部長、銓敘部部長及公務人員保障暨培訓委員會主任委員列席報告業務概況，並備質詢。二、審查104年度中央政府總預算案關於考試院及所屬主管收支部分。,廖正井;李貴敏;高志鵬;柯建銘;林鴻池;李桐豪;鄭天財(Sra．Kacaw);曾巨威;尤美女;管碧玲;李俊俋;邱志偉;吳育昇;江惠貞;吳育仁;許添財;盧秀燕;林德福;盧嘉辰;黃昭順;周倪安;邱文彥;黃偉哲;楊應雄;蔣乃辛;廖國棟;葉津鈴;蘇清泉;王進士;何欣純;陳怡潔;簡東明;王惠美;高金素梅;陳碧涵;潘維剛;楊瓊瓔;楊麗環;呂玉玲;陳歐珀;賴士葆;陳亭妃;王廷升;羅淑蕾,
103/10/20,群賢樓801會議室,社會福利及衛生環境委員會,無,立法院第8屆第6會期社會福利及衛生環境委員會第10次全體委員會議,邀請勞動部陳部長雄文報告業務概況（含第五會期委員會會議通過臨時提案之辦理情形）及立法計畫，並備質詢。,吳育仁;江惠貞;王育敏;陳節如;蘇清泉;趙天麟;鄭汝芬;楊曜;劉建國;林淑芬;蔡錦隆;徐欣瑩;許添財;廖國棟;江啟臣;盧嘉辰;李貴敏;廖正井;李桐豪;羅淑蕾;黃昭順;盧秀燕;吳育昇;楊應雄;鄭天財(Sra．Kacaw);周倪安;黃偉哲;蔣乃辛;葉津鈴;邱文彥;邱志偉;管碧玲;何欣純;簡東明;王惠美;羅明才;高金素梅;陳怡潔;楊瓊瓔;潘維剛;楊麗環;呂玉玲;徐少萍;田秋堇;賴士葆;林德福;李昆澤;楊玉欣;陳亭妃;吳秉叡,
103/10/20,紅樓201會議室,交通委員會,無,立法院第8屆第6會期交通委員會第6次全體委員會議,審查104年度中央政府總預算案關於交通部運輸研究所單位預算。(詢答及處理)(10月20日、22日及23日三天一次會),葉宜津;李昆澤;羅淑蕾;管碧玲;蔡其昌;黃昭順;楊麗環;陳雪生;王進士;邱議瑩;盧嘉辰;廖國棟;廖正井;李貴敏;楊瓊瓔;李桐豪;吳育昇;江啟臣;吳育仁;邱志偉;許添財;陳亭妃;賴士葆;林德福;江惠貞;鄭天財(Sra．Kacaw);盧秀燕;周倪安;黃偉哲;邱文彥;楊應雄;蔣乃辛;葉津鈴;蘇清泉;蕭美琴;何欣純;張慶忠;簡東明;陳怡潔;王惠美;高金素梅;羅明才;潘維剛;李鴻鈞;陳碧涵;陳歐珀;林國正,
103/10/20,紅樓202會議室,內政委員會,無,立法院第8屆第6會期內政委員會第12次全體委員會議,一、審查行政院函請審議「入出國及移民法部分條文修正草案」案。二、審查委員陳其邁等25人擬具「入出國及移民法第九條條文修正草案」案。三、審查委員李桐豪等24人擬具「入出國及移民法第三十一條條文修正草案」案。四、審查委員簡東明等17人擬具「入出國及移民法第二十三條及第二十五條條文修正草案」案。,段宜康;盧嘉辰;李俊俋;周倪安;邱文彥;蕭美琴;吳育昇;陳其邁;鄭天財(Sra．Kacaw);姚文智,
103/10/20,紅樓301會議室,外交及國防委員會,無,立法院第8屆第6會期外交及國防委員會第11次全體委員會議,審查104年度中央政府總預算案關於國軍退除役官兵輔導委員會主管收支部分。,陳歐珀;江啟臣;李桐豪;楊應雄;陳鎮湘;林郁方;陳唐山;簡東明;邱志偉;蔡煌瑯;詹凱臣;蕭美琴;廖國棟;李貴敏;廖正井;黃昭順;羅淑蕾;盧嘉辰;江惠貞;賴士葆;吳育昇;吳育仁;盧秀燕;黃偉哲;林德福;尤美女;馬文君;周倪安;邱文彥;許添財;蔣乃辛;管碧玲;蘇清泉;葉津鈴;王進士;何欣純;陳怡潔;王惠美;高金素梅;陳碧涵;潘維剛;楊瓊瓔;楊麗環;呂玉玲;鄭天財(Sra．Kacaw);陳亭妃,
103/10/20,群賢樓101會議室,教育及文化委員會,無,立法院第8屆第6會期教育及文化委員會第9次全體委員會議,一、繼續審查國立故宮博物院主管103年度「故宮文物藝術發展基金」附屬單位預算。（已詢答結束）二、審查國立故宮博物院104年度預算。(僅進行詢答；相關提案請於10月27日下午17時前提出),陳亭妃;陳碧涵;陳淑慧;蔣乃辛;許智傑;何欣純;黃志雄;吳育仁;潘維剛;呂玉玲;高金素梅;鄭麗君;許添財;邱文彥;管碧玲;羅淑蕾;黃昭順;吳秉叡;江啟臣;廖正井;盧嘉辰;李貴敏;楊應雄;李桐豪;賴士葆;吳育昇;廖國棟;鄭天財(Sra．Kacaw);黃偉哲;周倪安;林德福;葉津鈴;蘇清泉;李昆澤;簡東明;王惠美;盧秀燕;蕭美琴;羅明才;陳怡潔;楊瓊瓔;楊麗環;鄭汝芬;陳學聖;邱志偉;賴振昌,
103/10/20,九樓大禮堂,財政委員會,無,立法院第8屆第6會期財政委員會第7次全體委員會議,審查中華民國104年度中央政府總預算案有關賦稅署、臺北國稅局、高雄國稅局、北區國稅局及所屬、中區國稅局及所屬、南區國稅局及所屬歲出預算部分。,許添財;吳秉叡;費鴻泰;賴士葆;盧秀燕;林德福;孫大千;李應元;呂玉玲;吳育仁;江啟臣;賴振昌;曾巨威;羅明才;盧嘉辰;李貴敏;李桐豪;羅淑蕾;吳育昇;黃昭順;廖國棟;楊應雄;鄭天財(Sra．Kacaw);周倪安;黃偉哲;蔣乃辛;蘇清泉;邱文彥;葉津鈴;邱志偉;何欣純;管碧玲;簡東明;王惠美;高金素梅;陳怡潔;潘維剛;楊瓊瓔;楊麗環;廖正井;李昆澤;陳亭妃,
103/10/20,紅樓101會議室,經濟委員會,無,立法院第8屆第6會期經濟委員會第6次全體委員會議,繼續審查104年度中央政府總預算案關於行政院農業委員會及所屬單位預算部分。（處理）（10月20日、22日、23日三天一次會）,,
103/10/20,紅樓202會議室,內政委員會,無,立法院第8屆第6會期內政委員會第12次全體委員會議,一、審查行政院大陸委員會函為財團法人海峽交流基金會103年度預算決議，檢送該會相關專案報告說明資料，請查照案。二、審查行政院大陸委員會函為103年度中央政府總預算決議，檢送財團法人海峽交流基金會相關專案報告說明資料，請查照案。三、審查行政院大陸委員會函，為103年度中央政府總預算決議，檢送財團法人海峽交流基金會專案報告說明資料，請安排報告，請查照案。,盧嘉辰;段宜康;吳育昇;鄭天財(Sra．Kacaw);邱議瑩;陳其邁;邱文彥;周倪安;李俊俋;紀國棟;姚文智;黃昭順;呂玉玲;羅淑蕾;江啟臣;李貴敏;廖正井;李桐豪;邱志偉;廖國棟;吳育仁;楊應雄;尤美女;林德福;江惠貞;陳亭妃;賴士葆;盧秀燕;黃偉哲;賴振昌;陳歐珀;蔣乃辛;蘇清泉;管碧玲;蔡其昌;王進士;何欣純;蕭美琴;張慶忠;陳怡潔;簡東明;王惠美;高金素梅;羅明才;潘維剛;楊瓊瓔;陳碧涵;楊麗環;陳雪生;陳超明;葉津鈴;許添財;葉宜津,
103/10/21,紅樓201會議室,程序委員會,無,第8屆第6會期程序委員會第7次會議,審定本院第8屆第6會期第7次會議議事日程,陳鎮湘;賴振昌,
103/10/22,紅樓302會議室,,無,立法院第8屆第6會期司法及法制委員會第9次全體委員會議,上午9時至10時30分一、處理103年度中央政府總預算案關於國家發展委員會（原行政院研究發展考核委員會）預算凍結項目及附帶決議報告共4案。上午10時30分至12時、下午2時30分至5時30分二、繼續審查委員呂學樟等25人擬具「公職人員利益衝突迴避法第九條及第十五條條文修正草案」案。（10月22日、23日兩天一次會）,李貴敏;廖正井;高志鵬;林鴻池;羅淑蕾;盧嘉辰;黃偉哲;鄭天財(Sra．Kacaw);賴士葆;林德福;許添財;楊麗環;盧秀燕;周倪安;薛凌;李桐豪;賴振昌;邱文彥;吳育昇;陳明文;管碧玲;陳亭妃;蘇清泉;葉津鈴;江惠貞;潘維剛;尤美女;羅明才;呂學樟;曾巨威;黃偉哲,
103/10/22,紅樓202會議室,內政委員會,無,立法院第8屆第6會期內政委員會第13次全體委員會議,一、審查104年度中央政府總預算案關於中央選舉委員會及所屬收支部分。 二、審查中央選舉委員會及所屬近3年「辦理政策宣導相關廣告執行情形」共5案。,盧嘉辰;段宜康;鄭天財(Sra．Kacaw);周倪安;紀國棟;賴士葆;吳育昇;姚文智;李俊俋;邱文彥;羅淑蕾;李昆澤;黃偉哲;李貴敏;羅明才;林德福;許添財;楊麗環;薛凌;廖正井;盧秀燕;李桐豪;賴振昌;王進士;陳明文;管碧玲;陳亭妃;蘇清泉;葉津鈴;江惠貞;呂學樟;潘維剛;張慶忠;陳其邁;王廷升,
103/10/22,九樓大禮堂,財政委員會,無,立法院第8屆第6會期財政委員會第8次全體委員會議,審查中華民國104年度中央政府總預算案有關關務署及所屬、國有財產署及所屬歲出預算部分、融資財源調度部分。(10月22日及23日兩天一次會),吳秉叡;許添財;林德福;賴士葆;盧秀燕;李應元;薛凌;賴振昌;孫大千;費鴻泰;羅明才;羅淑蕾;盧嘉辰;黃偉哲;鄭天財(Sra．Kacaw);陳亭妃;廖正井;周倪安;楊麗環;邱文彥;管碧玲;吳育昇;蘇清泉;李桐豪;江惠貞;葉津鈴;姚文智;呂學樟;潘維剛;李貴敏;曾巨威,
103/10/22,紅樓201會議室,交通委員會,無,立法院第8屆第6會期交通委員會第6次全體委員會議,審查104年度中央政府總預算案關於行政院公共工程委員會單位預算。(詢答及處理)(10月20日、22日及23日三天一次會),李昆澤;羅淑蕾;林國正;王進士;楊麗環;蔡其昌;管碧玲;潘維剛;盧嘉辰;李貴敏;黃偉哲;林德福;鄭天財(Sra．Kacaw);賴士葆;許添財;周倪安;薛凌;廖正井;盧秀燕;李桐豪;邱文彥;賴振昌;吳育昇;陳明文;陳亭妃;蘇清泉;葉津鈴;姚文智;江惠貞;呂學樟;李鴻鈞;黃昭順;葉宜津,
103/10/22,紅樓101會議室,經濟委員會,無,立法院第8屆第6會期經濟委員會第6次全體委員會議,一、審查行政院函請審議「水土保持法部分條文修正草案」案。二、審查本院委員蘇震清等21人擬具「水土保持法第十九條條文修正草案」案。三、審查本院委員姚文智等16人擬具「水土保持法第十四條之一條文修正草案」案。（10月20日、22日、23日三天一次會）,丁守中;黃偉哲;黃昭順;陳怡潔;蘇震清;葉津鈴;陳明文;張嘉郡;許添財;賴振昌;李昆澤;薛凌;賴士葆;楊麗環;林德福;羅淑蕾;盧嘉辰;鄭天財(Sra．Kacaw);盧秀燕;廖正井;邱文彥;李桐豪;周倪安;蔡錦隆;管碧玲;蘇清泉;吳育昇;陳亭妃;江惠貞;姚文智;呂學樟;陳淑慧;廖國棟;羅明才;李貴敏,
103/10/22,群賢樓101會議室,教育及文化委員會,無,立法院第8屆第6會期教育及文化委員會第10次全體委員會議,處理教育部及所屬單位104年度預算。(10月22日及10月23日2天一次會),,
103/10/22,群賢樓801會議室,社會福利及衛生環境委員會,無,立法院第8屆第6會期社會福利及衛生環境委員會第11次全體委員會議(議程更新),一、繼續併案審查本院親民黨黨團、委員羅淑蕾等20人分別擬具「全民健康保險法第九條、第十條及第二十七條條文修正草案」、委員丁守中等20人擬具「全民健康保險法第九條條文修正草案」、委員陳其邁等21人擬具「全民健康保險法第二十七條條文修正草案」等4案。 二、繼續審查行政院函請審議「水污染防治法部分條文修正草案」、本院委員王育敏等41人、委員李昆澤等21人、委員丁守中等20人、委員趙天麟等20人、委員葉津鈴等17人、委員林淑芬等24人、委員蔣乃辛等17人分別擬具「水污染防治法部分條文修正草案」、委員林淑芬等17人擬具「水污染防治法第十條條文修正草案」、委員田秋堇等16人擬具「水污染防治法第十六條、第二十二條及第三十四條條文修正草案」、民進黨黨團擬具「水污染防治法第三十四條之一、第三十七條及第三十九條條文修正草案」、委員黃昭順等40人擬具「水污染防治法第三十五條及第六十六條之一條文修正草案」、委員羅淑蕾等17人、委員李俊俋等22人、委員楊曜等20人、委員陳根德等19人、委員許忠信等21人、委員楊麗環等50人分別擬具「水污染防治法第四十條條文修正草案」、委員蔣乃辛等26人擬具「水污染防治法第二十七條之一及第四十條條文修正草案」、委員江惠貞等19人擬具「水污染防治法第三十四條及第三十六條條文修正草案」、委員劉建國等17人擬具「水污染防治法第三十一條及第四十條條文修正草案」、委員陳歐珀等17人擬具「水污染防治法第三十六條及第三十七條條文修正草案」等22案。 三、審查人民請願案2案。,,
103/10/23,紅樓302會議室,,無,立法院第8屆第6會期司法及法制委員會第9次全體委員會議,一、審查104年度中央政府總預算案關於總統府主管收支部分。二、處理103年度中央政府總預算案關於總統府、國家安全會議預算凍結項目共2案。三、審查國家安全會議函送「國家安全會議組織定位及相關法制問題研究報告」案。（10月22日、23日兩天一次會）,柯建銘;李貴敏;廖正井;高志鵬;林鴻池;呂學樟;王廷升;尤美女;段宜康;孔文吉;江啟臣;李桐豪;管碧玲;羅淑蕾;陳歐珀;楊應雄;顏寬恒;邱志偉;蕭美琴;江惠貞;陳鎮湘;吳育昇;周倪安;邱文彥;盧嘉辰;李俊俋;陳明文;鄭天財(Sra．Kacaw);黃偉哲;簡東明;蔡煌瑯;姚文智;楊麗環;陳雪生;潘維剛;謝國樑;吳育仁,
103/10/23,紅樓202會議室,內政委員會,無,立法院第8屆第6會期內政委員會第14次全體委員會議,一、審查104年度中央政府總預算案關於蒙藏委員會收支部分。 二、審查蒙藏委員會函送「104年度財團法人蒙藏基金會預算書」案。 三、審查蒙藏委員會近3年「補助社會（人民）團體、財團法人及個人之補助經費相關資料」共6案。 四、審查蒙藏委員會近3年「媒體廣告季報表」共5案。,盧嘉辰;段宜康;紀國棟;周倪安;吳育昇;李俊俋;邱文彥;陳其邁;姚文智;黃偉哲;羅淑蕾;江啟臣;李貴敏;李桐豪;孔文吉;廖正井;楊應雄;陳歐珀;蕭美琴;陳明文;管碧玲;邱議瑩;簡東明;楊麗環;邱志偉;呂學樟;潘維剛;陳碧涵,
103/10/23,紅樓201會議室,交通委員會,無,立法院第8屆第6會期交通委員會第6次全體委員會議,一、審查104年度中央政府總預算案關於交通部觀光局及所屬單位預算。二、審查104年度中央政府總預算案附屬單位預算非營業部分關於交通部主管交通作業基金－觀光發展基金分預算。(以上合併詢答，分開處理)(10月20日、22日及23日三天一次會),李昆澤;羅淑蕾;李鴻鈞;蔡其昌;管碧玲;楊麗環;陳雪生;葉宜津;江啟臣;孔文吉;李桐豪;鄭汝芬;廖正井;周倪安;邱志偉;蕭美琴;江惠貞;吳育昇;楊應雄;潘維剛;陳明文;黃偉哲;簡東明;姚文智;陳歐珀;呂學樟;邱文彥;林國正;徐少萍;李貴敏;王進士,
103/10/23,紅樓301會議室,外交及國防委員會,無,立法院第8屆第6會期外交及國防委員會第12次全體委員會議【報告秘密，詢答（先秘密、後公開）】,一、處理國防部103年度中央政府總預算決議凍結案1案－「科學研究」預算凍結六分之一案（機密預算）。二、審查104年度中央政府總預算案關於國防部所屬主管機密部分(不含國安局機密部分)。,陳鎮湘;江啟臣;李桐豪;林郁方;陳歐珀;楊應雄;蔡煌瑯;蕭美琴;陳唐山;簡東明;邱志偉;馬文君;楊麗環;孔文吉;李貴敏;廖正井;盧嘉辰;羅淑蕾;鄭天財(Sra．Kacaw);江惠貞;吳育昇;周倪安;邱文彥;吳育仁;管碧玲;陳明文;黃偉哲;姚文智;呂學樟;詹凱臣;潘維剛,
103/10/23,群賢樓101會議室,教育及文化委員會,無,立法院第8屆第6會期教育及文化委員會第10次全體委員會議,處理教育部及所屬單位104年度預算。(10月22日及10月23日2天一次會),,
103/10/23,紅樓101會議室,經濟委員會,無,立法院第8屆第6會期經濟委員會第6次全體委員會議,繼續審查104年度中央政府總預算案關於行政院農業委員會及所屬單位預算部分。（處理）（10月20日、22日、23日三天一次會）,,
103/10/23,群賢樓801會議室,社會福利及衛生環境委員會,無,立法院第8屆第6會期社會福利及衛生環境委員會第12次全體委員會議(議程更新),一、邀請衛生福利部部長就「食品安全問題之政策、食品安全衛生管理法委員會審查保留條文之修法方向、如何落實跨部會劣質豬油專案會議各項工作」列席報告，並備質詢。 二、邀請衛生福利部部長、行政院農業委員會主任委員、財政部等派員就「越南油進口流向」列席報告，並備質詢。,趙天麟;江惠貞;楊玉欣;劉建國;吳育仁;蔡錦隆;田秋堇;陳節如;鄭汝芬;王育敏;陳其邁;周倪安;江啟臣;李貴敏;蘇清泉;盧嘉辰;楊曜;陳歐珀;李桐豪;吳育昇;楊應雄;邱文彥;管碧玲;簡東明;黃偉哲;李昆澤;楊麗環;潘維剛;呂學樟;陳碧涵;羅淑蕾;廖正井;徐少萍;林淑芬,
103/10/23,九樓大禮堂,財政委員會,無,立法院第8屆第6會期財政委員會第8次全體委員會議,繼續審查中華民國104年度中央政府總預算案有關關務署及所屬、國有財產署及所屬歲出預算部分、融資財源調度未審結部分。(10月22日及23日兩天一次會),,
103/10/27,紅樓302會議室,,無,立法院第8屆第6會期司法及法制委員會第10次全體委員會議,邀請法務部部長、法務部調查局局長、法務部廉政署署長、內政部警政署署長、行政院大陸委員會副主任委員、中央選舉委員會副主任委員、交通部民用航空局局長、司法院副秘書長、財團法人海峽交流基金會董事長就「查緝各地賄選及中資透過特定組織與不正利益介入台灣選舉」進行專題報告，並備質詢。（10月27日、29日、30日三天一次會）,廖正井;李貴敏;段宜康;林鴻池;尤美女;簡東明;高志鵬;羅淑蕾;盧嘉辰;黃昭順;黃偉哲;管碧玲;孔文吉;吳育昇;陳碧涵;陳歐珀;盧秀燕;賴士葆;周倪安;陳怡潔;林德福;李桐豪;許添財;蕭美琴;蔣乃辛;羅明才;邱志偉;葉宜津;陳明文;邱文彥;蘇清泉;賴振昌;王進士;潘維剛;鄭天財(Sra．Kacaw);高金素梅;王惠美;呂玉玲;薛凌;陳其邁,
103/10/27,紅樓201會議室,交通委員會,無,立法院第8屆第6會期交通委員會第7次全體委員會議,一、邀請交通部部長葉匡時率同所屬列席就「交通建設有關淡江大橋及捷運等幽靈工程」提出報告，並備質詢。二、審查104年度中央政府總預算案關於交通部公路總局及所屬單位預算。(以上二項議程合併報告及詢答，分開處理)（10月27日、29日及30日三天一次會）,李昆澤;楊麗環;林國正;羅淑蕾;管碧玲;蔡其昌;李鴻鈞;王進士;江啟臣;盧秀燕;高志鵬;簡東明;孔文吉;姚文智;廖正井;吳育昇;鄭天財(Sra．Kacaw);廖國棟;薛凌;賴士葆;許添財;林德福;陳碧涵;盧嘉辰;李貴敏;周倪安;陳怡潔;李桐豪;陳明文;蔣乃辛;蕭美琴;羅明才;邱志偉;葉津鈴;邱文彥;蘇清泉;賴振昌;潘維剛;何欣純;黃昭順;高金素梅;林郁方;王惠美;呂玉玲;陳雪生;李慶華;陳歐珀;黃偉哲;葉宜津;陳根德,
103/10/27,紅樓101會議室,經濟委員會,無,立法院第8屆第6會期經濟委員會第7次全體委員會議,邀請行政院農業委員會主任委員、經濟部部長、衛生福利部首長、財政部首長針對農產品、食品與食品添加物及食用油等「從產地到餐桌」之行政管制流程（含進出口追溯與流向追蹤、生產履歷、加工運銷過程）及各項安全檢驗、驗證之統整連結，以及認證標章之改革措施進行專案報告，並備質詢。（10月27日、29日、30日三天一次會） ,丁守中;陳明文;黃偉哲;黃昭順;張嘉郡;陳怡潔;葉津鈴;蘇震清;王惠美;鄭汝芬;江啟臣;楊麗環;廖國棟;田秋堇;許添財;李貴敏;孔文吉;周倪安;賴振昌;陳碧涵;李昆澤;盧秀燕;廖正井;鄭天財(Sra．Kacaw);盧嘉辰;吳育昇;李桐豪;羅淑蕾;陳淑慧;羅明才;邱文彥;邱志偉;蔣乃辛;蕭美琴;薛凌;蘇清泉;管碧玲;蔡錦隆;王進士;鄭麗君;何欣純;簡東明;高金素梅;林鴻池;潘維剛;呂玉玲;陳歐珀;楊瓊瓔;林德福;賴士葆;吳秉叡;陳其邁;楊應雄;徐欣瑩;林淑芬,
103/10/27,紅樓301會議室,外交及國防委員會,無,立法院第8屆第6會期外交及國防委員會第13次全體委員會議,上午：審查104年度中央政府總預算案關於外交部主管收支公開部分。 下午：審查104年度中央政府總預算案關於外交部主管收支機密部分。【秘密會議】,,
103/10/27,紅樓202會議室,內政委員會,無,立法院第8屆第6會期內政委員會第15次全體委員會議,邀請中央選舉委員會代理主任委員劉義周、內政部部長陳威仁率警政署署長王卓鈞、法務部政務次長率所屬就「103年地方公職人員選舉選務工作、選舉治安維護及賄選查察辦理情形」進行專題報告並備質詢。,吳育昇;段宜康;鄭天財(Sra．Kacaw);邱議瑩;簡東明;周倪安;紀國棟;盧秀燕;李俊俋;孔文吉;羅淑蕾;楊麗環;陳歐珀;黃昭順;鄭麗君;呂玉玲;廖正井;廖國棟;葉津鈴;賴士葆;黃偉哲;林德福;陳碧涵;李貴敏;江啟臣;陳超明;李桐豪;姚文智;蔣乃辛;陳其邁;羅明才;邱志偉;陳明文;薛凌;蘇清泉;賴振昌;王進士;管碧玲;潘維剛;何欣純;高金素梅;盧嘉辰;王惠美;邱文彥;陳怡潔;許添財;蕭美琴,
103/10/27,群賢樓801會議室,社會福利及衛生環境委員會,無,立法院第8屆第6會期社會福利及衛生環境委員會第13次全體委員會議,處理中華民國103年度中央政府總預算有關行政院環境保護署主管預算解凍案等63案。,蘇清泉;蔡錦隆;鄭汝芬;楊曜;吳育仁;田秋堇;王育敏;吳秉叡;許添財;林淑芬;林德福;盧秀燕;賴士葆;江啟臣;劉建國;楊應雄;黃昭順;盧嘉辰;羅淑蕾;廖國棟;廖正井;鄭天財(Sra．Kacaw);黃偉哲;吳育昇;李貴敏;周倪安;陳怡潔;蔣乃辛;李桐豪;羅明才;邱文彥;邱志偉;管碧玲;葉津鈴;賴振昌;潘維剛;何欣純;簡東明;王惠美;呂玉玲;高金素梅;陳歐珀;趙天麟;薛凌;徐少萍;徐欣瑩;李昆澤,
103/10/27,九樓大禮堂,財政委員會,無,立法院第8屆第6會期財政委員會第9次全體委員會議,審查中華民國104年度中央政府總預算案有關財政部、國庫署、財政資訊中心歲出預算部分。,吳秉叡;許添財;林德福;賴士葆;盧秀燕;薛凌;羅明才;孫大千;賴振昌;李應元;費鴻泰;江啟臣;楊應雄;李昆澤;廖正井;鄭天財(Sra．Kacaw);黃昭順;羅淑蕾;盧嘉辰;廖國棟;黃偉哲;吳育昇;李貴敏;陳怡潔;周倪安;李桐豪;蔣乃辛;邱文彥;邱志偉;蘇清泉;管碧玲;葉津鈴;潘維剛;何欣純;簡東明;高金素梅;王惠美;呂玉玲;陳歐珀;鄭汝芬,
103/10/27,群賢樓101會議室,教育及文化委員會,無,立法院第8屆第6會期教育及文化委員會第11次全體委員會議, 一、審查104年度科技部及所屬單位預算。二、審查104年度行政法人國家災害防救科技中心預算。(相關提案請於11月3日下午5時前提出)(10月27日、29日及30日3天一次會),孔文吉;潘維剛;蔣乃辛;陳淑慧;許智傑;陳碧涵;鄭麗君;何欣純;邱文彥;呂玉玲;陳學聖;徐欣瑩;管碧玲;吳秉叡;鄭汝芬;楊應雄;許添財;黃偉哲;陳明文;江啟臣;李昆澤;廖正井;鄭天財(Sra．Kacaw);黃昭順;盧嘉辰;廖國棟;吳育昇;羅淑蕾;周倪安;李貴敏;陳怡潔;李桐豪;高金素梅;羅明才;邱志偉;蘇清泉;賴振昌;吳育仁;盧秀燕;蔡錦隆;葉津鈴;簡東明;薛凌;王惠美;陳歐珀;楊瓊瓔;賴士葆;林德福;黃志雄,
103/10/28,紅樓201會議室,程序委員會,無,第8屆第6會期程序委員會第8次會議,審定本院第8屆第6會期第8次會議議事日程,陳淑慧;尤美女;蕭美琴;費鴻泰,
103/10/29,紅樓202會議室,內政委員會,無,立法院第8屆第6會期內政委員會第16次全體委員會議,一、邀請原住民族委員會主任委員林江義率同所屬列席報告業務概況，並備質詢。 二、處理103年度中央政府總預算有關原住民族委員會及所屬預算凍結項目報告案計8案(含報告事項2案)。 三、審查原住民族委員會及所屬近3年「補助地方政府經費明細表及獎(捐)助團體、個人經費明細表」共6案。 四、審查原住民族委員會及所屬近3年「廣告費執行情形表」共6案。 五、審查104年度中央政府總預算案關於原住民族委員會主管收支部分。 六、審查104年度中央政府總預算案關於原住民族委員會文化園區管理局主管收支部分。 七、審查104年度中央政府總預算案（含附屬單位預算及綜計表─非營業部分）關於原住民族委員會主管「原住民族綜合發展基金」收支部分。 八、審查原住民族委員會函送「財團法人原住民族文化事業基金會104年度預算、業務計畫書案」案。,段宜康;鄭天財(Sra．Kacaw);紀國棟;周倪安;高金素梅;陳其邁;李俊俋;盧嘉辰;羅淑蕾;管碧玲;楊麗環;李貴敏;蕭美琴;廖正井;李桐豪;許添財;姚文智;廖國棟;邱志偉;賴士葆;葉津鈴;王進士;葉宜津;林鴻池;潘維剛;張慶忠;邱文彥;賴振昌;羅明才,
103/10/29,群賢樓101會議室,教育及文化委員會,無,立法院第8屆第6會期教育及文化委員會第11次全體委員會議,繼續審查104年度文化部及所屬單位預算。(已詢答完畢) (10月27日、29日及30日3天一次會),,
103/10/29,紅樓302會議室,,無,立法院第8屆第6會期司法及法制委員會第10次全體委員會議,審查104年度中央政府總預算案關於司法院及所屬主管收支部分。（10月27日、29日、30日三天一次會）,李貴敏;廖正井;柯建銘;林鴻池;尤美女;許添財;曾巨威;羅淑蕾;黃偉哲;管碧玲;楊麗環;鄭天財(Sra．Kacaw);陳歐珀;賴振昌;賴士葆;周倪安;邱文彥;邱志偉;葉津鈴;王進士;潘維剛;李桐豪;高志鵬;羅明才;王廷升,
103/10/29,群賢樓801會議室,社會福利及衛生環境委員會,無,立法院第8屆第6會期社會福利及衛生環境委員會第14次全體委員會議,一、審查中華民國104年度中央政府總預算案有關衛生福利部主管預算（公務部分）案。（預算詢答） 二、處理中華民國103年度中央政府總預算有關衛生福利部主管預算解凍案等68案,趙天麟;吳育仁;楊玉欣;蔡錦隆;劉建國;王育敏;管碧玲;田秋堇;楊曜;林德福;林淑芬;賴士葆;江啟臣;鄭天財(Sra．Kacaw);李貴敏;賴振昌;黃偉哲;陳歐珀;楊麗環;羅淑蕾;廖正井;李桐豪;邱文彥;周倪安;葉津鈴;陳其邁;邱志偉;王進士;潘維剛;徐少萍;徐欣瑩;李昆澤;薛凌;羅明才;姚文智;王廷升;吳秉叡,
103/10/29,九樓大禮堂,財政委員會,無,立法院第8屆第6會期財政委員會第10次全體委員會議,審查中華民國104年度中央政府總預算案行政院歲入預算有關中央銀行股息紅利繳庫部分、財政部及所屬單位歲入預算部分。(10月29日及30日兩天一次會),許添財;吳秉叡;林德福;賴士葆;薛凌;賴振昌;孫大千;李應元;羅明才;曾巨威;陳歐珀;鄭天財(Sra．Kacaw);費鴻泰;羅淑蕾;管碧玲;黃偉哲;李桐豪;楊麗環;邱文彥;周倪安;吳育仁;葉津鈴;邱志偉;王進士;潘維剛;李貴敏;廖正井,
103/10/29,紅樓101會議室,經濟委員會,無,立法院第8屆第6會期經濟委員會第7次全體委員會議,一、（一）繼續審查經濟部函為修正「大陸地區人民來臺投資許可辦法」第八條、第九條及第十一條條文，請  查照乙案。（二）繼續審查經濟部函為中華民國102年11月14日修正發布之「大陸地區人民來臺投資許可辦法」，除第八條第二項外，定自102年11月14日施行，請  查照乙案。二、繼續審查104年度中央政府總預算案關於經濟部、工業局單位預算部分。（處理）（10月27日、29日、30日三天一次會）,,
103/10/29,紅樓201會議室,交通委員會,無,立法院第8屆第6會期交通委員會第7次全體委員會議,一、審查104年度中央政府總預算案關於國家通訊傳播委員會單位預算。二、審查104年度中央政府總預算案附屬單位預算非營業部分關於國家通訊傳播委員會主管通訊傳播監督管理基金預算。三、審查104年度中央政府總預算案附屬單位預算非營業部分關於國家通訊傳播委員會主管有線廣播電視事業發展基金預算。（以上3案合併詢答，分開處理）（10月27日、29日及30日三天一次會）,陳根德;李昆澤;管碧玲;楊麗環;羅淑蕾;林國正;蔡其昌;王進士;葉宜津;黃偉哲;李貴敏;廖正井;周倪安;鄭天財(Sra．Kacaw);李桐豪;許添財;賴振昌;賴士葆;蕭美琴;邱文彥;邱志偉;葉津鈴;潘維剛,
103/10/29,紅樓301會議室,外交及國防委員會,無,立法院第8屆第6會期外交及國防委員會第14次全體委員會議,審查104年度中央政府總預算案關於國防部及所屬主管收支公開部分（不含國安局部分）。【10月29日、30日二天一次會】,江啟臣;蔡煌瑯;蕭美琴;楊應雄;李桐豪;陳歐珀;林郁方;陳鎮湘;陳唐山;邱志偉;馬文君;詹凱臣;李貴敏;廖正井;黃偉哲;羅淑蕾;管碧玲;楊麗環;鄭天財(Sra．Kacaw);許添財;賴振昌;賴士葆;周倪安;邱文彥;葉津鈴;王進士;潘維剛,
103/10/30,九樓大禮堂,財政委員會,無,立法院第8屆第6會期財政委員會第10次全體委員會議,審查中華民國104年度中央政府總預算案有關補助直轄市及縣市政府、災害準備金、第二預備金及公務預算未審竣部分。(10月29日及30日兩天一次會),許添財;林德福;賴士葆;盧秀燕;薛凌;賴振昌;費鴻泰;曾巨威;李桐豪;李應元;羅明才;羅淑蕾;孔文吉;邱文彥;鄭天財(Sra．Kacaw);楊麗環;管碧玲;潘維剛;陳歐珀;楊瓊瓔;邱志偉;黃偉哲;黃昭順;李貴敏,
103/10/30,紅樓201會議室,交通委員會,無,立法院第8屆第6會期交通委員會第7次全體委員會議,審查104年度中央政府總預算案關於交通部主管中央氣象局單位預算。（詢答及處理）（10月27日、29日及30日三天一次會）,魏明谷;葉宜津;李昆澤;楊麗環;蔡其昌;羅淑蕾;管碧玲;李鴻鈞;王進士;邱志偉;林國正;李貴敏;薛凌;孔文吉;李桐豪;盧秀燕;邱文彥;賴振昌;鄭天財(Sra．Kacaw);周倪安;潘維剛;何欣純;陳歐珀;陳根德;黃偉哲;黃昭順,
103/10/30,群賢樓801會議室,社會福利及衛生環境委員會,無,立法院第8屆第6會期社會福利及衛生環境委員會第14次全體委員會議,一、處理中華民國103年度中央政府總預算有關勞動部主管預算解凍案等7案。二、審查本院委員黃偉哲等19人擬具「性別工作平等法第二十條條文修正草案」、委員陳亭妃等22人擬具「性別工作平等法第十二條條文修正草案」、委員李昆澤等36人、委員楊瓊瓔等24人、委員魏明谷等18人、委員葉津鈴等18人分別擬具「性別工作平等法第十五條條文修正草案」、委員何欣純等17人擬具「性別工作平等法第十三條條文修正草案」、委員李慶華等22人擬具「性別工作平等法第二十三條條文修正草案」、委員王育敏等34人擬具「性別工作平等法第四條及第十五條條文修正草案」、委員李慶華等29人擬具「性別工作平等法第四條、第十五條及第三十八條之一條文修正草案」、委員江惠貞等19人擬具「性別工作平等法第四條、第十四條及第十五條條文修正草案」、委員蘇清泉等20人、委員盧秀燕等20人分別擬具「性別工作平等法第四條條文修正草案」、委員吳育仁等22人擬具「性別工作平等法第二條、第十三條及第三十八條之一條文修正草案」、委員楊曜等19人擬具「性別工作平等法第十一條條文修正草案」、委員王育敏等24人擬具「性別工作平等法第十六條條文修正草案」等16案。,蔡錦隆;吳育仁;陳節如;王育敏;林淑芬;李桐豪;李昆澤;蘇清泉;盧秀燕;林德福;蔡其昌;黃昭順;楊瓊瓔;廖國棟;徐少萍;鄭天財(Sra．Kacaw);賴振昌;楊麗環;葉津鈴;管碧玲;潘維剛;何欣純;陳歐珀;薛凌;李貴敏;羅淑蕾;邱志偉;邱文彥;趙天麟;孔文吉;黃偉哲,
103/10/30,紅樓301會議室,外交及國防委員會,無,立法院第8屆第6會期外交及國防委員會第14次全體委員會議,審查104年度中央政府總預算案關於國防部及所屬主管收支公開部分（不含國安局部分）。【10月29日、30日二天一次會】,,
103/10/30,紅樓101會議室,經濟委員會,無,立法院第8屆第6會期經濟委員會第7次全體委員會議,審查104年度中央政府總預算案附屬單位預算非營業部分關於行政院主管：行政院國家發展基金、離島建設基金及花東地區永續發展基金。（詢答）（10月27日、29日、30日三天一次會）,丁守中;黃昭順;黃偉哲;李慶華;葉津鈴;陳怡潔;楊瓊瓔;楊應雄;許添財;廖國棟;孔文吉;蕭美琴;林德福;鄭天財(Sra．Kacaw);盧秀燕;李桐豪;李貴敏;邱文彥;賴振昌;葉宜津;楊麗環;管碧玲;蔡錦隆;李昆澤;周倪安;陳歐珀;何欣純;薛凌;王廷升;邱志偉;羅明才,
103/10/30,紅樓302會議室,司法及法制委員會,無,立法院第8屆第6會期司法及法制委員會第10次全體委員會議,審查104年度中央政府總預算案關於司法院及所屬主管收支部分。（10月27日、29日、30日三天一次會）,,
103/10/30,紅樓202會議室,內政委員會,無,立法院第8屆第6會期內政委員會第16次全體委員會議,一、邀請原住民族委員會主任委員林江義率同所屬列席報告業務概況，並備質詢。 二、處理103年度中央政府總預算有關原住民族委員會及所屬預算凍結項目報告案計8案(含報告事項2案)。 三、審查原住民族委員會及所屬近3年「補助地方政府經費明細表及獎(捐)助團體、個人經費明細表」共6案。 四、審查原住民族委員會及所屬近3年「廣告費執行情形表」共6案。 五、審查104年度中央政府總預算案關於原住民族委員會主管收支部分。 六、審查104年度中央政府總預算案關於原住民族委員會文化園區管理局主管收支部分。 七、審查104年度中央政府總預算案（含附屬單位預算及綜計表─非營業部分）關於原住民族委員會主管「原住民族綜合發展基金」收支部分。 八、審查原住民族委員會函送「財團法人原住民族文化事業基金會104年度預算、業務計畫書案」案。,,
103/10/30,群賢樓101會議室,教育及文化委員會,無,立法院第8屆第6會期教育及文化委員會第11次全體委員會議,（上午）一、邀請中央研究院院長列席報告業務概況，並備質詢。二、處理103年度有關「國家生技研究園區」預算凍結1億元之解凍案。(10月27日、29日及30日3天一次會),孔文吉;許智傑;陳碧涵;蔣乃辛;潘維剛;何欣純;黃志雄;邱志偉;李桐豪;林德福;盧秀燕;黃偉哲;管碧玲;羅淑蕾;李貴敏;邱文彥;賴振昌;鄭天財(Sra．Kacaw);楊麗環;吳育仁;蔡錦隆;黃昭順;周倪安;陳歐珀;楊瓊瓔;薛凌;廖國棟;鄭麗君,
103/10/30,群賢樓101會議室,教育及文化委員會,無,立法院第8屆第6會期教育及文化委員會第11次全體委員會議,(下午)三、審查104年度中央研究院單位預算及科學研究基金附屬單位預算。(相關提案請於10月30日中午12時前提出)。(10月27日、29日及30日3天一次會),陳淑慧;陳碧涵;蔣乃辛;何欣純;孔文吉;陳學聖;黃志雄;許智傑;潘維剛,
103/11/03,紅樓202會議室,內政委員會,無,立法院第8屆第6會期內政委員會第17次全體委員會議,一、審查104年度中央政府總預算案關於內政部警政署及所屬、中央警察大學、消防署及所屬、役政署、入出國及移民署、空中勤務總隊收支部分。 二、審查104年度中央政府總預算案（含附屬單位預算及綜計表─非營業部分）關於內政部主管「警察消防海巡移民空勤人員及協勤民力安全基金」、「研發替代役基金」、「外籍配偶照顧輔導基金」收支部分。 三、審查104年度中央政府總預算案（含附屬單位預算及綜計表─非營業部分）關於內政部主管「萬善培先生獎學基金」、「劉存恕先生警察子女獎學基金」、「在校學生獎學基金」、「劉竹琛先生警察子女獎學基金」、「誠園獎學基金」收支部分。 四、審查104年度財團法人預算案關於內政部函送「臺灣省義勇人員安全濟助基金會」、「義勇消防人員安全濟助基金會」預算書案。,盧嘉辰;段宜康;邱議瑩;黃昭順;吳育昇;鄭天財(Sra．Kacaw);周倪安;李俊俋;陳其邁;江啟臣;邱文彥;何欣純;黃偉哲;陳歐珀;紀國棟;許添財;廖正井;楊瓊瓔;盧秀燕;陳碧涵;賴振昌;李桐豪;徐耀昌;楊應雄;賴士葆;葉宜津;蔣乃辛;邱志偉;管碧玲;蘇清泉;薛凌;陳亭妃;陳明文;蕭美琴;簡東明;葉津鈴;姚文智;高金素梅;李貴敏;王進士;呂玉玲;陳雪生;呂學樟;潘維剛;王惠美;張慶忠;羅明才;陳怡潔;鄭汝芬;楊麗環;林德福;王廷升;許添財,
103/11/03,紅樓101會議室,經濟委員會,無,立法院第8屆第6會期經濟委員會第8次全體委員會議,繼續審查104年度中央政府總預算案關於公平交易委員會單位預算部分。（處理）,,
103/11/03,九樓大禮堂,財政委員會,無,立法院第8屆第6會期財政委員會第11次全體委員會議,審查中華民國104年度中央政府總預算案附屬單位預算營業部分有關臺灣土地銀行股份有限公司（含土銀保險經紀人股份有限公司）、中央存款保險股份有限公司。(11月3日及5日兩天一次會),許添財;吳秉叡;林德福;賴士葆;盧秀燕;賴振昌;孫大千;薛凌;費鴻泰;李應元;曾巨威;黃偉哲;盧嘉辰;羅明才;陳歐珀;楊應雄;廖正井;鄭天財(Sra．Kacaw);邱文彥;李桐豪;吳育昇;徐耀昌;蔣乃辛;周倪安;蘇清泉;陳亭妃;管碧玲;邱志偉;吳育仁;陳明文;簡東明;江惠貞;葉津鈴;高金素梅;呂玉玲;潘維剛;黃昭順;呂學樟;李貴敏;楊瓊瓔;江啟臣,
103/11/03,群賢樓101會議室,教育及文化委員會,無,立法院第8屆第6會期教育及文化委員會第12次全體委員會議,一、審查104年度行政院原子能委員會及附屬單位預算。二、審查行政院原子能委員會主管104年度核子事故緊急應變基金附屬單位預算。(相關提案請於11月10日下午17時前提出),陳碧涵;蔣乃辛;陳亭妃;許智傑;陳淑慧;鄭麗君;何欣純;呂玉玲;黃志雄;管碧玲;潘維剛;陳歐珀;田秋堇;盧秀燕;林德福;許添財;賴振昌;賴士葆;費鴻泰;江啟臣;高金素梅;盧嘉辰;李貴敏;黃偉哲;邱文彥;鄭天財(Sra．Kacaw);李桐豪;廖正井;吳育昇;徐耀昌;周倪安;蘇清泉;薛凌;吳秉叡;邱志偉;蔡錦隆;楊應雄;吳育仁;蕭美琴;簡東明;陳明文;江惠貞;葉津鈴;孫大千;黃昭順;姚文智;呂學樟;羅明才;楊瓊瓔;徐少萍,
103/11/03,紅樓301會議室,外交及國防委員會,無,立法院第8屆第6會期外交及國防委員會第15次全體委員會議,審查104年度中央政府總預算案關於僑務委員會主管收支部分。,,
103/11/03,紅樓302會議室,司法及法制委員會,無,立法院第8屆第6會期司法及法制委員會第11次全體委員會議,一、審查委員廖正井等20人擬具「刑事訴訟法第三百七十六條條文修正草案」案。二、審查委員廖正井等30人擬具「刑事訴訟法施行法增訂第七條之八條文草案」案。,廖正井;李貴敏;林鴻池;尤美女;呂學樟;柯建銘;盧嘉辰;黃偉哲;盧秀燕;鄭天財(Sra．Kacaw);許添財;陳碧涵;賴振昌;李桐豪;林德福;賴士葆;吳育昇;徐耀昌;楊應雄;邱文彥;周倪安;蔣乃辛;邱志偉;管碧玲;蘇清泉;薛凌;蕭美琴;陳亭妃;陳明文;簡東明;葉津鈴;高金素梅;黃昭順;呂玉玲;潘維剛;王惠美;高志鵬;楊麗環;楊瓊瓔;顏寬恒;陳歐珀,
103/11/03,群賢樓801會議室,社會福利及衛生環境委員會,無,立法院第8屆第6會期社會福利及衛生環境委員會第15次全體委員會議,一、審查中華民國104年度中央政府總預算案有關行政院環境保護署主管預算（公務部分）案（預算詢答）。二、審查中華民國104年度中央政府總預算案附屬單位預算有關行政院環境保護署主管特別收入基金（環境保護基金）及信託基金（資源回收管理基金─信託基金部分、清潔人員執行職務死亡濟助基金）等預算案（預算詢答）。,王育敏;田秋堇;蘇清泉;江惠貞;陳節如;吳育仁;蔡錦隆;徐少萍;楊曜;鄭汝芬;趙天麟;江啟臣;許添財;盧秀燕;黃偉哲;盧嘉辰;李貴敏;邱志偉;楊應雄;鄭天財(Sra．Kacaw);廖正井;邱文彥;李桐豪;吳育昇;徐耀昌;蔣乃辛;劉建國;薛凌;陳亭妃;管碧玲;陳歐珀;陳明文;簡東明;葉津鈴;高金素梅;呂玉玲;潘維剛;黃昭順;呂學樟;羅明才;賴振昌;林德福;楊瓊瓔;林淑芬;顏寬恒;吳秉叡;周倪安,
103/11/04,紅樓201會議室,程序委員會,無,第8屆第6會期程序委員會第9次會議,審定本院第8屆第6會期第9次會議議事日程,林鴻池,
103/11/05,群賢樓801會議室,社會福利及衛生環境委員會,無,立法院第8屆第6會期社會福利及衛生環境委員會第16次全體委員會議,（11月5日） 繼續審查行政院函請審議「水污染防治法部分條文修正草案」、本院委員王育敏等41人、委員李昆澤等21人、委員丁守中等20人、委員趙天麟等20人、委員葉津鈴等17人、委員林淑芬等24人、委員蔣乃辛等17人分別擬具「水污染防治法部分條文修正草案」、委員林淑芬等17人擬具「水污染防治法第十條條文修正草案」、委員田秋堇等16人擬具「水污染防治法第十六條、第二十二條及第三十四條條文修正草案」、民進黨黨團擬具「水污染防治法第三十四條之一、第三十七條及第三十九條條文修正草案」、委員黃昭順等40人擬具「水污染防治法第三十五條及第六十六條之一條文修正草案」、委員羅淑蕾等17人、委員李俊俋等22人、委員楊曜等20人、委員陳根德等19人、委員許忠信等21人、委員楊麗環等50人分別擬具「水污染防治法第四十條條文修正草案」、委員蔣乃辛等26人擬具「水污染防治法第二十七條之一及第四十條條文修正草案」、委員江惠貞等19人擬具「水污染防治法第三十四條及第三十六條條文修正草案」、委員劉建國等17人擬具「水污染防治法第三十一條及第四十條條文修正草案」、委員陳歐珀等17人擬具「水污染防治法第三十六條及第三十七條條文修正草案」等22案。,,
103/11/05,紅樓101會議室,經濟委員會,財政委員會、內政委員會,立法院第8屆第6會期經濟、財政、內政三委員會第1次聯席會議,繼續審查行政院函請審議「自由經濟示範區特別條例草案」案。（逐條審查）,,
103/11/05,紅樓202會議室,內政委員會,無,立法院第8屆第6會期內政委員會第17次全體委員會議,一、審查104年度中央政府總預算案關於內政部警政署及所屬、中央警察大學、消防署及所屬、役政署、入出國及移民署、空中勤務總隊收支部分。 二、審查104年度中央政府總預算案（含附屬單位預算及綜計表─非營業部分）關於內政部主管「警察消防海巡移民空勤人員及協勤民力安全基金」、「研發替代役基金」、「外籍配偶照顧輔導基金」收支部分。 三、審查104年度中央政府總預算案（含附屬單位預算及綜計表─非營業部分）關於內政部主管「萬善培先生獎學基金」、「劉存恕先生警察子女獎學基金」、「在校學生獎學基金」、「劉竹琛先生警察子女獎學基金」、「誠園獎學基金」收支部分。 四、審查104年度財團法人預算案關於內政部函送「臺灣省義勇人員安全濟助基金會」、「義勇消防人員安全濟助基金會」預算書案。,,
103/11/05,九樓大禮堂,財政委員會,無,立法院第8屆第6會期財政委員會第11次全體委員會議,審查中華民國104年度中央政府總預算案附屬單位預算營業部分有關中國輸出入銀行、臺灣金融控股股份有限公司（含臺灣銀行股份有限公司、臺銀人壽保險股份有限公司、臺銀綜合證券股份有限公司）。(11月3日及5日兩天一次會),許添財;吳秉叡;林德福;賴士葆;孫大千;盧秀燕;薛凌;賴振昌;費鴻泰;李貴敏;葉津鈴;黃偉哲;邱文彥;林滄敏;陳歐珀;何欣純;廖正井;姚文智;楊麗環;廖國棟;潘維剛;羅明才;曾巨威;李應元,
103/11/05,紅樓201會議室,交通委員會,無,立法院第8屆第6會期交通委員會第8次全體委員會議,一、邀請交通部部長葉匡時率同所屬列席就「高鐵財務問題及解決方案」提出報告，並備質詢；並請台灣高速鐵路股份有限公司董事長范志強列席備詢。二、繼續審查行政院函請審議「獎勵民間參與交通建設條例部分條文修正草案」案。(業已詢答完畢，進行逐條審查)(11月3日及5日二天一次會),李昆澤;羅淑蕾;林國正;管碧玲;蔡其昌;李鴻鈞;楊麗環;葉宜津;王進士;廖正井;廖國棟;許添財;黃偉哲;蘇清泉;周倪安;鄭汝芬;薛凌;陳歐珀;賴振昌;賴士葆;何欣純;陳明文;潘維剛;邱文彥;林滄敏,
103/11/05,群賢樓101會議室,教育及文化委員會,無,立法院第8屆第6會期教育及文化委員會第13次全體委員會議,繼續審查(處理) 104年度教育部及附屬單位預算。(11月5日、6日2天一次會),,
103/11/06,紅樓202會議室,內政委員會,無,立法院第8屆第6會期內政委員會第18次全體委員會議,一、處理客家委員會函為103年度中央政府總預算決議，檢送「客家特色產業創新發展計畫」97至102年執行成效，請安排報告，請查照案。 二、審查104年度中央政府總預算案關於客家委員會及所屬主管收支部分。,段宜康;盧嘉辰;鄭天財(Sra．Kacaw);紀國棟;陳碧涵;周倪安;邱議瑩;江啟臣;李俊俋;黃偉哲;李桐豪;李貴敏;張慶忠;廖正井;徐欣瑩;高金素梅;葉津鈴;陳明文;江惠貞;簡東明;楊瓊瓔;吳育昇;呂學樟;陳其邁;顏寬恒;邱文彥,
103/11/06,紅樓101會議室,經濟委員會,無,立法院第8屆第6會期經濟委員會第9次全體委員會議,一、併案審查行政院函請審議「動物傳染病防治條例部分條文修正草案」案、本院委員邱志偉等19人擬具「動物傳染病防治條例第四十條及第四十條之一條文修正草案」案、委員黃文玲等21人擬具「動物傳染病防治條例刪除第十條之一條文草案」案及委員王惠美等18人擬具「動物傳染病防治條例部分條文修正草案」案。 二、併案審查行政院函請審議「農藥管理法部分條文修正草案」案、本院委員翁重鈞等16人擬具「農藥管理法部分條文修正草案」案、委員丁守中等20人擬具「農藥管理法第三十二條條文修正草案」案、委員黃文玲等20人擬具「農藥管理法刪除第四十三條條文草案」案及委員江惠貞等18人擬具「農藥管理法第二十條條文修正草案」案。,林岱樺;丁守中;黃偉哲;黃昭順;葉津鈴;陳怡潔;蘇震清;陳明文;楊瓊瓔;廖國棟;王惠美;田秋堇;李慶華;鄭汝芬;江啟臣;邱文彥;李桐豪;吳育仁;邱志偉;江惠貞;簡東明;高金素梅;陳淑慧;徐欣瑩;鄭天財(Sra．Kacaw);顏寬恒;陳歐珀;廖正井;李貴敏;周倪安,
103/11/06,紅樓301會議室,外交及國防委員會,無,立法院第8屆第6會期外交及國防委員會第16次全體委員會議,繼續審查104年度中央政府總預算案關於國家安全局收支部分（含公開及機密預算部分）。,,
103/11/06,紅樓302會議室,司法及法制委員會,社會福利及衛生環境委員會,立法院第8屆第6會期司法及法制、社會福利及衛生環境委員會第1次聯席會議,併案審查（一）行政院函請審議「兒童及少年性交易防制條例修正草案」、（二）委員陳根德等18人擬具「兒童及少年性交易防制條例第二十九條條文修正草案」、（三）委員王育敏等31人擬具「兒童及少年性交易防制條例部分條文修正草案」、（四）委員邱志偉等20人擬具「兒童及少年性交易防制條例第三十三條條文修正草案」、（五）委員謝國樑等23人擬具「兒童及少年性交易防制條例第十六條、第十七條及第十八條條文修正草案」、（六）委員蔣乃辛等21人擬具「兒童及少年性交易防制條例增訂第二十五條之一及第三十三條之一條文草案」、（七）委員鄭汝芬等22人擬具「兒童及少年性交易防制條例部分條文修正草案」、（八）委員吳宜臻等22人擬具「兒童及少年性交易防制條例修正草案」、（九）委員李桐豪等27人擬具「兒童及少年性交易防制條例部分條文修正草案」及（十）委員王育敏等33人擬具「兒童及少年性交易防制條例修正草案」案。,劉建國;李貴敏;廖正井;陳節如;蔡錦隆;王育敏;江惠貞;林鴻池;李桐豪;黃偉哲;鄭天財(Sra．Kacaw);江啟臣;邱文彥;周倪安;邱志偉;高金素梅;陳明文;葉津鈴;簡東明;楊瓊瓔,
103/11/06,群賢樓801會議室,社會福利及衛生環境委員會,無,立法院第8屆第6會期社會福利及衛生環境委員會第16次全體委員會議, 邀請衛生福利部蔣部長丙煌就「國際安寧療護現況、我國如何提升生命末期照護品質、推動在地安寧及減少無效醫療」列席報告，並備質詢。,楊玉欣;劉建國;陳其邁;吳育仁;蔡錦隆;王育敏;江惠貞;蘇清泉;廖國棟;陳節如;田秋堇;鄭汝芬;徐少萍;林淑芬;邱文彥;周倪安;楊曜;黃偉哲;高金素梅;葉津鈴;簡東明;楊瓊瓔;廖正井;李貴敏;鄭天財(Sra．Kacaw);陳歐珀;李桐豪;黃昭順;邱志偉,
103/11/06,群賢樓101會議室,教育及文化委員會,無,立法院第8屆第6會期教育及文化委員會第13次全體委員會議,繼續審查(處理) 104年度教育部及附屬單位預算。(11月5日、6日2天一次會),,
103/11/10,群賢樓801會議室,社會福利及衛生環境委員會,無,立法院第8屆第6會期社會福利及衛生環境委員會第17次全體委員會議,繼續審查中華民國104年度中央政府總預算案有關衛生福利部主管預算（公務部分）案。（預算處理） ,,
103/11/10,紅樓302會議室,司法及法制委員會,無,立法院第8屆第6會期司法及法制委員會第12次全體委員會議,一、審查104年度中央政府總預算案關於行政院人事行政總處及所屬主管收支部分。二、審查104年度中央政府總預算案附屬單位預算非營業部分關於行政院人事行政總處主管「中央公教人員急難救助基金」收支部分。,廖正井;李貴敏;高志鵬;尤美女;王廷升;呂學樟;林鴻池;盧嘉辰;黃偉哲;吳育昇;鄭天財(Sra．Kacaw);孔文吉;周倪安;賴振昌;管碧玲;高金素梅;蘇清泉;葉津鈴;王進士;王惠美;何欣純;楊瓊瓔;潘維剛;曾巨威;顏寬恒,
103/11/10,紅樓201會議室,交通委員會,無,立法院第8屆第6會期交通委員會第9次全體委員會議,審查104年度中央政府總預算案附屬單位預算非營業部分關於交通部主管交通作業基金－國道公路建設管理基金分預算。(詢答及處理)(11月10日、12日及13日三天一次會),李昆澤;楊麗環;羅淑蕾;林國正;管碧玲;蔡其昌;王進士;葉宜津;李鴻鈞;黃偉哲;盧嘉辰;廖正井;李貴敏;吳育昇;鄭天財(Sra．Kacaw);孔文吉;廖國棟;呂學樟;周倪安;張慶忠;高金素梅;蘇清泉;葉津鈴;陳明文;王惠美;何欣純;楊瓊瓔;潘維剛;徐欣瑩;陳根德,
103/11/10,紅樓101會議室,經濟委員會,無,立法院第8屆第6會期經濟委員會第10次全體委員會議,繼續審查104年度中央政府總預算案關於經濟部、工業局單位預算部分。（處理）（11月10日、12日、13日三天一次會）,丁守中;廖國棟,
103/11/10,紅樓202會議室,內政委員會,無,立法院第8屆第6會期內政委員會第20次全體委員會議,審查104年度中央政府總預算案關於行政院海岸巡防署主管─海岸巡防署、海洋巡防總局、海岸巡防總局及所屬主管收支部分。 ,段宜康;周倪安;陳超明;鄭天財(Sra．Kacaw);李俊俋;邱文彥;陳其邁,
103/11/10,群賢樓101會議室,教育及文化委員會,無,立法院第8屆第6會期教育及文化委員會第14次全體委員會議,繼續審查(處理) 104年度文化部及所屬單位預算。(11月10、12、13日3天一次會),,
103/11/10,紅樓202會議室,內政委員會,無,立法院第8屆第6會期內政委員會第19次全體委員會議,邀請內政部部長陳威仁、財政部次長、經濟部次長、金融監督管理委員會副主任委員及其所屬，針對「2008年迄今全國辦理公辦都市更新、公有地參與都市更新及依都市計畫法第27條迅行變更工業區用地為住商使用案件辦理情形」進行專題報告並備質詢。,盧嘉辰;段宜康;吳育昇;鄭天財(Sra．Kacaw);張慶忠;李俊俋;高志鵬;陳其邁;潘維剛;周倪安;楊麗環;羅淑蕾;黃偉哲;李貴敏;廖正井;孔文吉;廖國棟;呂學樟;管碧玲;高金素梅;蘇清泉;陳明文;葉津鈴;王進士;王惠美;何欣純;楊瓊瓔;紀國棟;陳亭妃;田秋堇;姚文智,
103/11/11,紅樓201會議室,程序委員會,無,第8屆第6會期程序委員會第10次會議,審定本院第8屆第6會期第10次會議議事,江惠貞;賴振昌;蕭美琴;費鴻泰;陳淑慧;尤美女;陳節如,
103/11/12,紅樓301會議室,外交及國防委員會,無,立法院第8屆第6會期外交及國防委員會第17次全體委員會議,一、邀請外交部部長林永樂報告「外交部協助國內NGO因應伊波拉防疫及從事國際交流合作之現況」，並備質詢。 二、處理院會交付外交部103年度中央政府總預算決議凍結案等2案： （一）凍結「國際會議及交流」項下補助「世界自由民主聯盟中華民國總會」經費五分之一案。 （二）凍結「國際會議及交流」項下補助「亞洲太平洋自由民主聯盟秘書處」經費二分之一案。,陳歐珀;李桐豪;蔡煌瑯;楊應雄;陳鎮湘;蕭美琴;簡東明;江啟臣;林郁方;邱志偉;詹凱臣;陳唐山;馬文君;羅淑蕾;盧嘉辰;賴士葆;許添財;盧秀燕;賴振昌;鄭天財(Sra．Kacaw);孔文吉;林德福;周倪安;李貴敏;邱文彥;管碧玲;薛凌;黃偉哲;楊玉欣;楊麗環,
103/11/12,紅樓302會議室,司法及法制委員會,無,立法院第8屆第6會期司法及法制委員會第13次全體委員會議,（下午1時30分至5時30分）二、審查104年度中央政府總預算案關於立法院主管收支部分。（11月12日、13日兩天一次會）,尤美女;呂學樟;許添財,
103/11/12,群賢樓101會議室,教育及文化委員會,無,立法院第8屆第6會期教育及文化委員會第14次全體委員會議,（上午）繼續審查(處理) 104年度文化部及所屬單位預算。(11月10、12、13日3天一次會),,
103/11/12,九樓大禮堂,財政委員會,無,立法院第8屆第6會期財政委員會第12次全體委員會議,邀請財政部張部長、金融監督管理委員會曾主任委員就「發行台灣存託憑證之監管、資金流向追蹤，以及公股銀行對頂新集團之債權保障措施暨該集團所持有台北金融大樓股份有限公司股權政府所採之策略」專題報告，並備質詢;另請中央銀行彭總裁列席備詢。(11月12日及13日兩天一次會),盧秀燕;許添財;吳秉叡;林德福;李應元;賴士葆;賴振昌;薛凌;孫大千;費鴻泰;羅明才;曾巨威;李桐豪;楊應雄;陳歐珀;楊麗環;羅淑蕾;鄭天財(Sra．Kacaw);簡東明;孔文吉;江啟臣;周倪安;管碧玲;邱文彥;李貴敏;邱志偉;黃偉哲;廖正井;盧嘉辰,
103/11/12,群賢樓801會議室,社會福利及衛生環境委員會,無,立法院第8屆第6會期社會福利及衛生環境委員會第18次全體委員會議(議程更新),繼續審查中華民國104年度中央政府總預算案有關衛生福利部主管預算（公務部分）案。（預算處理） ,,
103/11/12,紅樓202會議室,內政委員會,無,立法院第8屆第6會期內政委員會第21次全體委員會議,審查104年度中央政府總預算案關於行政院收支部分。(11月12日及13日兩天一次會),盧嘉辰;段宜康;鄭天財(Sra．Kacaw);邱議瑩;周倪安;紀國棟;邱文彥;李俊俋;姚文智;羅淑蕾;楊麗環;廖正井;李桐豪;陳歐珀;楊應雄;賴士葆;簡東明;許添財;邱志偉;孔文吉;林德福;黃偉哲;盧秀燕;賴振昌;江啟臣;陳其邁;管碧玲;李貴敏;薛凌;張慶忠;蕭美琴;吳育昇;羅明才,
103/11/12,紅樓302會議室,司法及法制委員會,無,立法院第8屆第6會期司法及法制委員會第13次全體委員會議,（上午9時至12時）一、邀請法務部部長率同調查局局長、廉政署署長；及內政部警政署署長、中央選舉委員會副主任委員就「推陳出新之各種賄選方式因應措施及檢討法務部函示『賄選犯行例舉』相關賄選認定標準及適用情形」進行專題報告，並備質詢。,廖正井;李貴敏;高志鵬;柯建銘;林鴻池;尤美女;陳歐珀;呂學樟;簡東明;盧嘉辰;楊麗環;羅淑蕾;賴士葆;許添財;鄭天財(Sra．Kacaw);蕭美琴;楊應雄;盧秀燕;賴振昌;林德福;孔文吉;江啟臣;周倪安;邱文彥;管碧玲;薛凌;邱志偉;黃偉哲;陳其邁;李桐豪,
103/11/12,紅樓201會議室,交通委員會,無,立法院第8屆第6會期交通委員會第9次全體委員會議,一、併案審查： (一)委員陳根德等18人擬具「道路交通管理處罰條例部分條文修正草案」案。 (二)委員蔡正元等21人擬具「道路交通管理處罰條例第四條條文修正草案」案。 (三)委員劉建國等25人擬具「道路交通管理處罰條例第四條及第三十二條之一條文修正草案」案。 (四)委員陳根德等16人擬具「道路交通管理處罰條例第七條之二條文修正草案」案。 (五)委員葉宜津等19人擬具「道路交通管理處罰條例第十二條條文修正草案」案。 (六)委員劉櫂豪等18人擬具「道路交通管理處罰條例第三十一條條文修正草案」案。 (七)委員孫大千等21人擬具「道路交通管理處罰條例第三十一條之一條文修正草案」案。 (八)委員丁守中等18人擬具「道路交通管理處罰條例第三十一條之一條文修正草案」案。 (九)委員盧秀燕等22人擬具「道路交通管理處罰條例第三十一條之一條文修正草案」案。 (十)委員陳根德等17人擬具「道路交通管理處罰條例第三十一條之一條文修正草案」案。 (十一)委員邱志偉等18人擬具「道路交通管理處罰條例增訂第三十一條之三條文草案」案。 (十二)委員江惠貞等16人擬具「道路交通管理處罰條例第三十三條條文修正草案」案。 (十三)委員黃文玲等28人擬具「道路交通管理處罰條例第三十五條條文修正草案」案。 (十四)委員陳根德等17人擬具「道路交通管理處罰條例第三十五條條文修正草案」案。 (十五)委員蔡正元等21人擬具「道路交通管理處罰條例第三十五條條文修正草案」案。 (十六)委員呂玉玲等16人擬具「道路交通管理處罰條例第五十六條條文修正草案」案。 (十七)委員王進士等17人擬具「道路交通管理處罰條例第五十六條條文修正草案」案。 (十八)委員林明溱等19人擬具「道路交通管理處罰條例第六十九條條文修正草案」案。 (十九)委員邱志偉等17人擬具「道路交通管理處罰條例第七十八條條文修正草案」案。 (二十)委員江啟臣等22人擬具「道路交通管理處罰條例第九十條之三條文修正草案」案。 二、繼續審查委員許添財等21人擬具「道路交通管理處罰條例增訂第二十一條之二條文草案」案。 三、審查行政院函請審議「船員法部分條文修正草案」案。 四、併案審查： (一)委員陳亭妃等21人擬具「船舶法第二十四條條文修正草案」案。 (二)委員李昆澤等22人擬具「船舶法第五十二條條文修正草案」案。 五、併案審查： (一)行政院函請審議廢止「中華電信股份有限公司條例」案。 (二)委員黃偉哲等19人擬具廢止「中華電信股份有限公司條例」案。 六、審查人民請願案59案。(第一、三、四、五案合併說明及詢答，另第二案已詢答完畢，第一案至第六案分開處理)(11月10日、12日及13日三天一次會）,李昆澤;羅淑蕾;楊麗環;管碧玲;蔡其昌;林國正;葉宜津;王進士;邱志偉;廖正井;賴士葆;李桐豪;陳歐珀;許添財;楊應雄;鄭天財(Sra．Kacaw);簡東明;林德福;孔文吉;蕭美琴;盧秀燕;賴振昌;周倪安;江啟臣;薛凌;李貴敏;邱文彥;盧嘉辰;黃偉哲;丁守中;李鴻鈞,
103/11/12,群賢樓101會議室,教育及文化委員會,無,立法院第8屆第6會期教育及文化委員會第14次全體委員會議,（下午）邀請教育部部長、教育部體育署署長列席報告「2014年韓國仁川亞洲運動會我國奪牌績效檢討、2016年巴西里約奧運準備規劃、2017年世界大學運動會之籌辦進度、各縣市學校及國民運動設施之現況與發展」，並備質詢。,黃志雄;段宜康;陳碧涵;陳學聖;呂玉玲;蔣乃辛;孔文吉;許智傑;簡東明;姚文智;李桐豪;楊玉欣,
103/11/12,紅樓101會議室,經濟委員會,無,立法院第8屆第6會期經濟委員會第10次全體委員會議,繼續審查104年度中央政府總預算案關於經濟部、工業局單位預算部分。（處理）（11月10日、12日、13日三天一次會）,,
103/11/13,紅樓201會議室,交通委員會,無,立法院第8屆第6會期交通委員會第9次全體委員會議,一、併案審查： (一)委員陳根德等18人擬具「道路交通管理處罰條例部分條文修正草案」案。 (二)委員蔡正元等21人擬具「道路交通管理處罰條例第四條條文修正草案」案。 (三)委員劉建國等25人擬具「道路交通管理處罰條例第四條及第三十二條之一條文修正草案」案。 (四)委員陳根德等16人擬具「道路交通管理處罰條例第七條之二條文修正草案」案。 (五)委員葉宜津等19人擬具「道路交通管理處罰條例第十二條條文修正草案」案。 (六)委員劉櫂豪等18人擬具「道路交通管理處罰條例第三十一條條文修正草案」案。 (七)委員孫大千等21人擬具「道路交通管理處罰條例第三十一條之一條文修正草案」案。 (八)委員丁守中等18人擬具「道路交通管理處罰條例第三十一條之一條文修正草案」案。 (九)委員盧秀燕等22人擬具「道路交通管理處罰條例第三十一條之一條文修正草案」案。 (十)委員陳根德等17人擬具「道路交通管理處罰條例第三十一條之一條文修正草案」案。 (十一)委員邱志偉等18人擬具「道路交通管理處罰條例增訂第三十一條之三條文草案」案。 (十二)委員江惠貞等16人擬具「道路交通管理處罰條例第三十三條條文修正草案」案。 (十三)委員黃文玲等28人擬具「道路交通管理處罰條例第三十五條條文修正草案」案。 (十四)委員陳根德等17人擬具「道路交通管理處罰條例第三十五條條文修正草案」案。 (十五)委員蔡正元等21人擬具「道路交通管理處罰條例第三十五條條文修正草案」案。 (十六)委員呂玉玲等16人擬具「道路交通管理處罰條例第五十六條條文修正草案」案。 (十七)委員王進士等17人擬具「道路交通管理處罰條例第五十六條條文修正草案」案。 (十八)委員林明溱等19人擬具「道路交通管理處罰條例第六十九條條文修正草案」案。 (十九)委員邱志偉等17人擬具「道路交通管理處罰條例第七十八條條文修正草案」案。 (二十)委員江啟臣等22人擬具「道路交通管理處罰條例第九十條之三條文修正草案」案。 二、繼續審查委員許添財等21人擬具「道路交通管理處罰條例增訂第二十一條之二條文草案」案。 三、審查行政院函請審議「船員法部分條文修正草案」案。 四、併案審查： (一)委員陳亭妃等21人擬具「船舶法第二十四條條文修正草案」案。 (二)委員李昆澤等22人擬具「船舶法第五十二條條文修正草案」案。 五、併案審查： (一)行政院函請審議廢止「中華電信股份有限公司條例」案。 (二)委員黃偉哲等19人擬具廢止「中華電信股份有限公司條例」案。 六、審查人民請願案59案。(第一、三、四、五案合併說明及詢答，另第二案已詢答完畢，第一案至第六案分開處理)(11月10日、12日及13日三天一次會）,,
103/11/13,九樓大禮堂,財政委員會,無,立法院第8屆第6會期財政委員會第12次全體委員會議,一、邀請中央銀行彭總裁就「如何避免企業透過國內外利率差異，進行套利，進而影響國內金融及匯率之穩定，暨一般企業及壽險業者海內外資金調度、投資，對台灣金融、外匯市場影響」專題報告，並備質詢。二、邀請財政部張部長、金融監督管理委員會曾主任委員就「美國外國帳戶稅收遵循法（FATCA）之跨政府協議(IGA)及台美租稅協定之簽署與推動情形」專題報告，並備質詢。(11月12日及13日兩天一次會),許添財;吳秉叡;林德福;賴士葆;盧秀燕;薛凌;賴振昌;費鴻泰;廖正井;陳歐珀;楊應雄;李桐豪;黃偉哲;李貴敏;吳育仁;邱文彥;曾巨威;李應元;羅明才,
103/11/13,群賢樓801會議室,社會福利及衛生環境委員會,無,立法院第8屆第6會期社會福利及衛生環境委員會第18次全體委員會議(議程更新),繼續審查中華民國104年度中央政府總預算案有關衛生福利部主管預算（公務部分）案。（預算處理）,,
103/11/13,紅樓101會議室,經濟委員會,無,立法院第8屆第6會期經濟委員會第10次全體委員會議,邀請行政院食品安全辦公室代理主任、行政院農業委員會主任委員、經濟部部長、衛生福利部部長、財政部首長、法務部首長就下列議題提出專案報告，並備質詢：一、國內自越南大幸福公司進口油脂中占81.8％之頂新、永成油脂及永成物料等3家公司34599 公噸進口油脂之流向調查與查廠報告。二、頂新自越南進口飼料油疑遭戴奧辛污染之送驗過程與檢驗結果，以及如何強化進口農產品、食品以及食用油與非食用油脂邊境管制與檢驗措施。（11月10日、12日、13日三天一次會）,丁守中;黃昭順;黃偉哲;葉津鈴;陳怡潔;蘇震清;廖國棟;周倪安;許添財;陳明文;李慶華;楊應雄;林德福;盧秀燕;賴士葆;廖正井;陳歐珀;田秋堇;李貴敏;江啟臣;薛凌;邱志偉;蔡錦隆;賴振昌;邱文彥;吳秉叡;羅明才;蕭美琴;李桐豪,
103/11/13,紅樓302會議室,司法及法制委員會,無,立法院第8屆第6會期司法及法制委員會第13次全體委員會議,審查104年度中央政府總預算案關於監察院主管收支部分。（11月12日、13日兩天一次會）,廖正井;李貴敏;呂學樟;尤美女;林鴻池;陳歐珀;李桐豪;邱志偉;周倪安;黃偉哲;盧秀燕;許添財;賴士葆;廖國棟;蕭美琴;江啟臣;楊應雄;賴振昌;邱文彥;曾巨威,
103/11/13,紅樓202會議室,內政委員會,無,立法院第8屆第6會期內政委員會第21次全體委員會議,審查104年度中央政府總預算案關於行政院收支部分。(11月12日及13日兩天一次會，已於12日20時50分散會),,
103/11/13,群賢樓101會議室,教育及文化委員會,無,立法院第8屆第6會期教育及文化委員會第14次全體委員會議,繼續審查(處理) 104年度科技部及所屬單位預算與104年度行政法人國家災害防救科技中心預算。(11月10、12、13日3天一次會),,
103/11/13,紅樓301會議室,外交及國防委員會,無,立法院第8屆第6會期外交及國防委員會第18次全體委員會議,邀請國防部部長嚴明報告「因應實施募兵制及四個月軍事訓練役，對後備部隊戰力及動員戰備之影響檢討與策進規劃」，並備質詢。,蔡煌瑯;陳歐珀;楊應雄;邱志偉;李桐豪;陳鎮湘;林郁方;蕭美琴;江啟臣;陳唐山;詹凱臣;廖正井;周倪安;黃偉哲;盧秀燕;許添財;賴士葆;李貴敏;廖國棟;賴振昌;邱文彥;呂學樟,
103/11/17,紅樓101會議室,經濟委員會,無,立法院第8屆第6會期經濟委員會第11次全體委員會議,審查104年度中央政府總預算案附屬單位預算營業部分關於經濟部主管：台灣中油股份有限公司。（詢答及處理）（11月17日、19日、20日三天一次會）,丁守中;葉津鈴;黃偉哲;蘇震清;廖國棟;陳明文;陳怡潔;黃昭順;李慶華;楊瓊瓔;王惠美;江啟臣;邱志偉;邱文彥;孔文吉;周倪安;賴振昌;李桐豪;廖正井;林德福;盧嘉辰;王進士;陳歐珀;蕭美琴;管碧玲;吳育昇;姚文智;陳淑慧;林岱樺;李貴敏,
103/11/17,紅樓201會議室,交通委員會,無,立法院第8屆第6會期交通委員會「台灣高鐵財務問題及解決方案」公聽會,立法院第8屆第6會期交通委員會「台灣高鐵財務問題及解決方案」公聽會,羅淑蕾;管碧玲;蔡其昌;葉宜津;楊麗環,
103/11/17,九樓大禮堂,財政委員會,無,立法院第8屆第6會期財政委員會第13次全體委員會議,彙總整理提出「中華民國104年度中央政府總預算案審查總報告（含機密部分）草案」提報院會案(機密部分舉行秘密會議)。(11月17日及19日兩天一次會),,
103/11/17,紅樓202會議室,內政委員會,無,立法院第8屆第6會期內政委員會第22次全體委員會議,處理103年度中央政府總預算有關行政院預算凍結項目報告案計12案。,盧嘉辰;段宜康;邱文彥;周倪安;吳育昇;李俊俋;陳其邁;鄭天財(Sra．Kacaw);姚文智;黃偉哲;李桐豪;廖正井;邱志偉;李貴敏;孔文吉;王進士;陳歐珀;江啟臣;林德福;賴振昌;蕭美琴;管碧玲;蘇清泉;葉津鈴;陳明文;葉宜津;高金素梅;紀國棟,
103/11/17,紅樓301會議室,外交及國防委員會,無,立法院第8屆第6會期外交及國防委員會第19次全體委員會議,邀請外交部部長林永樂、駐日代表沈斯淳、經濟部部長、教育部部長、文化部部長、交通部觀光局局長、國立故宮博物院院長報告「台日外交關係之發展與未來展望、如何有效推動雙邊經貿發展之檢討與策進作為，以及如何提升台日文化、觀光、學術交流之品質與機會，以加強台日間之實質關係」，並備質詢。,李桐豪;邱志偉;蔡煌瑯;陳歐珀;江啟臣;陳鎮湘;蕭美琴;林郁方;陳唐山;楊應雄;蘇清泉;邱文彥;黃偉哲;李貴敏;孔文吉;王進士;周倪安;楊玉欣;林德福;賴振昌;管碧玲;吳育昇;盧嘉辰;葉津鈴;姚文智;陳明文;呂學樟;高金素梅;廖正井,
103/11/17,紅樓302會議室,司法及法制委員會,無,立法院第8屆第6會期司法及法制委員會第14次全體委員會議,一、審查104年度中央政府總預算案附屬單位預算非營業部分關於考試院考選部主管「考選業務基金」收支部分。二、審查104年度中央政府總預算案附屬單位預算非營業部分關於考試院銓敘部主管「公務人員退休撫卹基金」收支部分。,廖正井;呂學樟;李貴敏;林鴻池;李桐豪;尤美女;邱文彥;黃偉哲;孔文吉;陳明文;周倪安;陳歐珀;江啟臣;林德福;蕭美琴;賴振昌;王進士;吳育昇;蘇清泉;葉津鈴;姚文智;管碧玲;潘維剛;盧嘉辰;顏寬恒;鄭天財(Sra．Kacaw),
103/11/17,群賢樓801會議室,社會福利及衛生環境委員會,無,立法院第8屆第6會期社會福利及衛生環境委員會第19次全體委員會議,一、審查中華民國104年度中央政府總預算案有關勞動部主管預算（公務部分）案。（預算詢答） 二、審查中華民國104年度中央政府總預算案附屬單位預算有關勞動部主管非營業基金(作業基金—勞工保險局作業基金、特別收入基金—就業安定基金)、信託基金(勞工退休基金《舊制》)、勞工退休基金《新制》、積欠工資墊償基金等預算案。(預算詢答),趙天麟;蘇清泉;楊玉欣;陳節如;蔡錦隆;王育敏;吳育仁;江惠貞;楊曜;林淑芬;李桐豪;廖正井;劉建國;李貴敏;田秋堇;林德福;王進士;賴振昌;陳歐珀;江啟臣;管碧玲;葉津鈴;吳育昇;姚文智;陳明文;陳淑慧;潘維剛;徐欣瑩;顏寬恒;高金素梅;徐少萍;邱文彥;黃偉哲;盧嘉辰;邱志偉,
103/11/17,群賢樓101會議室,教育及文化委員會,無,立法院第8屆第6會期教育及文化委員會第15次全體委員會議,一、繼續審查(處理) 104年度行政院原子能委員會及所屬單位預算。二、繼續審查(處理)行政院原子能委員會主管104年度核子事故緊急應變基金附屬單位預算。 (11月17日、19日及20日3天一次會),,
103/11/18,紅樓201會議室,程序委員會,無,第8屆第6會期程序委員會第11次會議,審定本院第8屆第6會期第11次會議議事,陳碧涵,
103/11/19,紅樓101會議室,經濟委員會,無,立法院第8屆第6會期經濟委員會第11次全體委員會議,審查104年度中央政府總預算案附屬單位預算非營業部分關於經濟部主管：經濟作業基金（含加工出口區作業基金、產業園區開發管理基金、中小企業發展基金）、水資源作業基金（含溫泉事業發展基金）、經濟特別收入基金（含推廣貿易基金、能源研究發展基金、石油基金、再生能源發展基金）、核能發電後端營運基金及地方產業發展基金。（詢答）（11月17日、19日、20日三天一次會）,黃偉哲;廖國棟;陳怡潔;蘇震清;葉津鈴;廖正井;許添財;吳秉叡;蕭美琴;賴士葆;李桐豪;江啟臣;鄭天財(Sra．Kacaw);賴振昌;邱文彥;周倪安;邱志偉;蔡錦隆;吳育昇;薛凌;陳碧涵;田秋堇,
103/11/19,群賢樓801會議室,社會福利及衛生環境委員會,無,立法院第8屆第6會期社會福利及衛生環境委員會第20次全體委員會議(議程更新),（11月19日） 繼續審查行政院函請審議「水污染防治法部分條文修正草案」、本院委員王育敏等41人、委員李昆澤等21人、委員丁守中等20人、委員趙天麟等20人、委員葉津鈴等17人、委員林淑芬等24人、委員蔣乃辛等17人分別擬具「水污染防治法部分條文修正草案」、委員林淑芬等17人擬具「水污染防治法第十條條文修正草案」、委員田秋堇等16人擬具「水污染防治法第十六條、第二十二條及第三十四條條文修正草案」、民進黨黨團擬具「水污染防治法第三十四條之一、第三十七條及第三十九條條文修正草案」、委員黃昭順等40人擬具「水污染防治法第三十五條及第六十六條之一條文修正草案」、委員羅淑蕾等17人、委員李俊俋等22人、委員楊曜等20人、委員陳根德等19人、委員許忠信等21人、委員楊麗環等50人分別擬具「水污染防治法第四十條條文修正草案」、委員蔣乃辛等26人擬具「水污染防治法第二十七條之一及第四十條條文修正草案」、委員江惠貞等19人擬具「水污染防治法第三十四條及第三十六條條文修正草案」、委員劉建國等17人擬具「水污染防治法第三十一條及第四十條條文修正草案」、委員陳歐珀等17人擬具「水污染防治法第三十六條及第三十七條條文修正草案」等22案,,
103/11/19,九樓大禮堂,財政委員會,無,立法院第8屆第6會期財政委員會第13次全體委員會議,審查中華民國104年度中央政府總預算案附屬單位預算營業部分有關臺灣菸酒股份有限公司、財政部印刷廠。(11月17日及19日兩天一次會),許添財;吳秉叡;賴士葆;林德福;盧秀燕;賴振昌;李應元;薛凌;費鴻泰;黃偉哲;廖正井;李桐豪;鄭天財(Sra．Kacaw);邱文彥;周倪安;吳育昇;陳淑慧;陳歐珀;羅明才;曾巨威,
103/11/19,群賢樓101會議室,教育及文化委員會,無,立法院第8屆第6會期教育及文化委員會第15次全體委員會議,一、繼續審查(處理) 104年度行政院原子能委員會及所屬單位預算。二、繼續審查(處理)行政院原子能委員會主管104年度核子事故緊急應變基金附屬單位預算。 (11月17日、19日及20日3天一次會),,
103/11/19,紅樓302會議室,司法及法制委員會,無,立法院第8屆第6會期司法及法制委員會第15次全體委員會議,一、審查廖正井等20人擬具「刑事訴訟法第四百二十二條條文修正草案」案。二、併案審查（一）委員委員廖正井等19人擬具「中華民國刑法第二百八十三條條文修正草案」、（二）委員謝國樑等22人擬具「中華民國刑法增訂第二百七十七條之一條文草案」及（三）委員羅淑蕾等23人擬具「中華民國刑法第二百七十七條條文修正草案」案。三、繼續審查委員廖正井等31人擬具「刑事訴訟法施行法增訂第七條之八條文草案」案。（11月19日、20日兩天一次會）,廖正井;段宜康;呂學樟;陳歐珀;邱志偉;尤美女;蕭美琴;黃偉哲;李桐豪;許添財;鄭天財(Sra．Kacaw);江啟臣;周倪安;林鴻池;吳育昇;陳碧涵;高志鵬;李貴敏,
103/11/19,紅樓301會議室,外交及國防委員會,無,立法院第8屆第6會期外交及國防委員會第20次全體委員會議,邀請外交部部長、經濟部部長、國家發展委員會主任委員、行政院大陸委員會主任委員報告「中韓簽定FTA及2014APEC會議結論對我國外交、國際經貿實力及兩岸經貿關係、國內產業之影響及評估，及未來應如何擴大我國在亞洲地區之外交及經貿影響力，以提升我國參與區域經貿整合之實力」，並備質詢。,蕭美琴;蔡煌瑯;李桐豪;陳鎮湘;林郁方;江啟臣;陳唐山;邱志偉;賴振昌;楊應雄;陳歐珀;許添財;黃偉哲;周倪安;葉津鈴;吳育昇;陳碧涵;呂學樟;鄭天財(Sra．Kacaw);馬文君;廖正井;陳淑慧,
103/11/19,紅樓202會議室,內政委員會,無,立法院第8屆第6會期內政委員會第23次全體委員會議,一、審查行政院函請審議「海岸法草案」案。二、審查本院委員邱文彥等67人擬具「海岸管理法草案」案。三、審查本院委員林淑芬等18人擬具「海岸法草案」案。,段宜康;紀國棟;鄭天財(Sra．Kacaw);周倪安;李俊俋;張慶忠;吳育昇;蕭美琴;黃偉哲;陳歐珀;許添財;李桐豪;廖正井;江啟臣;陳碧涵;邱文彥;陳其邁;姚文智,
103/11/20,群賢樓101會議室,教育及文化委員會,無,立法院第8屆第6會期教育及文化委員會第15次全體委員會議,繼續審查(處理)104年度國立故宮博物院預算。(11月17日、19日及20日3天一次會),,
103/11/20,紅樓101會議室,經濟委員會,無,立法院第8屆第6會期經濟委員會第11次全體委員會議,繼續審查104年度中央政府總預算案附屬單位預算非營業部分關於經濟部主管：經濟作業基金（含加工出口區作業基金、產業園區開發管理基金、中小企業發展基金）、水資源作業基金（含溫泉事業發展基金）、經濟特別收入基金（含推廣貿易基金、能源研究發展基金、石油基金、再生能源發展基金）、核能發電後端營運基金及地方產業發展基金。（處理）（11月17日、19日、20日三天一次會）,,
103/11/20,群賢樓801會議室,社會福利及衛生環境委員會,無,立法院第8屆第6會期社會福利及衛生環境委員會第20次全體委員會議(議程更新),（11月20日） 一、邀請衛生福利部蔣部長丙煌、行政院農業委員會副主任委員、財政部關務署署長、經濟部、行政院食品安全辦公室等派員就「日本進口油品(稅則號列1501、1503、1511、1516、1517、1518)之數量、價格報關查核，與衛生福利部27家查廠報告、統一使用越南大幸福椰子油、維力使用北海油脂流向及戴奧辛檢驗結果、檢驗方法」列席報告，並備質詢。 二、繼續併案審查本院委員蔡錦隆等24人擬具「身心障礙者權益保障法第一百條條文修正草案」、委員田秋堇等18人、委員李昆澤等19人分別擬具「身心障礙者權益保障法第六十條條文修正草案」、委員蔣乃辛等27人擬具「身心障礙者權益保障法第五條之一及第六十條條文修正草案」、委員江惠貞等25人、台灣團結聯盟黨團分別擬具「身心障礙者權益保障法第六十條及第一百條條文修正草案」等6案。 三、併案審查本院委員田秋堇等19人、委員尤美女等20人、委員蔣乃辛等20人、委員羅明才等22人分別擬具「食品安全衛生管理法部分條文修正草案」、委員黃志雄等19人擬具「食品安全衛生管理法第七條條文修正草案」、委員王育敏等28人擬具「食品安全衛生管理法第二十五條條文修正草案」等6案。 ,田秋堇;廖國棟;蘇清泉;陳節如;劉建國;趙天麟;江惠貞;王育敏;蔡錦隆;鄭汝芬;吳育仁;楊曜;管碧玲;邱文彥;尤美女;李昆澤;黃偉哲;楊麗環;陳其邁;徐少萍;羅淑蕾;李貴敏;葉宜津;李桐豪;林淑芬;楊玉欣,
103/11/20,紅樓202會議室,內政委員會,無,立法院第8屆第6會期內政委員會第23次全體委員會議,一、審查行政院函請審議「海岸法草案」案。二、審查本院委員邱文彥等67人擬具「海岸管理法草案」案。三、審查本院委員林淑芬等18人擬具「海岸法草案」案。（11月19日及20日兩天一次會，已於19日18時25分散會）,,
103/11/20,紅樓201會議室,交通委員會,無,立法院第8屆第6會期交通委員會第10次全體委員會議,邀請交通部部長葉匡時率同所屬列席就「高鐵財務改善方案」提出報告，並備質詢；並請台灣高速鐵路股份有限公司董事長范志強列席備詢。,李昆澤;林國正;羅淑蕾;葉宜津;李鴻鈞;蔡其昌;陳根德;王進士;李桐豪;楊麗環;管碧玲;孔文吉;陳明文;江啟臣;李貴敏;邱志偉;邱文彥;吳育仁;周倪安;黃偉哲;賴振昌;陳雪生;陳歐珀,
103/11/20,紅樓301會議室,外交及國防委員會,無,立法院第8屆第6會期外交及國防委員會第21次全體委員會議,邀請國防部部長、國家安全局局長、交通部部長、科技部部長、經濟部部長、法務部部長、內政部部長率警政署署長、行政院資通安全辦公室主任、國家通訊傳播委員會主任委員、中華電信股份有限公司董事長報告「中國網軍入侵我國政府機關及社群網站之現況及對國安之影響、如何避免各機關機密文件資料遭駭客竊取、我國對資安防護之軟硬體規劃及建構期程、相關人才培訓、對中國之攻擊能量、資安預算編列狀況、責任歸屬，以及如何有效整合各單位之資安能量」，並備質詢。,李桐豪;蔡煌瑯;陳歐珀;江啟臣;陳鎮湘;林郁方;邱志偉;詹凱臣;羅淑蕾;馬文君;管碧玲;李貴敏;邱文彥;陳唐山;葉宜津;吳育仁;周倪安;黃偉哲;賴振昌;楊麗環;孔文吉;尤美女;陳明文;姚文智,
103/11/20,紅樓302會議室,司法及法制委員會,無,立法院第8屆第6會期司法及法制委員會第15次全體委員會議,一、審查廖正井等20人擬具「刑事訴訟法第四百二十二條條文修正草案」案。二、併案審查（一）委員委員廖正井等19人擬具「中華民國刑法第二百八十三條條文修正草案」、（二）委員謝國樑等22人擬具「中華民國刑法增訂第二百七十七條之一條文草案」及（三）委員羅淑蕾等23人擬具「中華民國刑法第二百七十七條條文修正草案」案。三、繼續審查委員廖正井等31人擬具「刑事訴訟法施行法增訂第七條之八條文草案」案。（11月19日、20日兩天一次會）,,
103/12/01,紅樓101會議室,經濟委員會,無,立法院第8屆第6會期經濟委員會第12次全體委員會議,審查104年度中央政府總預算案附屬單位預算營業部分關於經濟部主管：台灣糖業股份有限公司。（詢答及處理）,黃偉哲;丁守中;黃昭順;蘇震清;葉津鈴;廖國棟;陳怡潔;許添財;賴士葆;林德福;李桐豪;李貴敏;廖正井;盧嘉辰;賴振昌;邱文彥;蘇清泉;吳育仁;薛凌;蔡錦隆;周倪安;盧秀燕;高金素梅;陳亭妃;呂學樟;江惠貞;蔣乃辛;鄭天財(Sra．Kacaw);王惠美;陳明文,
103/12/01,九樓大禮堂,財政委員會,無,立法院第8屆第6會期財政委員會第14次全體委員會議,併案審查行政院函請審議「電子支付機構管理條例草案」暨本院委員李貴敏等45人擬具「電子商務支付服務發展及管理條例草案」案。(本日進行詢答)(12月1日、3日兩天一次會),許添財;吳秉叡;賴士葆;林德福;賴振昌;孫大千;薛凌;盧秀燕;李桐豪;李貴敏;廖正井;黃偉哲;盧嘉辰;鄭天財(Sra．Kacaw);邱文彥;蘇清泉;高金素梅;陳亭妃;葉津鈴;周倪安;黃昭順;呂學樟;蔣乃辛;江惠貞;李應元;費鴻泰,
103/12/01,群賢樓801會議室,社會福利及衛生環境委員會,無,立法院第8屆第6會期社會福利及衛生環境委員會第21次全體委員會議,一、審查行政院函請審議「消費者保護法部分條文修正草案」、本院委員丁守中等23人擬具「消費者保護法第十九條條文修正草案」、委員李應元等18人擬具「消費者保護法增訂第十七條之一條文草案」、委員江惠貞等24人擬具「消費者保護法第十三條及第五十六條條文修正草案」、委員林岱樺等22人擬具「消費者保護法第十三條條文修正草案」、委員陳根德等22人擬具「消費者保護法第三十三條條文修正草案」、委員謝國樑等21人擬具「消費者保護法第十七條條文修正草案」、委員李昆澤等23人擬具「消費者保護法第八條、第四十六條及第五十七條之一條文修正草案」、委員賴士葆等23人、委員李桐豪等24人分別擬具「消費者保護法增訂第四條之一條文草案」、委員李俊俋等20人擬具「消費者保護法第十九條及第五十六條條文修正草案」、委員陳亭妃等17人擬具「消費者保護法第七條條文修正草案」、委員潘孟安等20人擬具「消費者保護法第六十條條文修正草案」、委員蔣乃辛等23人擬具「消費者保護法第二十二條條文修正草案」、委員謝國樑等19人擬具「消費者保護法第十九條及第十九條之二條文修正草案」、委員田秋堇等16人擬具「消費者保護法第四十九條及第六十條條文修正草案」、委員何欣純等16人擬具「消費者保護法第十一條之一、第二十二條及第五十一條條文修正草案」、委員江惠貞等18人擬具「消費者保護法第十八條、第十九條及第五十六條條文修正草案」、委員蔣乃辛等18人擬具「消費者保護法第二十四條條文修正草案」等19案。 二、繼續併案審查本院委員田秋堇等19人、委員尤美女等20人、委員蔣乃辛等20人、委員羅明才等22人分別擬具「食品安全衛生管理法部分條文修正草案」、委員黃志雄等19人擬具「食品安全衛生管理法第七條條文修正草案」、委員王育敏等28人擬具「食品安全衛生管理法第二十五條條文修正草案」等6案。 三、審查人民請願案5案。,蔡錦隆;吳育仁;陳節如;蘇清泉;江惠貞;王育敏;田秋堇;吳秉叡;李桐豪;李貴敏;林德福;許添財;賴振昌;賴士葆;黃偉哲;廖正井;盧嘉辰;鄭天財(Sra．Kacaw);邱文彥;薛凌;高金素梅;陳亭妃;葉津鈴;周倪安;黃昭順;呂學樟;蔣乃辛,
103/12/01,紅樓202會議室,內政委員會,無,立法院第8屆第6會期內政委員會第24次全體委員會議,一、「祭祀公業條例」部分：（一）審查行政院函請審議「祭祀公業條例第四條條文修正草案」案。（二）審查本院委員黃昭順等23人擬具「祭祀公業條例第二十八條條文修正草案」案。（三）審查本院委員林岱樺等18人擬具「祭祀公業條例第四條條文修正草案」案。（四）審查本院委員姚文智等20人擬具「祭祀公業條例部分條文修正草案」案。（五）審查本院委員吳宜臻等22人擬具「祭祀公業條例部分條文修正草案」案。（六）審查本院委員劉建國等16人擬具「祭祀公業條例部分條文修正草案」案。（七）審查本院委員盧秀燕等30人擬具「祭祀公業條例第四條條文修正草案」案。二、「民防法」部分：（一）審查行政院函請審議「民防法部分條文修正草案」案。（二）審查本院委員江惠貞等19人擬具「民防法第五條條文修正草案」案。（三）審查本院委員呂玉玲等19人擬具「民防法第五條條文修正草案」案。三、「替代役實施條例」部分：（一）審查行政院函請審議「替代役實施條例部分條文修正草案」案。（二）審查本院委員李應元等41人擬具「替代役實施條例第四條條文修正草案」案。,盧嘉辰;張慶忠;紀國棟;鄭天財(Sra．Kacaw);李俊俋;江惠貞;周倪安;段宜康;邱文彥;黃偉哲;廖正井;許添財;李桐豪;李貴敏;賴士葆;林德福;賴振昌;蘇清泉;薛凌;高金素梅;葉津鈴;黃昭順;呂學樟;蔣乃辛;吳育昇,
103/12/01,群賢樓101會議室,教育及文化委員會,無,立法院第8屆第6會期教育及文化委員會第16次全體委員會議,繼續審查(處理) 104年度教育部及所屬單位預算。 (12月1日及12月3日2天一次會),,
103/12/01,紅樓302會議室,司法及法制委員會,無,立法院第8屆第6會期司法及法制委員會第16次全體委員會議,一、審查考試院函請審議「公務人員升官等考試法第二條及第四條條文修正草案」案。二、審查考試院函請審議「公務人員升官等考試法第一條及第六條條文修正草案」案。,廖正井;李貴敏;呂學樟;王廷升;尤美女;李桐豪;黃偉哲;賴振昌;鄭天財(Sra．Kacaw);賴士葆;林德福;邱文彥;蘇清泉;薛凌;周倪安;高金素梅;葉津鈴;黃昭順;蔣乃辛;許添財;曾巨威,
103/12/02,紅樓201會議室,程序委員會,無,第8屆第6會期程序委員會第12次會議,審定本院第8屆第6會期第12次會議議事,王育敏,
103/12/03,紅樓301會議室,外交及國防委員會,無,立法院第8屆第6會期外交及國防委員會第22次全體委員會議,邀請外交部部長、勞動部部長、教育部部長、衛生福利部部長、交通部部長、法務部部長、僑務委員會委員長、金融監督管理委員會主任委員報告「我國青年至國外度假打工協議國相關規定、打工人數、投保情形及發生意外事故之樣態與處理程序，以及相關部會如何積極、有效於外國保護台灣青年人身安全及勞動權」，並備質詢。,楊應雄;蔡煌瑯;李桐豪;陳鎮湘;蕭美琴;邱志偉;詹凱臣;賴振昌;江啟臣;王育敏;陳歐珀;周倪安;薛凌;黃偉哲;李貴敏;林郁方;陳唐山,
103/12/03,群賢樓101會議室,財政委員會,無,立法院第8屆第6會期財政委員會第14次全體委員會議,繼續併案審查行政院函請審議「電子支付機構管理條例草案」暨本院委員李貴敏等45人擬具「電子商務支付服務發展及管理條例草案」案。(本日進行逐條審查)(12月1日、3日兩天一次會),許添財;吳秉叡;賴士葆;林德福;賴振昌;孫大千;薛凌;盧秀燕;李桐豪;李貴敏;廖正井;黃偉哲;盧嘉辰;鄭天財(Sra．Kacaw);邱文彥;蘇清泉;高金素梅;陳亭妃;葉津鈴;周倪安;黃昭順;呂學樟;蔣乃辛;江惠貞;李應元;費鴻泰;羅明才;楊應雄;陳歐珀;江啟臣,
103/12/04,紅樓301會議室,外交及國防委員會,無,立法院第8屆第6會期外交及國防委員會第23次全體委員會議,邀請國家安全局局長、交通部部長、國家通訊傳播委員會主任委員、行政院大陸委員會主任委員、內政部入出國及移民署署長、中華電信股份有限公司董事長報告「我國電信機房遭陸客侵入拍照對國安之影響及相關單位之檢討作為，未來如何有效保護我國電信設備之資訊安全的策進作為」，並備質詢。,林郁方;蔡煌瑯;陳歐珀;李桐豪;陳鎮湘;江啟臣;邱志偉;詹凱臣;陳雪生;林德福;邱文彥;陳唐山;賴振昌;黃昭順;黃偉哲;楊瓊瓔;廖國棟;馬文君;姚文智,
103/12/04,群賢樓801會議室,社會福利及衛生環境委員會,無,立法院第8屆第6會期社會福利及衛生環境委員會第22次全體委員會議(議程更新),一、繼續審查中華民國103年度中央政府總預算案附屬單位預算有關行政院環境保護署主管特別收入基金（環境保護基金）及信託基金（資源回收管理基金─信託基金部分、清潔人員執行職務死亡濟助基金）等預算案（預算處理）。 二、繼續審查中華民國104年度中央政府總預算案有關行政院環境保護署主管預算（公務部分）案（預算處理）。 三、繼續審查中華民國104年度中央政府總預算案附屬單位預算有關行政院環境保護署主管特別收入基金（環境保護基金）及信託基金（資源回收管理基金─信託基金部分、清潔人員執行職務死亡濟助基金）等預算案（預算處理）。,,
103/12/04,九樓大禮堂,財政委員會,無,立法院第8屆第6會期財政委員會第15次全體委員會議,審查本院委員羅明才等17人擬具「所得稅法第十四條之二條文修正草案」案。(12月4日一次會),許添財;林德福;賴士葆;孫大千;賴振昌;黃偉哲;陳歐珀;李桐豪;邱文彥;黃昭順;費鴻泰;羅明才;楊瓊瓔;廖國棟;盧秀燕,
103/12/04,紅樓101會議室,經濟委員會,無,立法院第8屆第6會期經濟委員會第13次全體委員會議,繼續審查103年度中央政府總預算案附屬單位預算營業部分關於經濟部主管：台灣電力股份有限公司。（處理）,,
103/12/08,群賢樓801會議室,社會福利及衛生環境委員會,無,立法院第8屆第6會期社會福利及衛生環境委員會第23次全體委員會議,一、繼續審查中華民國103年度中央政府總預算案附屬單位預算有關勞動部(原行政院勞工委員會)主管勞工保險局營業基金預算案及非營業基金(特別收入基金—就業安定基金)、信託基金(勞工退休基金《舊制》)、勞工退休基金《新制》、積欠工資墊償基金等預算案(預算處理)。 二、繼續審查中華民國103年度中央政府總預算案附屬單位預算有關衛生福利部主管作業基金（醫療藥品基金、管制藥品製藥工廠作業基金、全民健康保險基金及國民年金保險基金）及特別收入基金（健康照護基金及社會福利基金）等預算案(預算處理)。 三、邀請衛生福利部部長、公平交易委員會主任委員、經濟部部長、財政部部長、法務部部長、行政院消費者保護處處長等就「新修正『嬰兒與較大嬰兒配方食品廣告及促銷管理辦法』所訂禁止促銷與優惠方式之適切性、可行性、對民眾產生之衝擊影響評估，以及相關部會如何有效平抑國內奶粉價格，遏阻業者不當漲價行為」列席報告，並備質詢。,王育敏;蘇清泉;吳育仁;陳節如;蔡錦隆;田秋堇;楊曜;鄭汝芬;盧秀燕;趙天麟;林淑芬;林鴻池;黃偉哲;李貴敏;賴士葆;江啟臣;楊麗環;王進士;劉櫂豪;薛凌;葉津鈴;高金素梅;周倪安;黃昭順;楊瓊瓔;廖正井;王惠美;徐少萍;李昆澤;徐欣瑩;許添財;林德福;吳秉叡;劉建國,
103/12/08,紅樓201會議室,交通委員會,無,立法院第8屆第6會期交通委員會第11次全體委員會議,一、審查104年度中央政府總預算案附屬單位預算非營業部分關於交通部主管航港建設基金非營業預算。二、審查104年度中央政府總預算案附屬單位預算營業部分關於交通部主管臺灣港務股份有限公司營業預算。(以上2案合併詢答，分開處理)(12月8日、10日及11日三天一次會),李昆澤;羅淑蕾;楊麗環;劉櫂豪;李鴻鈞;蔡其昌;王進士;廖正井;黃偉哲;許添財;盧秀燕;李貴敏;江啟臣;鄭天財(Sra．Kacaw);周倪安;薛凌;葉津鈴;蘇清泉;高金素梅;黃昭順;王惠美;楊瓊瓔;陳碧涵;林國正,
103/12/08,九樓大禮堂,財政委員會,無,立法院第8屆第6會期財政委員會第16次全體委員會議,一、邀請中央銀行彭總裁及金融監督管理委員會曾主任委員就「美國可能升息對台灣之影響及因應，暨四波選擇性信用管制與房貸風險權數調整之成效」專題報告。二、邀請財政部張部長就「房地合一稅制之規劃情形」專題報告。(12月8日、10日及11日三天一次會),林德福;許添財;吳秉叡;賴士葆;盧秀燕;薛凌;曾巨威;羅明才;李昆澤;費鴻泰;黃偉哲;江啟臣;楊麗環;廖正井;劉櫂豪;王進士;葉津鈴;蘇清泉;高金素梅;周倪安;楊瓊瓔;黃昭順;王惠美;陳碧涵;鄭天財(Sra．Kacaw);趙天麟;李應元;吳育仁;李貴敏,
103/12/08,紅樓101會議室,經濟委員會,無,立法院第8屆第6會期經濟委員會第14次全體委員會議,繼續審查104年度中央政府總預算案關於經濟部所屬單位預算部分。（處理未審竣部分）（12月8日、10日、11日三天一次會）,,
103/12/08,紅樓202會議室,內政委員會,無,立法院第8屆第6會期內政委員會第25次全體委員會議,上午：繼續審查103年度中央政府總預算案（含附屬單位預算及綜計表─非營業部分）關於內政部主管「營建建設基金」、「中央都市更新基金」收支部分。(預算處理),,
103/12/08,紅樓302會議室,司法及法制委員會,無,立法院第8屆第6會期司法及法制委員會第17次全體委員會議,一、併案審查（一）委員尤美女等21人擬具「法官法部分條文修正草案」、（二）委員吳宜臻等16人擬具「法官法第三十六條條文修正草案」及（三）委員李俊俋等18人擬具「法官法第八十九條條文修正草案」案。二、審查委員尤美女等27人擬具「訴訟影音紀錄法草案」案。三、審查委員呂學樟等19人擬具「民事訴訟法第二百十三條之一條文修正草案」案。四、繼續審查委員吳宜臻等18人擬具「法院組織法部分條文修正草案」案。,李貴敏;廖正井;尤美女;劉櫂豪;呂學樟;許添財;楊麗環;林德福;黃偉哲;王進士;鄭天財(Sra．Kacaw);周倪安;葉津鈴;高金素梅;蘇清泉;黃昭順;王惠美;楊瓊瓔;陳碧涵;潘維剛;顏寬恒;盧秀燕,
103/12/08,紅樓202會議室,內政委員會,無,立法院第8屆第6會期內政委員會第25次全體委員會議,審查行政院函請審議廢止「國民住宅條例」案。,盧嘉辰;張慶忠;周倪安;鄭天財(Sra．Kacaw);陳節如;李俊俋;姚文智,
103/12/09,紅樓201會議室,程序委員會,無,第8屆第6會期程序委員會第13次會議,審定本院第8屆第6會期第13次會議議事,王廷升,
103/12/10,群賢樓101會議室,教育及文化委員會,無,立法院第8屆第6會期教育及文化委員會第17次全體委員會議,併案審查行政院函請審議「技術及職業教育法草案」、委員賴振昌等19人擬具「技術及職業教育法草案」、委員蔣乃辛等33人擬具「技術及職業教育法草案」案。(12月10日、12月11日2天一次會),陳亭妃;蔣乃辛;陳碧涵;陳淑慧;許智傑;鄭麗君;何欣純;呂玉玲;黃志雄;李昆澤;薛凌;江啟臣;李桐豪;盧秀燕;林德福;賴士葆;廖正井;羅淑蕾;楊應雄;吳秉叡;陳歐珀;李貴敏;鄭天財(Sra．Kacaw);陳明文;黃偉哲;吳育昇;蔡錦隆;鄭汝芬;楊麗環;簡東明;吳育仁;許添財;王進士;林滄敏,
103/12/10,紅樓201會議室,交通委員會,無,立法院第8屆第6會期交通委員會第11次全體委員會議,審查104年度中央政府總預算案附屬單位預算營業部分關於交通部主管交通部臺灣鐵路管理局營業預算。(詢答及處理)(12月8日、10日及11日三天一次會),李昆澤;羅淑蕾;林國正;蔡其昌;楊麗環;陳根德;江啟臣;李鴻鈞;王進士;劉櫂豪;楊應雄;許添財;李貴敏;李桐豪;鄭天財(Sra．Kacaw);蕭美琴;蔣乃辛;黃偉哲;吳育昇;陳淑慧;周倪安;陳明文;盧秀燕;簡東明;邱志偉;何欣純;王廷升;呂玉玲;廖正井;陳亭妃;陳歐珀,
103/12/10,紅樓301會議室,外交及國防委員會,無,立法院第8屆第6會期外交及國防委員會第24次全體委員會議,邀請國防部部長率國家中山科學研究院院長、科技部部長、經濟部部長率國營事業委員會報告「國防能量自主現狀及能量精進」，併請漢翔航空工業股份有限公司董事長、台灣國際造船股份有限公司董事長、財團法人船舶暨海洋產業研發中心董事長、財團法人工業技術研究院董事長列席，並備質詢。【12月10日、11日二天一次會】 ,蔡煌瑯;江啟臣;陳唐山;楊應雄;李桐豪;陳鎮湘;林郁方;蕭美琴;邱志偉;王進士;馬文君;盧秀燕;廖正井;李貴敏;簡東明;陳亭妃;許添財;鄭天財(Sra．Kacaw);蔣乃辛;黃偉哲;吳育昇;陳淑慧;楊麗環;周倪安;陳明文;詹凱臣;陳歐珀;呂玉玲;呂學樟,
103/12/10,紅樓101會議室,經濟委員會,無,立法院第8屆第6會期經濟委員會第14次全體委員會議,一、繼續審查104年度中央政府總預算案行政院歲入預算有關行政院國家發展基金折減基金繳庫及賸餘繳庫部分暨國家發展委員會及所屬單位預算部分。（處理）二、繼續審查104年度中央政府總預算案附屬單位預算非營業部分關於行政院主管：行政院國家發展基金、離島建設基金及花東地區永續發展基金。（處理）三、繼續審查104年度中央政府總預算案關於經濟部所屬單位預    算部分。（處理未審竣部分）（12月8日、10日、11日三天一次會）,,
103/12/10,紅樓202會議室,內政委員會,無,立法院第8屆第6會期內政委員會第26次全體委員會議,一、審查行政院函請審議「政治獻金法部分條文修正草案」案。二、審查本院委員廖正井等19人擬具「政治獻金法第七條條文修正草案」案。三、審查本院委員許添財等17人擬具「政治獻金法第十五條條文修正草案」案。四、審查本院委員姚文智等16人擬具「政治獻金法第十九條條文修正草案」案。五、審查本院委員陳其邁等20人擬具「政治獻金法第二十一條條文修正草案」案。六、審查本院委員李應元等16人擬具「政治獻金法第二十一條條文修正草案」案。七、審查本院委員李昆澤等17人擬具「政治獻金法第二十一條條文修正草案」案。八、審查本院委員陳歐珀等16人擬具「政治獻金法第三十條條文修正草案」案。,段宜康;邱議瑩;鄭天財(Sra．Kacaw);吳育昇;李俊俋;紀國棟;許添財;周倪安;陳其邁;盧嘉辰;陳歐珀;陳亭妃;楊應雄;羅淑蕾;廖正井;李昆澤;李貴敏;李桐豪;盧秀燕;蔣乃辛;黃偉哲;陳淑慧;楊麗環;陳明文;蕭美琴;何欣純;簡東明;邱志偉;呂玉玲;姚文智;江啟臣;林滄敏,
103/12/10,紅樓302會議室,司法及法制委員會,無,第8屆第6會期司法及法制委員會,「行政程序法如何推動影響評估、落實行政聽證及保障民眾參與」公聽會,,
103/12/10,紅樓302會議室,司法及法制委員會,無,立法院第8屆第6會期司法及法制委員會第18次全體委員會議,一、審查委員陳節如等20人擬具「民法親屬編增訂部分條文草案」案。二、審查委員陳節如等20人擬具「民法第一千一百十一條之二條文修正草案」案。三、審查委員尤美女等28人擬具「民法第一千一百八十三條及第一千二百十一條之一條文修正草案」案。四、併案審查（一）委員陳節如等20人擬具「刑事訴訟法部分條文修正草案」及（二）委員李昆澤等22人擬具「刑事訴訟法部分條文修正草案」案。五、併案審查（一）委員吳秉叡等18人擬具「刑事訴訟法部分條文修正草案」及（二）委員蕭美琴等20人擬具「刑事訴訟法第七十一條條文修正草案」案。六、審查委員李俊俋等24人擬具「刑事訴訟法第七十九條及第九十九條條文修正草案」案。（12月10日上午、12月11日一次會）,廖正井;李貴敏;林鴻池;陳節如;尤美女;李桐豪;陳亭妃;盧秀燕;許添財;鄭天財(Sra．Kacaw);陳歐珀;蔣乃辛;黃偉哲;吳育昇;陳淑慧;楊麗環;周倪安;陳明文;蕭美琴;王進士;簡東明;邱志偉;呂玉玲;陳唐山,
103/12/10,群賢樓801會議室,社會福利及衛生環境委員會,無,立法院第8屆第6會期社會福利及衛生環境委員會第24次全體委員會議,一、繼續處理中華民國103年度中央政府總預算有關行政院環境保護署主管預算解凍案等6案。 二、繼續審查行政院函請審議「罕見疾病防治及藥物法部分條文修正草案」、本院委員賴士葆等28人、委員楊玉欣等38人、委員廖國棟等19人、委員陳亭妃等22人分別擬具「罕見疾病防治及藥物法部分條文修正草案」、委員賴士葆等19人擬具「罕見疾病防治及藥物法第三條條文修正草案、委員潘維剛等24人擬具「罕見疾病防治及藥物法第二十六條條文修正草案」、委員江惠貞等21人、委員李桐豪等27人分別擬具「罕見疾病防治及藥物法第二條條文修正草案」等9案。 三、審查行政院函請審議「護理人員法部分條文修正草案」、本院委員王育敏等24人擬具「護理人員法部分條文修正草案」、委員馬文君等20人擬具「護理人員法第二十八條及第三十三條條文修正草案」、委員江惠貞等21人、委員李桐豪等27人、委員羅淑蕾等16人分別擬具「護理人員法第五條條文修正草案」等6案。,鄭汝芬;楊玉欣;蔡錦隆;吳育仁;王育敏;陳節如;賴士葆;楊曜;趙天麟;蘇清泉;劉建國;林德福;田秋堇;羅淑蕾;楊應雄;李貴敏;蔣乃辛;廖正井;李桐豪;鄭天財(Sra．Kacaw);黃偉哲;薛凌;陳淑慧;吳育昇;楊麗環;何欣純;簡東明;陳明文;呂玉玲;廖國棟;盧秀燕;劉櫂豪;吳秉叡;陳歐珀;許添財;林淑芬;徐少萍,
103/12/10,九樓大禮堂,財政委員會,無,立法院第8屆第6會期財政委員會第16次全體委員會議,併案審查一、本院委員李應元等17人擬具「稅捐稽徵法第六條條文修正草案」。二、本院委員薛凌等18人擬具「稅捐稽徵法第二十六條條文修正草案」。三、本院委員曾巨威等34人擬具「稅捐稽徵法第三十三條條文修正草案」。四、本院委員曾巨威等18人擬具「稅捐稽徵法第三十四條條文修正草案」。五、本院委員賴士葆等23人擬具「稅捐稽徵法第三十四條條文修正草案」。六、本院委員高志鵬等21人擬具「稅捐稽徵法第四十七條條文修正草案」。(12月8日、10日及11日三天一次會),許添財;吳秉叡;林德福;賴士葆;盧秀燕;薛凌;費鴻泰;羅淑蕾;曾巨威;陳歐珀;李桐豪;李貴敏;蔣乃辛;鄭天財(Sra．Kacaw);黃偉哲;陳淑慧;吳育昇;楊麗環;吳育仁;何欣純;簡東明;陳明文;呂玉玲;廖正井;楊應雄,
103/12/11,紅樓201會議室,交通委員會,無,立法院第8屆第6會期交通委員會第11次全體委員會議,邀請交通部部長葉匡時率同所屬列席就「現行我國商務飛機所有權管理、航行及商務中心管理」提出報告，並備質詢。(12月8日、10日及11日三天一次會),李昆澤;楊麗環;葉宜津;蔡其昌;陳明文;王進士;黃偉哲;管碧玲;廖正井;許添財;薛凌;李貴敏;周倪安;李桐豪;葉津鈴;呂學樟;邱文彥;呂玉玲;陳歐珀,
103/12/11,紅樓202會議室,內政委員會,無,立法院第8屆第6會期內政委員會,「九合一選舉檢討暨未來公職人員選舉制度改革」公聽會,,
103/12/11,群賢樓101會議室,教育及文化委員會,無,立法院第8屆第6會期教育及文化委員會第17次全體委員會議,邀請科技部部長、交通部航港局局長列席報告「海研五號事件緊急因應措施及我國研究船能量重建計畫」，並備質詢。(12月10日、12月11日2天一次會),陳淑慧;何欣純;陳碧涵;蔣乃辛;許智傑;黃志雄,
103/12/11,九樓大禮堂,財政委員會,無,立法院第8屆第6會期財政委員會第16次全體委員會議,審查中華民國104年度中央政府總預算案附屬單位預算營業及非營業部分有關中央銀行（含中央造幣廠、中央印製廠）。作業基金：地方建設基金、國有財產開發基金。債務基金：中央政府債務基金。特別收入基金：行政院公營事業民營化基金。有關信託基金：保險業務發展基金、金融研究發展基金。(12月8日、10日及11日三天一次會),許添財;吳秉叡;林德福;賴士葆;薛凌;盧秀燕;孫大千;黃偉哲;費鴻泰;羅明才;陳明文;李貴敏;周倪安;李桐豪;葉津鈴;呂玉玲;楊麗環;陳歐珀;廖國棟;廖正井,
103/12/11,紅樓101會議室,經濟委員會,無,立法院第8屆第6會期經濟委員會第14次全體委員會議,邀請新任經濟部部長進行業務報告，並針對經濟部所屬國營事業油、電等價格之訂定，與國內民生物價調控及穩定措施，以及近期水情與抗旱因應措施，提出專案報告，並備質詢。（12月8日、10日、11日三天一次會）,丁守中;黃昭順;林岱樺;廖國棟;黃偉哲;陳明文;李慶華;陳怡潔;蘇震清;葉津鈴;許添財;吳育仁;林德福;江啟臣;賴士葆;薛凌;李貴敏;周倪安;管碧玲;葉宜津;楊麗環;廖正井;蔡錦隆;李桐豪;盧秀燕;邱文彥;呂玉玲;陳歐珀;羅明才,
103/12/11,紅樓301會議室,外交及國防委員會,無,立法院第8屆第6會期外交及國防委員會第24次全體委員會議,邀請國防部部長率國家中山科學研究院院長、科技部部長、經濟部部長率國營事業委員會報告「國防能量自主現狀及能量精進」，併請漢翔航空工業股份有限公司董事長、台灣國際造船股份有限公司董事長、財團法人船舶暨海洋產業研發中心董事長、財團法人工業技術研究院董事長列席，並備質詢。【12月10日、11日二天一次會】 ,,
103/12/11,紅樓302會議室,司法及法制委員會,無,立法院第8屆第6會期司法及法制委員會第18次全體委員會議,一、併案審查（一）委員尤美女等25人擬具「行政程序法部分條文修正草案」、（二）委員陳其邁等27人擬具「行政程序法第一百五十四條及第一百五十五條條文修正草案」及（三）委員陳亭妃等22人擬具「行政程序法第一百三十六條及第一百五十五條條文修正草案」案。二、審查委員高志鵬等22人擬具「行政程序法第五十五條條文修正草案」案。三、審查委員蕭美琴等18人擬具「行政程序法第一百六十四條條文修正草案」案。（12月10日上午、12月11日一次會）,廖正井;李貴敏;呂學樟;吳宜臻;楊麗環;陳歐珀;薛凌;周倪安;管碧玲;李桐豪;葉津鈴;邱文彥;呂玉玲;許添財;陳明文;黃偉哲;尤美女,
103/12/11,群賢樓801會議室,社會福利及衛生環境委員會,司法及法制委員會,立法院第8屆第6會期社會福利及衛生環境、司法及法制二委員會第1次聯席會議,審查行政院函請審議「兒童及少年性交易防制條例修正草案」、本院委員鄭汝芬等22人、委員吳宜臻等22人、委員李桐豪等27人、委員王育敏等33人分別擬具「兒童及少年性交易防制條例修正草案」、委員陳根德等18人擬具「兒童及少年性交易防制條例第二十九條條文修正草案」、委員邱志偉等20人擬具「兒童及少年性交易防制條例第三十三條條文修正草案」、委員謝國樑等23人擬具「兒童及少年性交易防制條例第十六條、第十七條及第十八條條文修正草案」、委員蔣乃辛等21人擬具「兒童及少年性交易防制條例增訂第二十五條之一及第三十三條之一條文草案」、委員楊瓊瓔等16人擬具「兒童及少年性交易防制條例第十四條條文修正草案」等10案。,吳宜臻;蔡錦隆;鄭汝芬;陳節如;吳育仁;蘇清泉;王育敏;楊麗環;李貴敏;廖正井;林淑芬;許添財;楊曜;趙天麟;劉建國;廖國棟;尤美女;周倪安;徐少萍;李桐豪;葉津鈴;呂玉玲;陳歐珀;盧秀燕;李昆澤;黃昭順;薛凌;徐欣瑩;陳明文;吳秉叡;黃偉哲,
103/12/16,紅樓201會議室,程序委員會,無,第8屆第6會期第14次會議,審定本院第8屆第6會期第14次會議議事日程及處理人民請願案,鄭天財(Sra．Kacaw),
103/12/17,紅樓302會議室,司法及法制委員會,無,立法院第8屆第6會期司法及法制委員會第19次全體委員會議,一、審查委員呂學樟等18人擬具「行政院功能業務與組織調整暫行條例第二十一條條文修正草案」案。二、審查周明強君等70件請願案。,廖正井;林鴻池;呂學樟;高志鵬;尤美女;鄭天財(Sra．Kacaw);李桐豪;盧秀燕;吳宜臻;林德福;周倪安;邱文彥;葉津鈴;羅明才;薛凌;陳明文;許添財;陳歐珀;王廷升;曾巨威;謝國樑;賴振昌,
103/12/17,群賢樓101會議室,教育及文化委員會,無,立法院第8屆第6會期教育及文化委員會第18次全體委員會議,繼續審查(處理) 104年度教育部及所屬單位預算。(12月17日及12月18日2天一次會),,
103/12/17,群賢樓801會議室,社會福利及衛生環境委員會,無,立法院第8屆第6會期社會福利及衛生環境委員會第25次全體委員會議,（12月17日） 一、繼續審查中華民國104年度中央政府總預算案有關行政院環境保護署主管預算（公務部分）案（預算處理）。 二、繼續審查中華民國104年度中央政府總預算案附屬單位預算有關行政院環境保護署主管特別收入基金（環境保護基金）及信託基金（資源回收管理基金─信託基金部分、清潔人員執行職務死亡濟助基金）等預算案（預算處理,,
103/12/17,紅樓202會議室,內政委員會,無,立法院第8屆第6會期內政委員會：,「海岸管理建制」公聽會,,
103/12/17,九樓大禮堂,財政委員會,無,立法院第8屆第6會期財政委員會第17次全體委員會議,一、邀請財政部張部長就「免稅商店設置管理辦法」專題報告，並備質詢。二、繼續審查本院委員羅明才等17人擬具「所得稅法第十四條之二條文修正草案」案。(12月17日及18日兩天一次會),吳秉叡;許添財;林德福;盧秀燕;賴振昌;賴士葆;孫大千;蔡正元;薛凌;羅明才;費鴻泰;李桐豪;曾巨威;鄭天財(Sra．Kacaw);廖正井;蔡錦隆;李應元;廖國棟;周倪安;陳歐珀;翁重鈞;邱文彥;陳明文,
103/12/17,紅樓202會議室,內政委員會,無,立法院第8屆第6會期內政委員會第27次全體委員會議,繼續併案審查 一、行政院函請審議「國籍法部分條文修正草案」案。 二、本院親民黨黨團擬具「國籍法部分條文修正草案」案。 三、本院委員尤美女等23人擬具「國籍法部分條文修正草案」案。 四、本院委員林淑芬等21人擬具「國籍法部分條文修正草案」案。 五、本院委員田秋堇等19人擬具「國籍法部分條文修正草案」案。 六、本院委員楊麗環等21人擬具「國籍法第三條條文修正草案」案。 七、本院委員江啟臣等18人擬具「國籍法第三條及第九條條文修正草案」案。 八、本院委員馬文君等21人擬具「國籍法第四條條文修正草案」案。 九、本院委員蕭美琴等19人擬具「國籍法刪除第九條及第十條條文草案」案。 十、本院委員李俊俋等20人擬具「國籍法第十條條文修正草案」案。,,
103/12/18,紅樓301會議室,外交及國防委員會,無,立法院第8屆第6會期外交及國防委員會第25次全體委員會議,一、邀請僑務委員會委員長陳士魁報告「全球華僑文教服務中心之建置與功能」，並備質詢。二、處理院會交付僑務委員會103年度中央政府總預算決議，針對「海外華僑文教中心服務業務」項下「設置巴黎華僑文教服務中心計畫」預算凍結五分之一案。,蔡煌瑯;楊應雄;李桐豪;陳歐珀;林郁方;江啟臣;陳鎮湘;邱志偉;陳唐山;簡東明;顏寬恒;黃偉哲;周倪安;許添財;廖正井;邱文彥;管碧玲;賴振昌;王惠美;楊瓊瓔;張慶忠;陳明文;盧秀燕;劉櫂豪;林鴻池;蕭美琴;呂學樟;詹凱臣,
103/12/18,紅樓202會議室,內政委員會,無,立法院第8屆第6會期內政委員會第28次全體委員會議,一、「戶籍法」部分： （一）審查行政院函請審議「戶籍法部分條文修正草案」案。 （二）審查本院委員江啟臣等25人擬具「戶籍法第26條條文修正草案」案。 （三）審查本院委員李貴敏等25人擬具「戶籍法第26條及第83條條文修正草案」案。 二、「姓名條例」部分： （一）審查行政院函請審議「姓名條例修正草案」案。 （二）審查本院委員李俊俋等17人擬具「姓名條例第1條條文修正草案」案。 （三）審查本院委員蔡煌瑯等19人擬具「姓名條例第七條條文修正草案」案。 （四）審查本院委員許添財等16人擬具「姓名條例第七條條文修正草案」案。,段宜康;李俊俋;邱文彥;周倪安;盧嘉辰;許添財;顏寬恒;楊應雄;尤美女;李桐豪;賴振昌;江啟臣;廖正井;管碧玲;邱志偉;楊瓊瓔;張慶忠;姚文智;王惠美;何欣純;盧秀燕;黃偉哲;林鴻池;吳育昇;陳其邁;陳明文;劉櫂豪;簡東明;紀國棟,
103/12/18,群賢樓101會議室,財政委員會,無,立法院第8屆第6會期財政委員會第17次全體委員會議,一、繼續併案審查行政院函請審議「電子支付機構管理條例草案」、本院委員李貴敏等45人擬具「電子商務支付服務發展及管理條例草案」案。二、審查本院委員孫大千等25人擬具「電子商務支付服務發展及管理條例草案」案。(第一案及第二案於報告及詢答後，併案審查)(12月17日及18日兩天一次會),許添財;吳秉叡;林德福;賴士葆;賴振昌;孫大千;盧秀燕;薛凌;蔡正元;黃偉哲;黃昭順;費鴻泰;李桐豪;邱文彥;江啟臣;陳歐珀;廖正井;楊瓊瓔;蔡錦隆;何欣純;周倪安;陳明文;管碧玲;王惠美;劉櫂豪;翁重鈞;吳育仁;楊應雄;羅明才,
103/12/18,群賢樓801會議室,社會福利及衛生環境委員會,無,立法院第8屆第6會期社會福利及衛生環境委員會第25次全體委員會議,（12月18日）(上午）繼續併案審查(一)本院委員田秋堇等19人擬具「食品安全衛生管理法部分條文修正草案」、(二)本院委員黃志雄等19人擬具「食品安全衛生管理法第七條條文修正草案」、(三)本院委員尤美女等20人擬具「食品安全衛生管理法部分條文修正草案」、(四)本院委員蔣乃辛等20人擬具「食品安全衛生管理法部分條文修正草案」、(五)本院委員羅明才等22人擬具「食品安全衛生管理法部分條文修正草案」(六)本院委員王育敏等28人擬具「食品安全衛生管理法第二十五條條文修正草案」、(七)本院委員黃偉哲等16人擬具「食品安全衛生管理法第四十四條及第四十四條之一條文修正草案」、(八)本院委員呂學樟等17人擬具「食品安全衛生管理法第二十二條條文修正草案」案。（12月18日）(下午）一、繼續審查中華民國104年度中央政府總預算案有關勞動部主管預算（公務部分）案（預算處理）。二、繼續審查中華民國104年度中央政府總預算案附屬單位預算有關勞動部主管非營業基金(作業基金—勞工保險局作業基金、特別收入基金—就業安定基金)、信託基金(勞工退休基金《舊制》)、勞工退休基金《新制》、積欠工資墊償基金等預算案（預算處理）。,,
103/12/18,紅樓302會議室,司法及法制委員會,無,立法院第8屆第6會期司法及法制委員會第20次全體委員會議,一、審查104年度中央政府總預算案附屬單位預算非營業部分關於法務部主管「法務部矯正機關作業基金」收支部分。二、審查法務部函送財團法人臺灣更生保護會、財團法人福建更生保護會及財團法人犯罪被害人保護協會104年度預算書案。,顏寬恒;廖正井;柯建銘;林鴻池;王廷升;楊應雄;李桐豪;吳宜臻;周倪安;尤美女;曾巨威;管碧玲;邱文彥;邱志偉;陳歐珀;賴振昌;王惠美;楊瓊瓔;張慶忠;陳明文;盧秀燕;劉櫂豪;蕭美琴;許添財;呂學樟;黃偉哲;江啟臣,
103/12/18,紅樓101會議室,經濟委員會,無,立法院第8屆第6會期經濟委員會第15次全體委員會議,審查行政院函送經濟部函報所屬台電公司電價費率計算公式之修訂擬議，請查照乙案。,丁守中;黃昭順;廖國棟;黃偉哲;李慶華;楊瓊瓔;陳怡潔;王惠美;陳明文;蘇震清;葉津鈴;李桐豪;許添財;盧嘉辰;賴士葆;林德福;顏寬恒;楊應雄;賴振昌;江啟臣;廖正井;邱文彥;陳歐珀;邱志偉;管碧玲;周倪安;何欣純;蔡錦隆;盧秀燕;薛凌;吳秉叡;翁重鈞;吳育仁;劉櫂豪,
103/12/18,九樓大禮堂,教育及文化委員會,無,立法院第8屆第6會期教育及文化委員會第18次全體委員會議,繼續審查(處理) 104年度國立故宮博物院及所屬單位預算。(必要時晚上繼續開會)(12月17日及12月18日2天一次會),,
103/12/22,群賢樓101會議室,教育及文化委員會,無,立法院第8屆第6會期教育及文化委員會第19次全體委員會議,一、審查104年度行政法人國家表演藝術中心預算。二、繼續審查(處理) 104年度文化部及所屬單位預算。(12月22日、12月24日、12月25日3天一次會),蔣乃辛;許智傑;潘維剛;陳碧涵;呂玉玲;何欣純;陳學聖;孔文吉;高金素梅;李昆澤;羅淑蕾;李桐豪;吳育昇;劉櫂豪;廖正井;邱文彥;黃偉哲;鄭天財(Sra．Kacaw);周倪安;李貴敏;鄭麗君;蘇清泉;蔡錦隆;江惠貞;管碧玲;楊麗環;顏寬恒;王惠美;陳淑慧;邱志偉;盧嘉辰,
103/12/22,紅樓202會議室,內政委員會,無,立法院第8屆第6會期內政委員會第29次全體委員會議,一、審查104年度中央政府總預算案關於行政院大陸委員會主管收支部分。 二、審查行政院大陸委員會函送財團法人海峽交流基金會104年度預算書及相關資料案。(12月22日、24日及25日三天一次會）,段宜康;邱議瑩;吳育昇;紀國棟;鄭天財(Sra．Kacaw);周倪安;李俊俋;陳其邁;王惠美;羅淑蕾;賴振昌;邱志偉;李桐豪;陳超明;葉宜津;李貴敏;蔣乃辛;管碧玲;蘇清泉;江惠貞;王進士;呂玉玲;黃偉哲;楊麗環;顏寬恒;孔文吉;潘維剛;何欣純;邱文彥;高金素梅;廖正井;劉櫂豪;盧嘉辰;楊瓊瓔,
103/12/22,群賢樓801會議室,社會福利及衛生環境委員會,司法及法制委員會,立法院第8屆第6會期社會福利及衛生環境、司法及法制二委員會第2次聯席會議,繼續審查(一)行政院函請審議「兒童及少年性交易防制條例修正草案」、(二)委員陳根德等18人擬具「兒童及少年性交易防制條例第二十九條條文修正草案」、(三)委員邱志偉等20人擬具「兒童及少年性交易防制條例第三十三條條文修正草案」、(四)委員謝國樑等23人擬具「兒童及少年性交易防制條例第十六條、第十七條及第十八條條文修正草案」、(五)委員蔣乃辛等21人擬具「兒童及少年性交易防制條例增訂第二十五條之一及第三十三條之一條文草案」、(六)委員鄭汝芬等22人擬具「兒童及少年性交易防制條例修正草案」、(七)委員吳宜臻等22人擬具「兒童及少年性交易防制條例修正草案」、(八)委員李桐豪等27人擬具「兒童及少年性交易防制條例修正草案」、(九)委員王育敏等33人分別擬具「兒童及少年性交易防制條例修正草案」、(十)委員楊瓊瓔等16人擬具「兒童及少年性交易防制條例第十四條條文修正草案」等10案。。,,
103/12/22,紅樓302會議室,司法及法制委員會,無,立法院第8屆第6會期司法及法制委員會第21次全體委員會議,一、併案審查（一）委員尤美女等22人擬具「民法親屬編第九百七十二條、第九百七十三條及第九百八十條條文修正草案」、（二）委員鄭麗君等22人擬具「民法親屬編部分條文、繼承編第一千一百三十八條、第一千一百六十六條及第一千二百二十三條條文修正草案」及（三）委員王惠美等17人擬具「民法親屬編部分條文修正草案」案。（12月22日、24日兩天一次會）,廖正井;李貴敏;顏寬恒;王廷升;林鴻池;段宜康;呂玉玲;羅淑蕾;吳育昇;李桐豪;尤美女;鄭天財(Sra．Kacaw);周倪安;邱文彥;蔣乃辛;江惠貞;蘇清泉;王進士;呂學樟;邱志偉;鄭麗君;孔文吉;楊麗環;潘維剛;黃偉哲;王惠美;高金素梅;李應元;林淑芬;謝國樑;廖國棟;楊瓊瓔;林鴻池,
103/12/22,紅樓101會議室,經濟委員會,無,立法院第8屆第6會期經濟委員會第16次全體委員會議,一、繼續審查104年度中央政府總預算案行政院歲入預算有關行政院國家發展基金折減基金繳庫及賸餘繳庫部分暨國家發展委員會及所屬單位預算部分。（處理）二、繼續審查104年度中央政府總預算案附屬單位預算非營業部分關於行政院主管：行政院國家發展基金、離島建設基金及花東地區永續發展基金。（處理）（12月22日、24日二天一次會）,,
103/12/22,紅樓201會議室,交通委員會,無,立法院第8屆第6會期交通委員會第12次全體委員會議,一、審查104年度中央政府總預算案附屬單位預算營業部分關於交通部主管中華郵政股份有限公司營業預算。 二、審查交通部主管財團法人台灣郵政協會102至104年度預算書案及102年度決算書案。(以上2案合併詢答，分開處理)(12月22日、24日及25日三天一次會),李昆澤;羅淑蕾;劉櫂豪;葉宜津;管碧玲;楊麗環;王進士;蔡其昌;吳育昇;廖正井;李桐豪;黃偉哲;鄭天財(Sra．Kacaw);周倪安;李貴敏;邱文彥;蔣乃辛;蘇清泉;江惠貞;呂玉玲;邱志偉;顏寬恒;孔文吉;潘維剛;何欣純;王惠美;高金素梅;盧嘉辰;林國正;楊瓊瓔,
103/12/23,紅樓201會議室,程序委員會,無,第8屆第6會期第15次會議,審定本院第8屆第6會期第15次會議議事日程及處理人民請願案,邱文彥;陳鎮湘,
103/12/24,紅樓301會議室,外交及國防委員會,無,立法院第8屆第6會期外交及國防委員會第26次全體委員會議,審查104年度中央政府總預算案附屬單位預算關於國防部主管非營業基金： 一、作業基金：（一）國軍生產及服務作業基金。（二）國軍老舊眷村改建基金。 二、資本計畫基金－國軍營舍及設施改建基金。【12月24日、25日二天一次會】,陳歐珀;林郁方;蔡煌瑯;江啟臣;李桐豪;陳鎮湘;楊應雄;陳唐山;馬文君;蕭美琴;簡東明;羅淑蕾;黃偉哲;李貴敏;鄭天財(Sra．Kacaw);葉津鈴;周倪安;孔文吉;邱文彥;王惠美;管碧玲;賴振昌;楊麗環;邱志偉;劉櫂豪,
103/12/24,九樓大禮堂,財政委員會,無,立法院第8屆第6會期財政委員會第1次公聽會,召開「所得稅法第六十六條之六條文修正草案」公聽會。,吳秉叡;薛凌;黃偉哲,
103/12/24,群賢樓801會議室,社會福利及衛生環境委員會,無,立法院第8屆第6會期社會福利及衛生環境委員會第26次全體委員會議,一、審查中華民國104年度中央政府總預算案附屬單位預算有關衛生福利部主管作業基金（醫療藥品基金、管制藥品製藥工廠作業基金、全民健康保險基金及國民年金保險基金）及特別收入基金（健康照護基金及社會福利基金）等預算案(預算詢答)。(開會時間：103年12月24日（星期三）、12月25日（星期四）上午9時至12時、下午2時30分至5時30分(兩天為一次會) 二、審查(一)行政院函請審議「兒童及少年福利與權益保障法部分條文修正草案」、(二)委員蘇震清等20人擬具「兒童及少年福利與權益保障法第二十三條條文修正草案」、(三)委員李昆澤等27人擬具「兒童及少年福利與權益保障法第九十條之一及第一百零七條條文修正草案」、(四)委員鄭汝芬等39人擬具「兒童及少年福利與權益保障法第十條條文修正草案」、(五)委員王育敏等37人擬具「兒童及少年福利與權益保障法第二十六條及第九十條條文修正草案」、(六)委員吳宜臻等23人擬具「兒童及少年福利與權益保障法部分條文修正草案」、(七)委員王育敏等24人擬具「兒童及少年福利與權益保障法增訂第九十條之一條文草案」、(八)委員鄭汝芬等34人擬具「兒童及少年福利與權益保障法增訂第九十條之一條文草案」、(九)委員王育敏等28人擬具「兒童及少年福利與權益保障法第十條條文修正草案」、(十)委員賴士葆等23人擬具「兒童及少年福利與權益保障法第五十三條、第五十四條及第一百條條文修正草案」、(十一)委員盧嘉辰等17人擬具「兒童及少年福利與權益保障法部分條文修正草案」、(十二)委員李桐豪等27人擬具「兒童及少年福利與權益保障法第六條條文修正草案」、(十三)委員李昆澤等23人擬具「兒童及少年福利與權益保障法第六條及第五十三條條文修正草案」、(十四)委員陳怡潔等16人擬具「兒童及少年福利與權益保障法第九十一條條文修正草案」、(十五)委員蔣乃辛等20人擬具「兒童及少年福利與權益保障法第五十三條、第五十四條及第一百條條文修正草案」、(十六)委員王育敏等28人擬具「兒童及少年福利與權益保障法部分條文修正草案」、(十七)委員王育敏等24人擬具「兒童及少年福利與權益保障法第四十七條及第九十五條條文修正草案」、(十八)委員盧秀燕等29人擬具「兒童及少年福利與權益保障法第四十三條條文修正草案」、(十九)委員潘孟安等17人擬具「兒童及少年福利與權益保障法第四十九條條文修正草案」、(二十)委員王育敏等25人擬具「兒童及少年福利與權益保障法第十五條條文修正草案」、(二十一)委員王育敏等22人擬具「兒童及少年福利與權益保障法部分條文修正草案」、(二十二)委員蔣乃辛等21人擬具「兒童及少年福利與權益保障法第九十一條條文修正草案」、(二十三)委員王育敏等20人擬具「兒童及少年福利與權益保障法第十六條、第十六條之一及第八十八條之一條文修正草案」等23案。三、審查(一)行政院函請審議「人類免疫缺乏病毒傳染防治及感染者權益保障條例部分條文修正草案」、(二)委員江惠貞等20人擬具「人類免疫缺乏病毒傳染防治及感染者權益保障條例第二條條文修正草案」、(三)委員李桐豪等27人擬具「人類免疫缺乏病毒傳染防治及感染者權益保障條例第二條及第六條條文修正草案」... ,楊玉欣;趙天麟;吳育仁;陳節如;蔡錦隆;王育敏;蘇清泉;劉建國;徐少萍;田秋堇;李昆澤;鄭汝芬;黃偉哲;李貴敏;李桐豪;邱文彥;賴振昌;王惠美;邱志偉;管碧玲;楊麗環;簡東明;羅淑蕾;林淑芬;葉津鈴;江惠貞;劉櫂豪;楊曜;陳歐珀,
103/12/24,紅樓101會議室,經濟委員會,無,立法院第8屆第6會期經濟委員會第16次全體委員會議,審查104年度中央政府總預算案附屬單位預算非營業部分關於行政院農業委員會主管：農業作業基金（含種苗改良繁殖作業基金、畜產改良作業基金）、農業特別收入基金（含農業發展基金、林務發展及造林基金、農業天然災害救助基金、漁業發展基金、漁產平準基金、農產品受進口損害救助基金、農村再生基金）（12月22日、24日二天一次會） ,葉津鈴;丁守中;黃偉哲;王惠美;蘇震清;陳歐珀;江啟臣;張嘉郡;黃昭順;林岱樺;鄭汝芬;陳明文;周倪安;楊瓊瓔;孔文吉;賴振昌;管碧玲;簡東明;邱志偉;翁重鈞;蔡錦隆;蕭美琴;鄭麗君;江惠貞;邱文彥;李貴敏;鄭天財(Sra．Kacaw);賴士葆;陳怡潔;廖國棟;楊應雄;李桐豪;劉櫂豪,
103/12/24,紅樓201會議室,交通委員會,無,立法院第8屆第6會期交通委員會第12次全體委員會議,一、審查交通部主管財團法人台灣電信協會、財團法人台灣網路資訊中心、財團法人中華顧問工程司、財團法人中華航空事業發展基金會暨財團法人台灣敦睦聯誼會102與104年度預算書案及102年度決算書案。二、審查交通部函送財團法人台灣電信協會、財團法人台灣網路資訊中心及財團法人中華顧問工程司103年度預算書案。三、審查國家通訊傳播委員會函送財團法人電信技術中心及財團法人台灣網站分級推廣基金會102至103年度預算書案及102年度決算書案。四、審查國家通訊傳播委員會函送財團法人電信技術中心104年度預算書案。(以上4案合併詢答，分開處理)(12月22日、24日及25日三天一次會）,李昆澤;羅淑蕾;林國正;楊麗環;管碧玲;李鴻鈞;葉宜津;蔡其昌;王進士;陳根德;黃偉哲;江啟臣;李桐豪;李貴敏;葉津鈴;鄭天財(Sra．Kacaw);孔文吉;周倪安;楊應雄;邱文彥;王惠美;賴振昌;邱志偉;蕭美琴;簡東明;陳明文;劉櫂豪,
103/12/24,紅樓302會議室,司法及法制委員會,無,立法院第8屆第6會期司法及法制委員會第21次全體委員會議,二、審查司法院函送「財團法人法律扶助基金會104年度預算書」案。三、繼續併案審查（一）委員潘孟安等17人擬具「法律扶助法第十六條條文修正草案」、（二）委員趙天麟等29人擬具「法律扶助法第三條及第十四條條文修正草案」、（三）委員潘孟安等21人擬具「法律扶助法第十六條條文修正草案」、（四）委員蔣乃辛等25人擬具「法律扶助法第三條及第十四條條文修正草案」、（五）委員李昆澤等22人擬具「法律扶助法第十四條條文修正草案」、（六）委員尤美女等29人擬具「法律扶助法部分條文修正草案」、（七）委員楊玉欣等29人擬具「法律扶助法第三條及第十四條條文修正草案」及（八）委員楊曜等19人擬具「法律扶助法第三條條文修正草案」案。（12月22日、24日兩天一次會）,李貴敏;尤美女;林鴻池;陳歐珀;羅淑蕾;江啟臣;黃偉哲;楊玉欣;李桐豪;鄭天財(Sra．Kacaw);葉津鈴;楊應雄;周倪安;孔文吉;邱文彥;王惠美;邱志偉;管碧玲;蕭美琴;楊麗環;簡東明;王進士;陳明文;劉櫂豪;呂學樟,
103/12/24,紅樓202會議室,內政委員會,無,立法院第8屆第6會期內政委員會第29次全體委員會議,一、審查104年度中央政府總預算案關於行政院大陸委員會主管收支部分。 二、審查行政院大陸委員會函送財團法人海峽交流基金會104年度預算書及相關資料案。(12月22日、24日兩天一次會）,,
103/12/24,群賢樓101會議室,教育及文化委員會,無,立法院第8屆第6會期教育及文化委員會第19次全體委員會議,一、審查104年度行政法人國家表演藝術中心預算。二、繼續審查(處理) 104年度文化部及所屬單位預算。(12月22日、12月24日、12月25日3天一次會),,
103/12/25,九樓大禮堂,財政委員會,無,立法院第8屆第6會期財政委員會第18次全體委員會議,一、審查本院委員林德福等21人擬具「第三條條文修正草案」案。二、審查本院委員魏明谷等17人擬具「強制汽車責任保險法第十六條及第二十三條條文修正草案」案。三、審查本院委員薛凌等19人擬具「強制汽車責任保險法第四十五條條文修正草案」案。四、併案審查本院委員黃文玲等22人擬具「強制汽車責任保險法第十條、第二十七條及第三十三條條文修正草案」案及委員丁守中等20人擬具「強制汽車責任保險法第二十七條條文修正草案」案。增列「處理院會交付行政院函請免予繼續審議經濟部所屬漢翔航空工業股份有限公司103年度附屬單位預算案」討論事項1項。,許添財;吳秉叡;林德福;賴士葆;薛凌;盧秀燕;李應元;丁守中;李桐豪;費鴻泰;孫大千;江惠貞;黃偉哲;羅明才;羅淑蕾;周倪安;邱文彥;楊麗環;賴振昌;廖正井,
103/12/25,紅樓101會議室,經濟委員會,無,立法院第8屆第6會期經濟委員會第1次公聽會,「台電公司電價費率計算公式之修訂擬議」案公聽會,,
103/12/25,群賢樓101會議室,教育及文化委員會,無,立法院第8屆第6會期教育及文化委員會第19次全體委員會議,繼續審查(處理) 104年度文化部及所屬單位預算。(12月22日、12月24日、12月25日3天一次會),,
103/12/25,紅樓201會議室,交通委員會,無,立法院第8屆第6會期交通委員會第12次全體委員會議,審查104年度中央政府總預算案附屬單位預算非營業部分關於交通部主管交通作業基金－高速鐵路相關建設基金分預算。（詢答及處理）(12月22日、24日及25日三天一次會）,李昆澤;羅淑蕾;蔡其昌;楊麗環;陳根德;葉宜津;王進士;李鴻鈞;許添財;李桐豪;邱文彥;周倪安;廖正井;黃偉哲;邱志偉;賴振昌;林德福,
103/12/25,紅樓302會議室,司法及法制委員會,內政委員會、社會福利及衛生環境委員會,立法院第8屆第6會期司法及法制、內政、社會福利及衛生環境委員會第1次聯席會議,繼續併案審查（一）行政院函請審議「家庭暴力防治法部分條文修正草案」、（二）委員趙天麟等23人擬具「家庭暴力防治法第五十條條文修正草案」、（三）委員李貴敏等28人擬具「家庭暴力防治法增訂第三十六條之一及第三十六條之二條文草案」、（四）委員李俊俋等18人擬具「家庭暴力防治法第十六條條文修正草案」、（五）委員蔣乃辛等24人擬具「家庭暴力防治法第八條及第十四條條文修正草案」、（六）委員孫大千等20人擬具「家庭暴力防治法部分條文修正草案」、（七）委員蔣乃辛等27人擬具「家庭暴力防治法第三十六條條文修正草案」、（八）委員馬文君等24人擬具「家庭暴力防治法第十四條條文修正草案」、（九）委員吳宜臻等24人擬具「家庭暴力防治法部分條文修正草案」、（十）委員王育敏等30人擬具「家庭暴力防治法部分條文修正草案」、（十一）委員蔡其昌等21人擬具「家庭暴力防治法第三十六條條文修正草案」、（十二）委員謝國樑等27人擬具「家庭暴力防治法第十四條、第三十四條及第六十一條條文修正草案」、（十三）委員邱志偉等22人擬具「家庭暴力防治法修正第二十條、第三十六條及增訂第五十條之一條文草案」、（十四）委員蔣乃辛等27人擬具「家庭暴力防治法增訂第五十條之一及第六十一條之一條文草案」、（十五）委員潘維剛等30人擬具「家庭暴力防治法第十九條及第三十六條條文修正草案」、（十六）委員蕭美琴等22人擬具「家庭暴力防治法第十四條條文修正草案」、（十七）委員李桐豪等27人擬具「家庭暴力防治法第四條條文修正草案」、（十八）委員李昆澤等23人擬具「家庭暴力防治法第四條及第五十條條文修正草案」、（十九）委員鄭汝芬等37人擬具「家庭暴力防治法第十五條條文修正草案」、（二十）委員鄭汝芬等23人擬具「家庭暴力防治法部分條文修正草案」及（二十一）委員陳亭妃等19人擬具「家庭暴力防治法第八條及第四十八條條文修正草案」案。,,
103/12/25,群賢樓801會議室,社會福利及衛生環境委員會,無,立法院第8屆第6會期社會福利及衛生環境委員會第26次全體委員會議,一、審查中華民國104年度中央政府總預算案附屬單位預算有關衛生福利部主管作業基金（醫療藥品基金、管制藥品製藥工廠作業基金、全民健康保險基金及國民年金保險基金）及特別收入基金（健康照護基金及社會福利基金）等預算案(預算詢答)。(開會時間：103年12月24日（星期三）、12月25日（星期四）上午9時至12時、下午2時30分至5時30分(兩天為一次會) 二、審查(一)行政院函請審議「兒童及少年福利與權益保障法部分條文修正草案」、(二)委員蘇震清等20人擬具「兒童及少年福利與權益保障法第二十三條條文修正草案」、(三)委員李昆澤等27人擬具「兒童及少年福利與權益保障法第九十條之一及第一百零七條條文修正草案」、(四)委員鄭汝芬等39人擬具「兒童及少年福利與權益保障法第十條條文修正草案」、(五)委員王育敏等37人擬具「兒童及少年福利與權益保障法第二十六條及第九十條條文修正草案」、(六)委員吳宜臻等23人擬具「兒童及少年福利與權益保障法部分條文修正草案」、(七)委員王育敏等24人擬具「兒童及少年福利與權益保障法增訂第九十條之一條文草案」、(八)委員鄭汝芬等34人擬具「兒童及少年福利與權益保障法增訂第九十條之一條文草案」、(九)委員王育敏等28人擬具「兒童及少年福利與權益保障法第十條條文修正草案」、(十)委員賴士葆等23人擬具「兒童及少年福利與權益保障法第五十三條、第五十四條及第一百條條文修正草案」、(十一)委員盧嘉辰等17人擬具「兒童及少年福利與權益保障法部分條文修正草案」、(十二)委員李桐豪等27人擬具「兒童及少年福利與權益保障法第六條條文修正草案」、(十三)委員李昆澤等23人擬具「兒童及少年福利與權益保障法第六條及第五十三條條文修正草案」、(十四)委員陳怡潔等16人擬具「兒童及少年福利與權益保障法第九十一條條文修正草案」、(十五)委員蔣乃辛等20人擬具「兒童及少年福利與權益保障法第五十三條、第五十四條及第一百條條文修正草案」、(十六)委員王育敏等28人擬具「兒童及少年福利與權益保障法部分條文修正草案」、(十七)委員王育敏等24人擬具「兒童及少年福利與權益保障法第四十七條及第九十五條條文修正草案」、(十八)委員盧秀燕等29人擬具「兒童及少年福利與權益保障法第四十三條條文修正草案」、(十九)委員潘孟安等17人擬具「兒童及少年福利與權益保障法第四十九條條文修正草案」、(二十)委員王育敏等25人擬具「兒童及少年福利與權益保障法第十五條條文修正草案」、(二十一)委員王育敏等22人擬具「兒童及少年福利與權益保障法部分條文修正草案」、(二十二)委員蔣乃辛等21人擬具「兒童及少年福利與權益保障法第九十一條條文修正草案」、(二十三)委員王育敏等20人擬具「兒童及少年福利與權益保障法第十六條、第十六條之一及第八十八條之一條文修正草案」等23案。三、審查(一)行政院函請審議「人類免疫缺乏病毒傳染防治及感染者權益保障條例部分條文修正草案」、(二)委員江惠貞等20人擬具「人類免疫缺乏病毒傳染防治及感染者權益保障條例第二條條文修正草案」、(三)委員李桐豪等27人擬具「人類免疫缺乏病毒傳染防治及感染者權益保障條例第二條及第六條條文修正草案」... ,,
103/12/25,紅樓301會議室,外交及國防委員會,無,立法院第8屆第6會期外交及國防委員會第26次全體委員會議,審查104年度中央政府總預算案附屬單位預算關於國防部主管非營業基金： 一、作業基金：（一）國軍生產及服務作業基金。（二）國軍老舊眷村改建基金。 二、資本計畫基金－國軍營舍及設施改建基金。【12月24日、25日二天一次會】,,
103/12/29,群賢樓801會議室,社會福利及衛生環境委員會,無,立法院第8屆第6會期社會福利及衛生環境委員會第27次全體委員會議,一、繼續審查中華民國104年度中央政府總預算案有關勞動部主管預算（公務部分）案（預算處理）。 二、繼續審查中華民國104年度中央政府總預算案附屬單位預算有關勞動部主管非營業基金(作業基金—勞工保險局作業基金、特別收入基金—就業安定基金)、信託基金(勞工退休基金《舊制》)、勞工退休基金《新制》、積欠工資墊償基金等預算案(預算處理)。,,
103/12/29,九樓大禮堂,財政委員會,無,立法院第8屆第6會期財政委員會第19次全體委員會議,繼續併案審查行政院函請審議「電子支付機構管理條例草案」案、本院委員李貴敏等45人擬具「電子商務支付服務發展及管理條例草案」案、本院委員孫大千等25人擬具「電子商務支付服務發展及管理條例草案」案。(12月29日及31日兩天一次會),,
103/12/29,紅樓302會議室,司法及法制委員會,無,立法院第8屆第6會期司法及法制委員會第22次全體委員會議,併案審查（一）考試院函請審議「典試法修正草案」及（二）委員顏寬恒等30人擬具「典試法第二十三條條文修正草案」案。,李貴敏;廖正井;顏寬恒;呂學樟;陳歐珀;江啟臣;羅淑蕾;李桐豪;陳碧涵;周倪安;賴振昌;邱志偉;邱文彥;管碧玲;王進士;蕭美琴;蘇清泉;楊麗環;葉津鈴;尤美女;陳明文;曾巨威,
103/12/29,紅樓202會議室,內政委員會,無,立法院第8屆第6會期內政委員會第30次全體委員會議,下午：一、繼續處理104年度中央政府總預算案關於內政部營建署及所屬主管收支部分預算經決議保留部分，請討論案。二、繼續審查104年度中央政府總預算案（含附屬單位預算及綜計表─非營業部分）關於內政部主管「營建建設基金」、「中央都市更新基金」收支部分。,,
103/12/29,紅樓201會議室,交通委員會,無,立法院第8屆第6會期交通委員會第13次全體委員會議,一、審查交通部函為103年度中央政府總預算該部主管第1項決議(五十七)，對於是否延長特許年期，須經本院交通委員會審查通過乙案，檢送「高鐵延長特許期報告」案。 二、處理交通部函為103年度中央政府總預算該部主管第1項決議(五十九)，有關協調高鐵公司就未來營運計畫及財務改善方案向本院交通委員會提出報告，未經同意前不應同意延長該公司之特許年限乙案，檢送高鐵未來營運計畫及財務改善方案報告案。(以上2案合併報告詢答及處理),葉宜津;羅淑蕾;李昆澤;王進士;林國正;管碧玲;李鴻鈞;蔡其昌;陳雪生;楊麗環;陳根德;江啟臣;李貴敏;陳歐珀;李桐豪;廖正井;周倪安;賴振昌;陳碧涵;顏寬恒;邱文彥;蕭美琴;蘇清泉;葉津鈴;呂學樟;黃昭順;陳明文;劉櫂豪,
103/12/29,紅樓101會議室,經濟委員會,無,立法院第8屆第6會期經濟委員會第17次全體委員會議,繼續審查104年度中央政府總預算案附屬單位預算非營業部分關於行政院農業委員會主管：農業作業基金（含種苗改良繁殖作業基金、畜產改良作業基金）、農業特別收入基金（含農業發展基金、林務發展及造林基金、農業天然災害救助基金、漁業發展基金、漁產平準基金、農產品受進口損害救助基金、農村再生基金）。（處理）(12月29日、31日二天一次會）,,
103/12/29,紅樓202會議室,內政委員會,無,立法院第8屆第6會期內政委員會第30次全體委員會議,上午： 繼續審查一、行政院函請審議「都市更新條例修正草案」案。二、本院委員林淑芬等22人擬具「都市更新條例修正草案」案。三、本院委員姚文智等31人擬具「都市更新條例修正草案」案。四、本院委員邱文彥等27人擬具「都市更新條例修正草案」案。五、本院委員李俊俋等23人擬具「都市更新條例第十六條及第三十六條條文修正草案」案。六、本院委員陳亭妃等21人擬具「都市更新條例第十六條及第三十六條條文修正草案」案。七、本院委員許添財等18人擬具「都市更新條例部分條文修正草案」案。八、本院委員丁守中等27人擬具「都市更新條例部分條文修正草案」案。九、本院委員李應元等36人擬具「都市更新條例部分條文修正草案」案。十、本院委員尤美女等22人擬具「都市更新條例部分條文修正草案」案。十一、本院委員陳其邁等24人擬具「都市更新條例部分條文修正草案」案。十二、本院委員張慶忠等22人擬具「都市更新條例部分條文修正草案」案。十三、本院委員姚文智等17人擬具「都市更新條例部分條文修正草案」案。十四、本院委員陳其邁等20人擬具「都市更新條例第十條條文修正草案」案。十五、本院委員蔡正元等16人擬具「都市更新條例第二十七條條文修正草案」案。十六、本院委員邱文彥等21人擬具「都市更新條例部分條文修正草案」案。十七、本院委員林淑芬等25人擬具「都市更新條例第二十七條條文修正草案」案。十八、本院委員田秋堇等23人擬具「都市更新條例部分條文修正草案」案。十九、本院委員姚文智等23人擬具「都市更新條例部分條文修正草案」案。二十、審查本院委員邱文彥等30人擬具「都市更新條例部分條文修正草案」案。,,
103/12/29,紅樓301會議室,外交及國防委員會,無,立法院第8屆第6會期外交及國防委員會第27次全體委員會議,邀請國防部、國家中山科學研究院院長報告「一、中山科學研究院103年度工作報告及104年度政策規劃、人事運用進行說明。二、中山科學研究院104年度預算編列概況。三、國產雲豹甲車從研發至今超過10年，遲未量產及成軍之成因及改進作為。四、中山科學研究院如何善用國防科技與民間科技，發展國防工業，以促進經濟與科技發展」，並備質詢。,陳歐珀;蔡煌瑯;江啟臣;李桐豪;林郁方;陳鎮湘;邱志偉;蕭美琴;馬文君;陳唐山;楊應雄;李貴敏;廖正井;陳碧涵;周倪安;賴振昌;顏寬恒;邱文彥;管碧玲;王進士;蘇清泉;呂學樟;楊麗環;葉津鈴;黃昭順;陳明文;簡東明;劉櫂豪;羅淑蕾,
103/12/30,紅樓201會議室,程序委員會,無,第8屆第6會期第16次會議,審定本院第8屆第6會期第16次會議議事日程及處理人民請願案,陳淑慧,
103/12/31,紅樓101會議室,經濟委員會,無,立法院第8屆第6會期經濟委員會第17次全體委員會議,繼續審查行政院函送經濟部函報所屬台電公司電價費率計算公式之修訂擬議，請查照乙案。（處理）（12月29日、31日二天一次會） ,,
103/12/31,群賢樓101會議室,財政委員會,無,立法院第8屆第6會期財政委員會第19次全體委員會議,繼續併案審查行政院函請審議「電子支付機構管理條例草案」案、本院委員李貴敏等45人擬具「電子商務支付服務發展及管理條例草案」案、本院委員孫大千等25人擬具「電子商務支付服務發展及管理條例草案」案。(12月29日及31日兩天一次會),,
103/12/31,紅樓202會議室,,無,立法院第8屆第6會期內政委員會第31次全體委員會議,一、繼續審查104年度中央政府總預算案關於蒙藏委員會收支部分。 二、繼續審查蒙藏委員會函送「104年度財團法人蒙藏基金會預算書」案。 三、繼續審查蒙藏委員會近3年「補助社會（人民）團體、財團法人及個人之補助經費相關資料」共6案。 四、繼續審查蒙藏委員會近3年「媒體廣告季報表」共5案。 五、繼續處理104年度中央政府總預算案關於中央選舉委員會及所屬收支部分預算經決議保留部分，請討論案。,,
103/12/31,紅樓302會議室,司法及法制委員會,無,立法院第8屆第6會期司法及法制委員會第23次全體委員會議,繼續併案審查(一)司法院、行政院函請審議「人民觀審試行條例草案」、(二)委員謝國樑等28人擬具「人民觀審試行條例草案」、(三) 委員田秋堇等21人擬具「陪審團法草案」、（四）委員吳宜臻等20人擬具「國民參與刑事審判法草案」、（五）委員柯建銘等26人擬具「國民參與刑事審判法草案」及（六）委員呂學樟等58人擬具「人民參與審判試行條例草案」案。,,
103/12/31,紅樓301會議室,外交及國防委員會,無,立法院第8屆第6會期外交及國防委員會第28次全體委員會議,審查104年度中央政府總預算案附屬單位預算關於國軍退除役官兵輔導委員會主管非營業基金－作業基金： 一、國軍退除役官兵安置基金。 二、榮民醫療作業基金。,陳歐珀;江啟臣;李桐豪;陳鎮湘;蔡煌瑯;邱志偉;林郁方;蕭美琴;簡東明;馬文君;邱文彥;周倪安;黃偉哲;李貴敏;賴振昌;陳明文;顏寬恒;廖正井;孔文吉;吳育昇;呂學樟;呂玉玲,
103/12/31,九樓大禮堂,教育及文化委員會,無,立法院第8屆第6會期教育及文化委員會第20次全體委員會議,審查104年度教育部主管國立大學校院、附設醫院、社教機構、高級中等學校、學產基金及運動發展基金附屬單位預算(僅進行詢答)。,蔣乃辛;許智傑;陳碧涵;鄭麗君;陳亭妃;潘維剛;黃志雄;孔文吉;陳歐珀;賴振昌;江啟臣;陳淑慧;周倪安;呂玉玲;黃偉哲;邱志偉;李桐豪;顏寬恒;簡東明;蕭美琴;吳育仁;何欣純;邱文彥;管碧玲;徐欣瑩,
103/12/31,群賢樓801會議室,社會福利及衛生環境委員會,無,立法院第8屆第6會期社會福利及衛生環境委員會第28次全體委員會議,（上午） 繼續審查(一)行政院函請審議「消費者保護法部分條文修正草案」、(二)委員丁守中等23人擬具「消費者保護法第十九條條文修正草案」、(三)委員李應元等18人擬具「消費者保護法增訂第十七條之一條文草案」、(四)委員江惠貞等24人擬具「消費者保護法第十三條及第五十六條條文修正草案」、(五)委員林岱樺等22人擬具「消費者保護法第十三條條文修正草案」、(六)委員陳根德等22人擬具「消費者保護法第三十三條條文修正草案」、(七)委員謝國樑等21人擬具「消費者保護法第十七條條文修正草案」、(八)委員李昆澤等23人擬具「消費者保護法第八條、第四十六條及第五十七條之一條文修正草案」、(九)委員賴士葆等23人擬具「消費者保護法增訂第四條之一條文草案」、(十)委員李桐豪等24人擬具「消費者保護法增訂第四條之一條文草案」、(十一) 委員李俊俋等20人擬具「消費者保護法第十九條及第五十六條條文修正草案」、(十二)委員陳亭妃等17人擬具「消費者保護法第七條條文修正草案」、(十三)委員潘孟安等20人擬具「消費者保護法第六十條條文修正草案」、(十四)委員蔣乃辛等23人擬具「消費者保護法第二十二條條文修正草案」、(十五)委員謝國樑等19人擬具「消費者保護法第十九條及第十九條之二條文修正草案」、(十六)委員田秋堇等16人擬具「消費者保護法第四十九條及第六十條條文修正草案」、(十七)委員何欣純等16人擬具「消費者保護法第十一條之一、第二十二條及第五十一條條文修正草案」、(十八)委員江惠貞等18人擬具「消費者保護法第十八條、第十九條及第五十六條條文修正草案」、(十九)委員蔣乃辛等18人擬具「消費者保護法第二十四條條文修正草案」等19案。 (下午) 繼續審查(一)行政院函請審議「水污染防治法部分條文修正草案」、(二)委員王育敏等41人擬具「水污染防治法部分條文修正草案」、(三)委員羅淑蕾等17人擬具「水污染防治法第四十條條文修正草案」、(四)委員林淑芬等17人擬具「水污染防治法第十條條文修正草案」、(五)委員黃昭順等40人擬具「水污染防治法第三十五條及第六十六條之一條文修正草案」、(六)委員田秋堇等16人擬具「水污染防治法第十六條、第二十二條及第三十四條條文修正草案」、(七)委員蔣乃辛等26人擬具「水污染防治法第二十七條之一及第四十條條文修正草案」、(八)委員李昆澤等21人擬具「水污染防治法部分條文修正草案」、(九)委員丁守中等20人擬具「水污染防治法部分條文修正草案」、(十)委員趙天麟等20人擬具「水污染防治法部分條文修正草案」、(十一)民進黨黨團擬具「水污染防治法第三十四條之一、第三十七條及第三十九條條文修正草案」、(十二)委員李俊俋等22人擬具「水污染防治法第四十條條文修正草案」、(十三)委員楊曜等20人擬具「水污染防治法...,蔡錦隆;吳育仁;陳節如;江惠貞;蘇清泉;王育敏;楊曜;鄭汝芬;趙天麟;田秋堇;劉建國;徐欣瑩;賴振昌;黃偉哲;邱志偉;李貴敏;顏寬恒;陳亭妃;簡東明;孔文吉;呂玉玲;何欣純;管碧玲;邱文彥;蔣乃辛;陳歐珀;江啟臣;李桐豪;周倪安,
104/01/05,群賢樓801會議室,社會福利及衛生環境委員會,無,舉行「防制網路兒少色情」公聽會。, ,,
104/01/05,紅樓301會議室,外交及國防委員會,無,立法院第8屆第6會期外交及國防委員會第29次全體委員會議,一、審查行政院函請審議「募兵制推動暫行條例草案」案。 二、審查本院委員陳鎮湘等31人擬具「推動募兵制暫行條例草案」案。,李桐豪;陳歐珀;楊應雄;邱志偉;林郁方;陳鎮湘;詹凱臣;蕭美琴;簡東明;江啟臣;蔡煌瑯;周倪安;李貴敏;吳育昇;邱文彥;鄭天財(Sra．Kacaw);楊麗環;廖正井;賴振昌;管碧玲;葉津鈴;陳亭妃;王進士;蘇清泉;呂學樟;陳明文;黃偉哲;盧嘉辰;馬文君;廖國棟;陳唐山;楊瓊瓔,
104/01/05,紅樓202會議室,內政委員會,司法及法制委員會,立法院第8屆第6會期內政、司法及法制委員會第1次聯席會議,、審查本院委員黃文玲等21人擬具「地方制度法第四條條文修正草案」案。二、審查本院委員鄭汝芬等26人擬具「地方制度法第四條條文條文修正草案」案。三、審查本院委員林滄敏等18人擬具「地方制度法第四條及第八十八條條文修正草案」案。四、審查本院委員簡東明等17人擬具「地方制度法第三十三條條文修正草案」案。五、審查本院委員孔文吉等29人擬具「地方制度法第三十三條條文修正草案」案。六、審查本院委員李俊俋等19人擬具「地方制度法第四十條條文修正草案」案。七、審查本院委員陳亭妃等20人擬具「地方制度法第四十四條條文修正草案」案。八、審查本院委員李昆澤等18人擬具「地方制度法第八十三條之七條文修正草案」案。九、繼續併案審查（一）本院委員段宜康等17人擬具「地方制度法部分條文修正草案」案。（二）本院委員鄭天財等22人擬具「地方制度法第五十五條條文修正草案」案。（三）本院委員吳秉叡等18人擬具「地方制度法第五十五條、第五十六條及第五十七條條文修正草案」案。（四）本院委員李俊俋等16人擬具「地方制度法第八十二條條文修正草案」案。十、繼續併案審查（一）本院委員趙天麟等21人擬具「地方制度法第四十四條條文修正草案」案。（二）本院委員許智傑等19人擬具「地方制度法第四十四條條文修正草案」案。十一、繼續併案審查（一）本院委員廖國棟等22人擬具「地方制度法部分條文修正草案」案。（二）本院委員孔文吉等28人擬具「地方制度法第一條及第八十七條之四條文修正草案」案。（三）本院委員林正二等18人擬具「地方制度法增訂第八十七條之四條文草案」案。十二、繼續審查本院委員魏明谷等22人擬具「地方制度法第四條條文修正草案」案。十三、繼續審查本院委員黃文玲等22人擬具「地方制度法第二十六條條文修正草案」案。十四、繼續審查本院委員陳歐珀等21人擬具「地方制度法增訂第三十條之一條文草案」案。十五、繼續審查本院委員林岱樺等21人擬具「地方制度法第六十三條及第六十七條條文修正草案」案。十六、繼續審查本院委員吳秉叡等17人擬具「地方制度法第七十九條條文修正草案」案。十七、繼續審查本院委員羅明才等31人擬具「地方制度法第八十七條之三條文修正草案」案。十八、審查請願案1案。,段宜康;邱議瑩;李俊俋;吳育昇;紀國棟;廖正井;周倪安;陳亭妃;鄭天財(Sra．Kacaw);陳其邁;呂學樟;簡東明;楊應雄;羅淑蕾;李桐豪;陳歐珀;李貴敏;江啟臣;楊麗環;葉宜津;賴振昌;邱志偉;管碧玲;蕭美琴;葉津鈴;李昆澤;王進士;何欣純;蘇清泉;陳明文;邱文彥;張慶忠;黃偉哲;盧嘉辰;劉櫂豪;廖國棟;楊瓊瓔;姚文智,
104/01/05,群賢樓101會議室,教育及文化委員會,無,立法院第8屆第6會期教育及文化委員會第21次全體委員會議,邀請文化部部長、國防部部長等列席報告「文化部對現有文化資產及眷村文化保存成果及相關作為之執行情形」，並備質詢。(1月5日、1月7日、1月8日3天一次會),潘維剛;許智傑;陳亭妃;何欣純;鄭麗君;黃昭順;邱志偉;邱文彥;李桐豪;管碧玲;吳育昇;廖正井;陳歐珀;楊應雄;鄭天財(Sra．Kacaw);賴振昌;楊麗環;李貴敏;周倪安;葉津鈴;李昆澤;蕭美琴;林德福;蘇清泉;簡東明;王進士;江惠貞;陳明文;呂學樟;陳碧涵;盧嘉辰;黃偉哲;高金素梅;蔣乃辛;廖國棟;劉櫂豪,
104/01/05,紅樓302會議室,司法及法制委員會,無,立法院第8屆第6會期司法及法制委員會第24次全體委員會議,一、併案審查（一）委員呂學樟等21人擬具「法院組織法第十八條條文及第十一條附表修正草案」及（二）委員尤美女等21人擬具「法院組織法第十八條條文修正草案」案。二、審查委員尤美女等25人擬具「非訟事件法第一百零四條條文修正草案」案。三、繼續審查委員鄭天財等31人擬具「法院組織法第二十三條、第三十九條及第五十三條條文修正草案」案。四、繼續併案審查（一）委員李俊俋等21人擬具「法院組織法第九十九條條文修正草案」及（二）本院台灣團結聯盟黨團擬具「法院組織法第九十八條及第九十九條條文修正草案」案。,廖正井;李貴敏;呂學樟;林鴻池;尤美女;李桐豪;周倪安;陳歐珀;吳育昇;楊應雄;邱文彥;鄭天財(Sra．Kacaw);江啟臣;楊麗環;賴振昌;邱志偉;蕭美琴;管碧玲;葉津鈴;陳亭妃;王進士;蘇清泉;陳明文;簡東明;張慶忠;黃偉哲;盧嘉辰;劉櫂豪;楊瓊瓔,
104/01/05,紅樓101會議室,經濟委員會,無,立法院第8屆第6會期經濟委員會第18次全體委員會議,繼續審查104年度中央政府總預算案附屬單位預算非營業部分關於行政院農業委員會主管：農業特別收入基金（含農業天然災害救助基金、漁業發展基金、漁產平準基金、農產品受進口損害救助基金、農村再生基金）。（處理）（1月5日、7日二天一次會）,,
104/01/05,紅樓201會議室,交通委員會,無,立法院第8屆第6會期交通委員會第14次全體委員會議議事日程,審查104年度中央政府總預算案附屬單位預算營業部分關於交通部主管桃園國際機場股份有限公司營業預算。(詢答及處理)(1月5日上午，7日及8日三天一次會),李昆澤;羅淑蕾;葉宜津;楊麗環;林國正;管碧玲;蔡其昌;李鴻鈞;陳雪生;劉櫂豪;吳育昇;李桐豪;邱文彥;廖正井;周倪安;楊應雄;江啟臣;鄭天財(Sra．Kacaw);李貴敏;賴振昌;陳歐珀;蕭美琴;葉津鈴;陳亭妃;何欣純;蘇清泉;陳明文;簡東明;呂學樟;黃偉哲;盧嘉辰;陳根德;邱志偉;王進士,
104/01/06,紅樓201會議室,程序委員會,無,第8屆第6會期第17次會議,審定本院第8屆第6會期第17次會議議事日程及處理人民請願案,林鴻池,
104/01/07,九樓大禮堂,財政委員會,無,立法院第8屆第6會期財政委員會第20次全體委員會議,一、邀請金融監督管理委員會曾主任委員就「參加金融三會之過程並提出我國因應作法」專題報告，並備質詢。二、邀請財政部張部長率公股行庫主管就「金融體系聯貸運作情況」專題報告，並備質詢。(1月7日及8日兩天一次會),許添財;吳秉叡;林德福;賴士葆;盧秀燕;薛凌;孫大千;李應元;賴振昌;費鴻泰;曾巨威;羅明才;陳歐珀;李桐豪;陳明文;李貴敏;周倪安;楊瓊瓔;吳育仁;鄭天財(Sra．Kacaw);蔣乃辛;黃偉哲;劉櫂豪;邱文彥;廖正井;陳淑慧;陳亭妃;王惠美;葉津鈴;呂玉玲;簡東明;黃昭順;廖國棟,
104/01/07,群賢樓101會議室,教育及文化委員會,無,立法院第8屆第6會期教育及文化委員會第21次全體委員會議,邀請教育部部長、科技部部長、國家發展委員會主任委員、經濟部部長、勞動部部長、銓敘部部長等列席報告「大學整併、退場之教職員生等相關人力資源配置，及我國未來十年高教藍圖、人才培育規劃與教授多元升等方案執行狀況」，並備質詢。(1月5日、1月7日、1月8日3天一次會),孔文吉;蔣乃辛;陳淑慧;陳亭妃;許智傑;陳碧涵;鄭麗君;黃志雄;呂玉玲;何欣純;潘維剛;賴振昌;李桐豪;許添財;管碧玲;廖國棟;黃昭順;劉櫂豪;賴士葆;鄭汝芬;邱志偉;楊瓊瓔;周倪安;李貴敏;江啟臣;盧秀燕;鄭天財(Sra．Kacaw);黃偉哲;陳歐珀;吳育仁;薛凌;邱文彥;廖正井;蔡錦隆;陳明文;王惠美;吳秉叡;蕭美琴;林德福;李昆澤,
104/01/07,紅樓202會議室,內政委員會,無,立法院第8屆第6會期內政委員會第32次全體委員會議,上午： 一、繼續審查本院委員李俊俋等21人擬具「公職人員選舉罷免法第五條、第八十六條及第一百一十條條文修正草案」案。 二、審查本院台灣團結聯盟黨團擬具「公職人員選舉罷免法第八十六條及第一百一十條條文修正草案」案。 三、審查本院委員邱志偉等19人擬具「公職人員選舉罷免法第八十六條條文修正草案」案。 下午： 一、繼續審查本院委員林正二等36人擬具「儲蓄互助社法部分條文修正草案」案。 二、審查本院親民黨黨團擬具「儲蓄互助社法部分條文修正草案」案。 三、審查本院委員蔡正元等27人擬具「儲蓄互助社法第二十七條條文修正草案」案。 四、審查本院委員王惠美等19人擬具「儲蓄互助社法第二十七條條文修正草案」案。,,
104/01/07,紅樓201會議室,交通委員會,無,立法院第8屆第6會期交通委員會第14次全體委員會議,一、繼續審查交通部函為103年度中央政府總預算該部主管第1項決議(五十七)，對於是否延長特許年期，須經本院交通委員會審查通過乙案，檢送「高鐵延長特許期報告」案。二、繼續處理交通部函為103年度中央政府總預算該部主管第1項決議(五十九)，有關協調高鐵公司就未來營運計畫及財務改善方案向本院交通委員會提出報告，未經同意前不應同意延長該公司之特許年限乙案，檢送高鐵未來營運計畫及財務改善方案報告案。(以上2案合併報告詢答及處理，12月29日已報告，惟未詢答處理)(1月5日上午，7日及8日三天一次會),葉宜津;羅淑蕾;李昆澤;李鴻鈞;林國正;管碧玲;蔡其昌;劉櫂豪;陳雪生;楊麗環;王進士;江啟臣;鄭汝芬;許添財;李桐豪;廖正井;賴振昌;周倪安;陳碧涵;顏寬恒;邱文彥;蕭美琴;蘇清泉;葉津鈴;呂學樟;黃昭順;陳明文;陳根德;孔文吉;邱志偉;賴士葆;陳歐珀;林德福;廖國棟;鄭天財(Sra．Kacaw);黃偉哲;楊瓊瓔;蔣乃辛;吳育仁;陳亭妃;陳淑慧;王惠美;李應元;江惠貞;簡東明;呂玉玲;張嘉郡;李貴敏,
104/01/07,紅樓301會議室,外交及國防委員會,無,立法院第8屆第6會期外交及國防委員會第30次全體委員會議,邀請外交部、國防部、經濟部、教育部、文化部、交通部觀光局、駐美代表沈呂巡報告「一、台美外交關係之發展與未來展望。二、美國三年未能對台軍售之原因及對我國國防戰力的影響評估。三、美國將台灣列為TPP第二波談判對象之評估。四、如何有效提升台美經濟關係，並強化台美文化、學術交流與觀光之品質與機會」，並備質詢。,陳歐珀;蔡煌瑯;林郁方;邱志偉;李桐豪;江啟臣;陳鎮湘;陳唐山;蕭美琴;詹凱臣;陳明文;楊應雄;盧秀燕;賴士葆;周倪安;許添財;林德福;黃昭順;廖國棟;鄭天財(Sra．Kacaw);黃偉哲;劉櫂豪;孔文吉;楊瓊瓔;廖正井;蔣乃辛;邱文彥;陳亭妃;王惠美;陳淑慧;管碧玲;賴振昌;江惠貞;呂玉玲;馬文君;李貴敏,
104/01/07,紅樓101會議室,經濟委員會,無,立法院第8屆第6會期經濟委員會第18次全體委員會議,邀請國家發展委員會主任委員針對「創業拔萃方案」之推動情形，暨「打造國際創新創業園區」計畫103年度經費運用情形及104年度與未來年度預算之配置情形，提出專案報告，並備質詢。（1月5日、7日二天一次會）,林岱樺;黃昭順;陳明文;廖國棟;楊瓊瓔;黃偉哲;丁守中;蘇震清;王惠美;葉津鈴;賴士葆;陳怡潔;孔文吉;許添財;江啟臣;周倪安;劉櫂豪;林德福;張嘉郡;李桐豪;陳歐珀;李貴敏;鄭天財(Sra．Kacaw);廖正井;吳育仁;邱志偉;薛凌;蔣乃辛;邱文彥;蔡錦隆;陳亭妃;陳淑慧;管碧玲;陳碧涵;蕭美琴;賴振昌;江惠貞;簡東明;劉建國;呂玉玲;吳秉叡;鄭汝芬;羅明才,
104/01/07,紅樓302會議室,司法及法制委員會,無,立法院第8屆第6會期司法及法制委員會第25次全體委員會議,一、繼續審查委員尤美女等27人擬具「訴訟影音紀錄法草案」案。二、繼續審查委員呂學樟等19人擬具「民事訴訟法第二百十三條之一條文修正草案」案。三、繼續併案審查（一）司法院、行政院函請審議「法院組織法部分條文修正草案」及（二）委員吳宜臻等18人擬具「法院組織法部分條文修正草案」案。,,
104/01/07,群賢樓801會議室,社會福利及衛生環境委員會,無,立法院第8屆第6會期社會福利及衛生環境委員會第29次全體委員會議,一、審查(一)委員馬文君等25人擬具「就業保險法第十一條條文修正草案」、(二)委員蔣乃辛等21人擬具「就業保險法第十一條條文修正草案」、(三)委員蘇清泉等18人擬具「就業保險法第二條條文修正草案」、(四)委員江惠貞等18人擬具「就業保險法第二條條文修正草案」、(五)委員王育敏等25人擬具「就業保險法第十九條之二條文修正草案」、(六)委員江惠貞等25人擬具「就業保險法第十一條條文修正草案」、(七)委員蔣乃辛等22人擬具「就業保險法第十一條條文修正草案」、(八)委員蔣乃辛等24人擬具「就業保險法第十一條、第二十條及第二十五條條文修正草案」、(九)委員吳育仁等22人擬具「就業保險法第十一條條文修正草案」、(十)委員黃志雄等16人擬具「就業保險法第十一條條文修正草案」等10案。 二、審查(一)委員吳育仁等19人擬具「勞動檢查法第三十三條及第三十四條條文修正草案」、(二)委員蘇清泉等18人擬具「勞動檢查法第二條及第二十四條條文修正草案」、(三)委員江惠貞等18人擬具「勞動檢查法第二條條文修正草案」等3案。,吳育仁;楊玉欣;陳節如;江惠貞;劉建國;王育敏;鄭汝芬;徐少萍;田秋堇;許添財;蔡錦隆;楊曜;黃昭順;廖國棟;趙天麟;林淑芬;李貴敏;周倪安;盧秀燕;楊瓊瓔;鄭天財(Sra．Kacaw);蔣乃辛;黃偉哲;劉櫂豪;邱文彥;廖正井;陳淑慧;陳亭妃;王惠美;賴振昌;葉津鈴;簡東明;呂玉玲;李桐豪;陳歐珀;林德福;羅明才;陳明文;吳秉叡,
104/01/08,紅樓202會議室,內政委員會,無,立法院第8屆第6會期內政委員會第33次全體委員會議,一、繼續處理104年度中央政府總預算案關於行政院收支部分預算經決議保留部分，請討論案。二、繼續處理104年度中央政府總預算案關於原住民族委員會主管收支部分預算經決議保留部分，請討論案。三、繼續處理104年度中央政府總預算案關於行政院大陸委員會主管收支部分預算經決議保留部分，請討論案。四、繼續處理104年度中央政府總預算案關於行政院海岸巡防署主管─海岸巡防署主管收支部分預算經決議保留部分，請討論案。五、審查本院台灣團結聯盟黨團擬具「共同管道法第十一條及第二十八條之一條文修正草案」案。六、審查本院台灣團結聯盟黨團擬具「共同管道法第二十一條條文修正草案」案。七、審查本院委員賴士葆等17人擬具「管線安全法草案」案。,段宜康;紀國棟;周倪安;邱議瑩;盧嘉辰;鄭天財(Sra．Kacaw);吳育昇;李俊俋;許添財;賴振昌;廖正井;管碧玲;葉宜津;羅淑蕾;李貴敏;蔣乃辛;何欣純;楊麗環;陳淑慧;廖國棟;張慶忠;邱文彥;陳其邁;周倪安,
104/01/08,紅樓302會議室,司法及法制委員會,內政委員會、社會福利及衛生環境委員會,立法院第8屆第6會期司法及法制、內政、社會福利及衛生環境委員會第1次聯席會議,繼續併案審查（一）行政院函請審議「家庭暴力防治法部分條文修正草案」、（二）委員趙天麟等23人擬具「家庭暴力防治法第五十條條文修正草案」、（三）委員李貴敏等28人擬具「家庭暴力防治法增訂第三十六條之一及第三十六條之二條文草案」、（四）委員李俊俋等18人擬具「家庭暴力防治法第十六條條文修正草案」、（五）委員蔣乃辛等24人擬具「家庭暴力防治法第八條及第十四條條文修正草案」、（六）委員孫大千等20人擬具「家庭暴力防治法部分條文修正草案」、（七）委員蔣乃辛等27人擬具「家庭暴力防治法第三十六條條文修正草案」、（八）委員馬文君等24人擬具「家庭暴力防治法第十四條條文修正草案」、（九）委員吳宜臻等24人擬具「家庭暴力防治法部分條文修正草案」、（十）委員王育敏等30人擬具「家庭暴力防治法部分條文修正草案」、（十一）委員蔡其昌等21人擬具「家庭暴力防治法第三十六條條文修正草案」、（十二）委員謝國樑等27人擬具「家庭暴力防治法第十四條、第三十四條及第六十一條條文修正草案」、（十三）委員邱志偉等22人擬具「家庭暴力防治法修正第二十條、第三十六條及增訂第五十條之一條文草案」、（十四）委員蔣乃辛等27人擬具「家庭暴力防治法增訂第五十條之一及第六十一條之一條文草案」、（十五）委員潘維剛等30人擬具「家庭暴力防治法第十九條及第三十六條條文修正草案」、（十六）委員蕭美琴等22人擬具「家庭暴力防治法第十四條條文修正草案」、（十七）委員李桐豪等27人擬具「家庭暴力防治法第四條條文修正草案」、（十八）委員李昆澤等23人擬具「家庭暴力防治法第四條及第五十條條文修正草案」、（十九）委員鄭汝芬等37人擬具「家庭暴力防治法第十五條條文修正草案」及（二十）委員鄭汝芬等23人擬具「家庭暴力防治法部分條文修正草案」案。,,
104/01/08,群賢樓101會議室,教育及文化委員會,無,立法院第8屆第6會期教育及文化委員會第21次全體委員會議,邀請科技部部長、經濟部部長及台灣電力公司、台灣中油股份有限公司董事長等列席報告「能源國家型科技計畫之成果與我國再生能源發展及發電、輸電、配電之電力規劃」，並備質詢。(1月5日、1月7日、1月8日3天一次會),蔣乃辛;許智傑;陳碧涵;陳淑慧;何欣純;鄭麗君;潘維剛;田秋堇;許添財;周倪安;黃志雄;管碧玲;廖正井;李貴敏;盧秀燕;鄭天財(Sra．Kacaw);蔡錦隆;廖國棟;楊麗環;吳育仁;江惠貞;邱志偉;陳學聖;徐欣瑩;林德福;邱文彥,
104/01/08,紅樓201會議室,交通委員會,無,立法院第8屆第6會期交通委員會第14次全體委員會議,併案審查：一、委員姚文智等21人擬具「發展觀光條例部分條文修正草案」案。二、台灣團結聯盟黨團擬具「發展觀光條例第一條及第五條條文修正草案」案。三、委員葉宜津等19人擬具「發展觀光條例第二條、第二十四條及第七十條之二條文修正草案」案。四、委員陳亭妃等17人擬具「發展觀光條例第三十一條條文修正草案」案。五、委員李昆澤等24人擬具「發展觀光條例第三十八條條文修正草案」案。六、委員謝國樑等20人擬具「發展觀光條例第四十九條條文修正草案」案。七、委員邱志偉等16人擬具「發展觀光條例第五十五條條文修正草案」案。八、委員李昆澤等21人擬具「發展觀光條例第五十五條條文修正草案」案。九、委員葉宜津等20人擬具「發展觀光條例第六十四條條文修正草案」案。(以上9案合併說明詢答及處理)(1月5日上午，7日及8日三天一次會),李昆澤;葉宜津;羅淑蕾;蔡其昌;管碧玲;楊麗環;周倪安;劉櫂豪;賴振昌;鄭天財(Sra．Kacaw);李貴敏;蔣乃辛;邱文彥;廖正井;何欣純;盧嘉辰;陳淑慧;廖國棟;李鴻鈞;許添財,
104/01/08,群賢樓801會議室,社會福利及衛生環境委員會,無,立法院第8屆第6會期社會福利及衛生環境委員會第30次全體委員會議,（上午） 繼續審查(一)行政院函請審議「人類免疫缺乏病毒傳染防治及感染者權益保障條例部分條文修正草案」、(二)委員江惠貞等20人擬具「人類免疫缺乏病毒傳染防治及感染者權益保障條例第二條條文修正草案」、(三)委員李桐豪等27人擬具「人類免疫缺乏病毒傳染防治及感染者權益保障條例第二條及第六條條文修正草案」、(四)委員李桐豪等19人擬具「人類免疫缺乏病毒傳染防治及感染者權益保障條例第十八條及第二十條條文修正草案」、(五)委員林明溱等21人擬具「人類免疫缺乏病毒傳染防治及感染者權益保障條例第二條及第十三條條文修正草案」、(六)委員趙天麟等20人擬具「人類免疫缺乏病毒傳染防治及感染者權益保障條例部分條文修正草案」、(七)委員楊玉欣等27人擬具「人類免疫缺乏病毒傳染防治及感染者權益保障條例部分條文修正草案」、(八)委員李桐豪等21人擬具「人類免疫缺乏病毒傳染防治及感染者權益保障條例第十五條條文修正草案」等8案。 （下午） 併案審查(一)行政院函請審議「藥事法部分條文修正草案」、(二)委員江惠貞等23人擬具「藥事法第二十四條、第六十六條及第六十八條條文修正草案」、(三)委員蔣乃辛等18人擬具「藥事法增訂第六十八條之一條文草案」、(四)委員劉建國等19人擬具「藥事法部分條文修正草案」、(五)委員潘維剛等24人擬具「藥事法部分條文修正草案」、(六)委員陳其邁等21人擬具「藥事法第三十三條及第五十條條文修正草案」、(七)委員吳秉叡等24人擬具「藥事法第一條、第三十三條及第五十條條文修正草案」、(八)委員邱志偉等18人擬具「藥事法部分條文修正草案」、(九)委員姚文智等17人擬具「藥事法部分條文修正草案」、(十)委員江惠貞等21人擬具「藥事法第二條條文修正草案」、(十一)委員李桐豪等27人擬具「藥事法第二條條文修正草案」、(十二)委員江惠貞等29人擬具「藥事法部分條文修正草案」、(十三)委員謝國樑等16人擬具「藥事法部分條文修正草案」、(十四)委員劉建國等20人擬具「藥事法第八十一條條文修正草案」、(十五)委員趙天麟等19人擬具「藥事法部分條文修正草案」、(十六)委員林岱樺等19人擬具「藥事法部分條文修正草案」、(十七)委員馬文君等24人擬具「藥事法增訂第八十條之一條文草案」、(十八)委員徐欣瑩等20人擬具「藥事法部分條文修正草案」、(十九)委員羅淑蕾等16人擬具「藥事法第二條條文修正草案」等19案。,吳育仁;趙天麟;楊曜;徐欣瑩;林淑芬;蘇清泉;蔡錦隆;陳節如;徐少萍;江惠貞;王育敏;田秋堇;劉建國,
104/01/08,九樓大禮堂,財政委員會,無,立法院第8屆第6會期財政委員會第20次全體委員會議,審查金融監督管理委員會函送財團法人台灣金融研訓院、財團法人汽車交通事故特別補償基金、財團法人住宅地震保險基金、財團法人保險安定基金、財團法人證券投資人及期貨交易人保護中心、財團法人保險事業發展中心暨財團法人金融消費評議中心等7家財團法人104年度預算書案。(1月7日及8日兩天一次會),許添財;吳秉叡;盧秀燕;林德福;賴士葆;賴振昌;李應元;費鴻泰;孫大千;周倪安;薛凌;邱文彥;蔣乃辛;李貴敏;管碧玲;鄭天財(Sra．Kacaw);黃昭順;陳淑慧;廖國棟;楊麗環;廖正井;羅明才,
104/01/12,紅樓202會議室,內政委員會,無,立法院第8屆第6會期內政委員會第34次全體委員會議,一、審查委員吳秉叡等25人擬具「原住民族基本法第八條條文修正草案」案。 二、審查委員鄭天財等26人擬具「原住民族基本法第十八條條文修正草案」案。 三、審查委員廖國棟等21人擬具「原住民族基本法第二十一條及第二十四條條文修正草案」案。 四、審查委員鄭天財等18人擬具「原住民族基本法增訂第二十八條之一條文草案」案。 五、審查委員簡東明等18人擬具「原住民族基本法第三十四條條文修正草案」案。 六、審查委員廖國棟等16人擬具「原住民族工作權保障法第三條條文修正草案」案。 七、審查委員鄭天財等22人擬具「原住民族傳統智慧創作保護條例第二條條文修正草案」。 八、審查行政院函請審議「財團法人原住民族文化事業基金會設置條例第十條、第十六條及第十七條條文修正草案」案。 九、審查委員鄭天財等22人擬具「財團法人原住民族文化事業基金會設置條例第三條條文修正草案」案。 十、審查委員簡東明等22人擬具「財團法人原住民族文化事業基金會設置條例第四條條文修正草案」案。 十一、審查委員鄭天財等18人擬具「財團法人原住民族文化事業基金會設置條例第六條條文修正草案」案。,盧嘉辰;周倪安;段宜康;李俊俋;陳其邁;孔文吉;簡東明;鄭天財(Sra．Kacaw);姚文智;高金素梅;邱文彥;廖國棟,
104/01/12,紅樓202會議室,內政委員會,無,立法院第8屆第6會期內政委員會第34次全體委員會議：,繼續審查一、行政院函請審議「都市更新條例修正草案」案。二、本院委員林淑芬等22人擬具「都市更新條例修正草案」案。三、本院委員姚文智等31人擬具「都市更新條例修正草案」案。四、本院委員邱文彥等27人擬具「都市更新條例修正草案」案。五、本院委員李俊俋等23人擬具「都市更新條例第十六條及第三十六條條文修正草案」案。六、本院委員陳亭妃等21人擬具「都市更新條例第十六條及第三十六條條文修正草案」案。七、本院委員許添財等18人擬具「都市更新條例部分條文修正草案」案。八、本院委員丁守中等27人擬具「都市更新條例部分條文修正草案」案。九、本院委員李應元等36人擬具「都市更新條例部分條文修正草案」案。十、本院委員尤美女等22人擬具「都市更新條例部分條文修正草案」案。十一、本院委員陳其邁等24人擬具「都市更新條例部分條文修正草案」案。十二、本院委員張慶忠等22人擬具「都市更新條例部分條文修正草案」案。十三、本院委員姚文智等17人擬具「都市更新條例部分條文修正草案」案。十四、本院委員陳其邁等20人擬具「都市更新條例第十條條文修正草案」案。十五、本院委員蔡正元等16人擬具「都市更新條例第二十七條條文修正草案」案。十六、本院委員邱文彥等21人擬具「都市更新條例部分條文修正草案」案。十七、本院委員林淑芬等25人擬具「都市更新條例第二十七條條文修正草案」案。十八、本院委員田秋堇等23人擬具「都市更新條例部分條文修正草案」案。十九、本院委員姚文智等23人擬具「都市更新條例部分條文修正草案」案。二十、本院委員邱文彥等30人擬具「都市更新條例部分條文修正草案」案。,,
104/01/12,紅樓201會議室,交通委員會,無,立法院第8屆第6會期交通委員會第15次全體委員會議,繼續審查行政院函請審議「獎勵民間參與交通建設條例部分條文修正草案」案。(業已說明及詢答完畢，進行逐條審查),,
104/01/12,九樓大禮堂,教育及文化委員會,無,立法院第8屆第6會期教育及文化委員會第22次全體委員會議,繼續審查(處理) 104年度教育部主管國立大學校院、附設醫院、社教機構、高級中等學校、學產基金及運動發展基金附屬單位預算。(1月12日、1月14日、1月15日3天一次會),,
104/01/12,紅樓301會議室,外交及國防委員會,無,立法院第8屆第6會期外交及國防委員會第31次全體委員會議,邀請國防部部長、外交部部長、經濟部部長報告「中俄舉行聯合軍演、能源與經濟合作及俄羅斯提供中國軍售，對我國安全環境及對亞太地區國家之衝擊與影響」，並備質詢。,陳歐珀;李桐豪;蔡煌瑯;楊應雄;林郁方;江啟臣;陳鎮湘;邱志偉;蕭美琴;陳唐山;詹凱臣;許添財;廖正井;孔文吉;賴士葆;李貴敏;賴振昌;林德福;黃昭順;黃偉哲;劉櫂豪;蔣乃辛;周倪安;管碧玲;陳亭妃;蘇清泉;葉津鈴;王進士;呂學樟;江惠貞;薛凌;楊瓊瓔;王惠美;陳碧涵;陳淑慧;邱文彥;楊麗環,
104/01/12,紅樓302會議室,司法及法制委員會,教育及文化委員會,立法院第8屆第6會期司法及法制、教育及文化委員會第1次聯席會議,審查行政院函請審議「國家資通安全科技中心設置條例草案」案。,廖正井;孔文吉;李貴敏;柯建銘;蔣乃辛;高志鵬;陳亭妃;何欣純;呂學樟;陳碧涵;陳淑慧;林鴻池;陳歐珀;李桐豪;楊應雄;許添財;賴士葆;林德福;賴振昌;黃昭順;江啟臣;黃偉哲;劉櫂豪;邱志偉;周倪安;蕭美琴;管碧玲;蘇清泉;葉津鈴;王進士;江惠貞;楊瓊瓔;簡東明;王惠美;邱文彥;尤美女;潘維剛;楊麗環;曾巨威,
104/01/12,群賢樓101會議室,財政委員會,無,立法院第8屆第6會期財政委員會第21次全體委員會議,104年1月12、14、15日(本次會議合併報告及詢答，分別審查)一、邀請衛生福利部蔣部長針對「高雄氣爆事件，高雄市政府有無浮濫發放各界善款」專題報告，並備質詢。二、審查行政院函請審議「使用牌照稅法第五條條文修正草案」案。三、審查本院委員林德福等20人擬具「存款保險條例第二條條文修正草案」案、本院委員林德福等21人擬具「證券交易法第三條條文修正草案」案、本院委員林德福等21人擬具「不動產證券化條例第三條條文修正草案」案、本院委員林德福等20人擬具「證券投資人及期貨交易人保護法第三條條文修正草案」案、本院委員林德福等21人擬具「會計師法第三條條文修正草案」案、本院委員林德福等21人擬具「期貨交易法第四條條文修正草案」案、本院委員林德福等21人擬具「票券金融管理法第三條條文修正草案」案、本院委員林德福等21人擬具「證券投資信託及顧問法第二條條文修正草案」案、本院委員林德福等21人擬具「信託業法第四條條文修正草案」案、本院委員林德福等21人擬具「金融控股公司法第三條條文修正草案」案等10案。四、審查行政院函請審議「銀行法部分條文修正草案」案、本院委員魏明谷等17人擬具「銀行法刪除第四十二條之一條文草案」案、本院委員潘維剛等20人擬具「銀行法刪除第四十二條之一條文草案」案、本院委員陳根德等38人擬具「銀行法第四十七條之一條文修正草案」案、本院委員李桐豪等21人擬具「銀行法第六十四條之一條文修正草案」案、本院委員盧秀燕等25人擬具「銀行法第七十二條之二條文修正草案」案、本院委員盧秀燕等24人擬具「銀行法第七十四條條文修正草案」案(如經復議，則不予審查)、本院委員林佳龍等18人擬具「銀行法第七十五條條文修正草案」案等8案。五、審查行政院函請審議「國際金融業務條例部分條文修正草案」案。六、審查行政院函請審議「金融消費者保護法部分條文修正草案」案、本院委員林德福等21人擬具「金融消費者保護法第二條及第三條條文修正草案」案、本院委員盧秀燕等19人擬具「金融消費者保護法第十條條文修正草案」案、本院委員孫大千等19人擬具「金融消費者保護法第十條條文修正草案」案(如經復議，則不予審查)等4案。七、審查行政院函請審議「保險法部分條文修正草案」案、本院委員賴士葆等23人擬具「保險法第九條條文修正草案」案、本院委員蕭美琴等23人擬具「保險法部分條文修正草案」案、本院委員賴士葆等17人擬具「保險法第二十九條條文修正草案」案、本院委員謝國樑等26人擬具「保險法第一百二十二條、第一百三十條及第一百三十五條條文修正草案」案、本院委員賴士葆等31人擬具「保險法增訂第一百三十八條之四條文草案」案等6案。(1月12日、14日及15日三天一次會),許添財;吳秉叡;賴士葆;賴振昌;林德福;曾巨威;盧秀燕;翁重鈞;林淑芬;李桐豪;蔡正元;羅明才;李應元;薛凌;孔文吉;楊應雄;費鴻泰;廖國棟;黃偉哲;江啟臣;陳碧涵;劉櫂豪;陳歐珀;陳其邁;蕭美琴;周倪安;蔡錦隆;陳亭妃;許智傑;蘇清泉;吳育仁;葉津鈴;簡東明;李昆澤;楊瓊瓔;王進士;管碧玲;江惠貞;呂學樟;邱議瑩;邱文彥;王惠美;潘維剛;趙天麟;楊麗環;廖正井;黃昭順,
104/01/12,群賢樓801會議室,社會福利及衛生環境委員會,無,立法院第8屆第6會期社會福利及衛生環境委員會第31次全體委員會議,繼續審查(一)行政院函請審議「消費者保護法部分條文修正草案」、(二)委員丁守中等23人擬具「消費者保護法第十九條條文修正草案」、(三)委員李應元等18人擬具「消費者保護法增訂第十七條之一條文草案」、(四)委員江惠貞等24人擬具「消費者保護法第十三條及第五十六條條文修正草案」、(五)委員林岱樺等22人擬具「消費者保護法第十三條條文修正草案」、(六)委員陳根德等22人擬具「消費者保護法第三十三條條文修正草案」、(七)委員謝國樑等21人擬具「消費者保護法第十七條條文修正草案」、(八)委員李昆澤等23人擬具「消費者保護法第八條、第四十六條及第五十七條之一條文修正草案」、(九)委員賴士葆等23人擬具「消費者保護法增訂第四條之一條文草案」、(十)委員李桐豪等24人擬具「消費者保護法增訂第四條之一條文草案」、(十一) 委員李俊俋等20人擬具「消費者保護法第十九條及第五十六條條文修正草案」、(十二)委員陳亭妃等17人擬具「消費者保護法第七條條文修正草案」、(十三)委員潘孟安等20人擬具「消費者保護法第六十條條文修正草案」、(十四)委員蔣乃辛等23人擬具「消費者保護法第二十二條條文修正草案」、(十五)委員謝國樑等19人擬具「消費者保護法第十九條及第十九條之二條文修正草案」、(十六)委員田秋堇等16人擬具「消費者保護法第四十九條及第六十條條文修正草案」、(十七)委員何欣純等16人擬具「消費者保護法第十一條之一、第二十二條及第五十一條條文修正草案」、(十八)委員江惠貞等18人擬具「消費者保護法第十八條、第十九條及第五十六條條文修正草案」、(十九)委員蔣乃辛等18人擬具「消費者保護法第二十四條條文修正草案」、(二十)委員丁守中等39人擬具「消費者保護法部分條文修正草案」等20案。,,
104/01/12,紅樓101會議室,經濟委員會,財政委員會,立法院第8屆第6會期經濟、財政兩委員會第1次聯席會議,一、審查行政院函請審議「產業創新條例部分條文修正草案」案。二、審查本院委員賴士葆等23人擬具「產業創新條例部分條文修正草案」案。三、審查本院委員李桐豪等19人擬具「產業創新條例增訂第六十七條之一條文草案」案。四、審查本院委員陳超明等17人擬具「產業創新條例部分條文修正草案」案。五、審查本院委員陳淑慧等16人擬具「產業創新條例第十條條文修正草案」案。六、審查本院委員李貴敏等28人擬具「產業創新條例增訂第十二條之一條文草案」案。七、審查本院委員李貴敏等31人擬具「產業創新條例第二十條之一及第七十二條條文修正草案」案。八、審查本院委員李貴敏等31人擬具「產業創新條例第三十二條條文修正草案」案。九、審查本院委員李貴敏等28人擬具「產業創新條例第二十五條條文修正草案」案。十、審查本院委員李貴敏等29人擬具「產業創新條例第十條條文修正草案」案。十一、審查本院委員賴士葆等26人擬具「產業創新條例第十條條文修正草案」案。,黃昭順;丁守中;許添財;賴士葆;黃偉哲;楊瓊瓔;賴振昌;廖國棟;盧秀燕;蘇震清;葉津鈴;李貴敏;陳怡潔;劉櫂豪;王惠美;廖正井;翁重鈞;李桐豪;薛凌;孔文吉;江啟臣;楊應雄;陳歐珀;周倪安;蔣乃辛;蘇清泉;蕭美琴;管碧玲;蔡錦隆;陳亭妃;何欣純;簡東明;王進士;呂學樟;江惠貞;李昆澤;邱文彥;林德福;楊麗環;羅明才,
104/01/13,紅樓201會議室,程序委員會,無,第8屆第6會期第18次會議,審定本院第8屆第6會期第18次會議議事日程及處理人民請願案,江惠貞,
104/01/14,九樓大禮堂,財政委員會,無,立法院第8屆第6會期財政委員會第21次全體委員會議,一、繼續審查行政院函請審議「使用牌照稅法第五條條文修正草案」案。二、繼續審查本院委員林德福等20人擬具「存款保險條例第二條條文修正草案」案　　、本院委員林德福等21人擬具「證券交易法第三條條文修正草案」案、本院委員林德福等21人擬具「不動產證券化條例第三條條文修正草案」案、本院委員林德福等20人擬具「證券投資人及期貨交易人保護法第三條條文修正草案」案、本院委員林德福等21人擬具「會計師法第三條條文修正草案」案、本院委員林德福等21人擬具「期貨交易法第四條條文修正草案」案、本院委員林德福等21人擬具「票券金融管理法第三條條文修正草案」案、本院委員林德福等21人擬具「證券投資信託及顧問法第二條條文修正草案」案、本院委員林德福等21人擬具「信託業法第四條條文修正草案」案、本院委員林德福等21人擬具「金融控股公司法第三條條文修正草案」案等10案。三、繼續審查行政院函請審議「銀行法部分條文修正草案」案、本院委員魏明谷等17人擬具「銀行法刪除第四十二條之一條文草案」案、本院委員潘維剛等20人擬具「銀行法刪除第四十二條之一條文草案」案、本院委員陳根德等38人擬具「銀行法第四十七條之一條文修正草案」案、本院委員李桐豪等21人擬具「銀行法第六十四條之一條文修正草案」案、本院委員盧秀燕等25人擬具「銀行法第七十二條之二條文修正草案」案、本院委員盧秀燕等24人擬具「銀行法第七十四條條文修正草案」案(如經復議，則不予審查)、本院委員林佳龍等18人擬具「銀行法第七十五條條文修正草案」案等8案。四、繼續審查行政院函請審議「國際金融業務條例部分條文修正草案」案。五、繼續審查行政院函請審議「金融消費者保護法部分條文修正草案」案、本院委員林德福等21人擬具「金融消費者保護法第二條及第三條條文修正草案」案、本院委員盧秀燕等19人擬具「金融消費者保護法第十條條文修正草案」案、本院委員孫大千等19人擬具「金融消費者保護法第十條條文修正草案」案(如經復議，則不予審查)等4案。六、繼續審查行政院函請審議「保險法部分條文修正草案」案、本院委員賴士葆等23人擬具「保險法第九條條文修正草案」案、本院委員蕭美琴等23人擬具「保險法部分條文修正草案」案、本院委員賴士葆等17人擬具「保險法第二十九條條文修正草案」案、本院委員謝國樑等26人擬具「保險法第一百二十二條、第一百三十條及第一百三十五條條文修正草案」案、本院委員賴士葆等31人擬具「保險法增訂第一百三十八條之四條文草案」案等6案。(1月12日、14日及15日三天一次會),,
104/01/14,紅樓302會議室,司法及法制委員會,無,立法院第8屆第6會期司法及法制委員會第26次全體委員會議,一、審查委員陳超明等31人擬具「民事訴訟法第二百五十四條條文修正草案」案。二、繼續併案審查（一）委員許添財等20人擬具「貪污治罪條例第十八條條文修正草案」、（二）委員高志鵬等17人擬具「貪污治罪條例第十二條條文修正草案」、（三）委員薛凌等19人擬具「貪污治罪條例增訂第十七條之一條文草案」、（四）委員姚文智等17人擬具「貪污治罪條例增訂第五條之一條文草案」、（五）委員蔡正元等16人擬具「貪污治罪條例第六條條文修正草案」、（六）委員陳根德等20人擬具「貪污治罪條例第六條條文修正草案」、（七）委員許添財等17人擬具「貪污治罪條例第十七條條文修正草案」及（八）委員呂學樟等36人擬具「貪污治罪條例部分條文修正草案」案。（1月14日、15日兩天一次會）,柯建銘;呂學樟;廖正井;林鴻池;李貴敏;李桐豪;鄭天財(Sra．Kacaw);邱文彥;陳歐珀;周倪安;賴振昌;吳育昇;尤美女;謝國樑;廖國棟;顏寬恒;陳歐珀,
104/01/14,群賢樓101會議室,教育及文化委員會,無,立法院第8屆第6會期教育及文化委員會第22次全體委員會議,繼續審查(處理) 104年度教育部主管國立大學校院、附設醫院、社教機構、高級中等學校、學產基金及運動發展基金附屬單位預算。(1月12日、1月14日、1月15日3天一次會),,
104/01/14,群賢樓801會議室,社會福利及衛生環境委員會,無,立法院第8屆第6會期社會福利及衛生環境委員會第32次全體委員會議(議程更新),（1月14日） 一、繼續審查中華民國104年度中央政府總預算案附屬單位預算有關行政院環境保護署主管特別收入基金（環境保護基金）及信託基金（資源回收管理基金─信託基金部分、清潔人員執行職務死亡濟助基金）等預算案（預算處理）。 二、繼續審查(一)行政院函請審議「水污染防治法部分條文修正草案」、(二)委員王育敏等41人擬具「水污染防治法部分條文修正草案」、(三)委員羅淑蕾等17人擬具「水污染防治法第四十條條文修正草案」、(四)委員林淑芬等17人擬具「水污染防治法第十條條文修正草案」、(五)委員黃昭順等40人擬具「水污染防治法第三十五條及第六十六條之一條文修正草案」、(六)委員田秋堇等16人擬具「水污染防治法第十六條、第二十二條及第三十四條條文修正草案」、(七)委員蔣乃辛等26人擬具「水污染防治法第二十七條之一及第四十條條文修正草案」、(八)委員李昆澤等21人擬具「水污染防治法部分條文修正草案」、(九)委員丁守中等20人擬具「水污染防治法部分條文修正草案」、(十)委員趙天麟等20人擬具「水污染防治法部分條文修正草案」、(十一)民進黨黨團擬具「水污染防治法第三十四條之一、第三十七條及第三十九條條文修正草案」、(十二)委員李俊俋等22人擬具「水污染防治法第四十條條文修正草案」、(十三)委員楊曜等20人擬具「水污染防治法第四十條條文修正草案」、(十四)委員江惠貞等19人擬具「水污染防治法第三十四條及第三十六條條文修正草案」、(十五)委員陳根德等19人擬具「水污染防治法第四十條條文修正草案」、(十六)葉津鈴等17人擬具「水污染防治法部分條文修正草案」、(十七)委員許忠信等21人擬具「水污染防治法第四十條條文修正草案」、(十八)委員楊麗環等50人擬具「水污染防治法第四十條條文修正草案」、(十九)委員劉建國等17人擬具「水污染防治法第三十一條及第四十條條文修正草案」、(二十)委員林淑芬等24人擬具「水污染防治法部分條文修正草案」、(二十一)委員陳歐珀等17人擬具「水污染防治法第三十六條及第三十七條條文修正草案」、(二十二)委員蔣乃辛等17人擬具「水污染防治法部分條文修正草案」等22案。 (1月15日） 一、審查委員蔡其昌等18人擬具「人工生殖法第二十一條條文修正草案」。 二、繼續審查(一)行政院函請審議「消費者保護法部分條文修正草案」、(二)委員丁守中等23人擬具「消費者保護法第十九條條文修正草案」、(三)委員李應元等18人擬具「消費者保護法增訂第十七條之一條文草案」、(四)委員江惠貞等24人擬具「消費者保護法第十三條及第五十六條條文修正草案」、(五)委員林岱樺等22人擬具「消費者保護法第十三條條文修正草案」、(六)委員陳根德等22人擬具「消費者保護法第三十三條條文修正草案」、(七)委員謝國樑等21人...,,
104/01/14,紅樓101會議室,經濟委員會,司法及法制委員會,立法院第8屆第6會期經濟、司法及法制兩委員會第1次聯席會議,審查行政院函送公平交易委員會委員提名名單，其中邱永和為委員並為副主任委員，任期至106年1月31日；顏廷棟、張宏浩及魏杏芳等3人均為委員，任期自104年2月1日至108年1月31日止，請查照同意案。,黃昭順;黃偉哲;李桐豪;楊瓊瓔;蘇震清;丁守中;賴振昌;邱文彥;廖正井;周倪安;陳歐珀;吳育昇;蔡錦隆;張慶忠;廖國棟;李貴敏;尤美女;高志鵬;柯建銘,
104/01/14,紅樓202會議室,內政委員會,司法及法制委員會,立法院第8屆第6會期內政、司法及法制委員會第2次聯席會議,一、繼續併案審查 （一）行政院函請審議「政黨法草案」案。 （二）本院民進黨黨團擬具「政黨法草案」案。 （三）本院委員陳其邁等19人擬具「政黨法草案」案。 （四）本院親民黨黨團擬具「政黨法草案」案。 二、審查本院台灣團結聯盟黨團擬具「政黨法草案」案。 三、審查本院委員李俊俋等18人擬具「政黨法草案」案。 四、審查本院委員尤美女等17人擬具「政黨法草案」案。 五、審查本院委員吳秉叡等19人擬具「政黨法草案」案。,段宜康;邱文彥;紀國棟;鄭天財(Sra．Kacaw);邱議瑩;柯建銘;周倪安;李貴敏;吳育昇;姚文智;李俊俋;陳其邁;呂學樟;張慶忠;李桐豪;賴振昌;陳歐珀;尤美女;盧嘉辰;林鴻池;謝國樑;高志鵬;廖國棟;廖正井;林滄敏;管碧玲;顏寬恒;王廷升;曾巨威,
104/01/14,紅樓201會議室,交通委員會,無,「氣象法修正」公聽會。,,,
104/01/15,紅樓201會議室,交通委員會,無,立法院第8屆第6會期交通委員會第16次全體委員會議,邀請交通部就「民用航空局與桃園國際機場股份有限公司之政企分離」提出報告，並備質詢。,葉宜津;羅淑蕾;李昆澤;蔡其昌;劉櫂豪;楊麗環;管碧玲;楊應雄;孔文吉;李鴻鈞;陳碧涵;廖正井;邱文彥;李貴敏;周倪安;江啟臣;蔣乃辛;蕭美琴;賴振昌;黃偉哲;李桐豪;陳根德;王進士;盧嘉辰;陳歐珀,
104/01/15,紅樓301會議室,外交及國防委員會,無,立法院第8屆第6會期外交及國防委員會第32次全體委員會議,一、邀請外交部部長、經濟部部長、文化部部長、交通部觀光局局長報告「〈一〉如何強化台灣與歐盟及歐洲各主要國家之政治、經貿與文化關係，以及如何吸引歐洲企業來台投資並促進歐洲國家旅客來台觀光。〈二〉中國舉辦北京拉美合作論壇對我國與拉美加勒比海邦交國關係的衝擊與影響」，並備質詢。二、邀請國軍退除役官兵輔導委員會主任委員董翔龍報告「國軍退除役官兵輔導委員會所屬轉投資之欣雄天然氣公司釋股理由、時間點及釋股方式，釋股對象是否有違反安置基金投資的相關規定，圖利特定財團及賤賣股權之嫌」，並備質詢。,楊應雄;陳歐珀;李桐豪;蔡煌瑯;陳鎮湘;林郁方;江啟臣;陳唐山;蕭美琴;詹凱臣;陳碧涵;孔文吉;廖正井;李貴敏;邱文彥;周倪安;管碧玲;羅淑蕾;蔣乃辛;賴振昌;劉櫂豪;楊麗環;黃偉哲;邱志偉,
104/01/15,群賢樓101會議室,教育及文化委員會,無,立法院第8屆第6會期教育及文化委員會第22次全體委員會議,併案審查行政院函請審議「博物館法草案」、委員陳學聖等19人擬具「博物館法草案」、委員陳亭妃等23人擬具「博物館法草案」、委員陳淑慧等20人擬具「博物館法草案」、陳碧涵等26人擬具「博物館法草案」案。(1月12日、1月14日、1月15日3天一次會),孔文吉;陳碧涵;蔣乃辛;陳亭妃;陳淑慧;陳學聖;邱文彥;呂玉玲;李桐豪;何欣純;管碧玲;潘維剛;羅淑蕾;吳育仁;江啟臣;廖正井;劉櫂豪;楊麗環;陳歐珀;蕭美琴;周倪安;鄭天財(Sra．Kacaw),
104/01/15,群賢樓801會議室,社會福利及衛生環境委員會,無,立法院第8屆第6會期社會福利及衛生環境委員會第32次全體委員會議(議程更新),(1月15日）一、審查委員蔡其昌等18人擬具「人工生殖法第二十一條條文修正草案」。二、繼續審查(一)行政院函請審議「消費者保護法部分條文修正草案」、(二)委員丁守中等23人擬具「消費者保護法第十九條條文修正草案」、(三)委員李應元等18人擬具「消費者保護法增訂第十七條之一條文草案」、(四)委員江惠貞等24人擬具「消費者保護法第十三條及第五十六條條文修正草案」、(五)委員林岱樺等22人擬具「消費者保護法第十三條條文修正草案」、(六)委員陳根德等22人擬具「消費者保護法第三十三條條文修正草案」、(七)委員謝國樑等21人擬具「消費者保護法第十七條條文修正草案」、(八)委員李昆澤等23人擬具「消費者保護法第八條、第四十六條及第五十七條之一條文修正草案」、(九)委員賴士葆等23人擬具「消費者保護法增訂第四條之一條文草案」、(十)委員李桐豪等24人擬具「消費者保護法增訂第四條之一條文草案」、(十一) 委員李俊俋等20人擬具「消費者保護法第十九條及第五十六條條文修正草案」、(十二)委員陳亭妃等17人擬具「消費者保護法第七條條文修正草案」、(十三)委員潘孟安等20人擬具「消費者保護法第六十條條文修正草案」、(十四)委員蔣乃辛等23人擬具「消費者保護法第二十二條條文修正草案」、(十五) 委員謝國樑等19人擬具「消費者保護法第十九條及第十九條之二條文修正草案」、(十六)委員田秋堇等16人擬具「消費者保護法第四十九條及第六十條條文修正草案」、(十七)委員何欣純等16人擬具「消費者保護法第十一條之一、第二十二條及第五十一條條文修正草案」、(十八)委員江惠貞等18人擬具「消費者保護法第十八條、第十九條及第五十六條條文修正草案」、(十九) 委員蔣乃辛等18人擬具「消費者保護法第二十四條條文修正草案」、(二十)委員丁守中等39人擬具「消費者保護法部分條文修正草案」等20案。三、繼續審查(一)行政院函請審議「多氯聯苯中毒者健康照護服務條例草案」、(二)委員魏明谷等24人擬具「油症受害者救濟法草案」、(三)委員林淑芬等19人擬具「油症受害者救濟法草案」、(四)委員劉建國等20人擬具「多氯聯苯受害者救濟法草案」等4案。,陳節如;吳育仁;蔡錦隆;江惠貞;王育敏;林淑芬;田秋堇;徐少萍;楊應雄;陳歐珀;李桐豪;邱文彥;廖正井;管碧玲;周倪安;羅淑蕾;蔣乃辛;劉櫂豪;黃偉哲;楊麗環;蘇清泉,
104/01/15,九樓大禮堂,財政委員會,無,立法院第8屆第6會期財政委員會第21次全體委員會議,一、繼續審查行政院函請審議「使用牌照稅法第五條條文修正草案」案。二、繼續審查本院委員林德福等20人擬具「存款保險條例第二條條文修正草案」案　　、本院委員林德福等21人擬具「證券交易法第三條條文修正草案」案、本院委員林德福等21人擬具「不動產證券化條例第三條條文修正草案」案、本院委員林德福等20人擬具「證券投資人及期貨交易人保護法第三條條文修正草案」案、本院委員林德福等21人擬具「會計師法第三條條文修正草案」案、本院委員林德福等21人擬具「期貨交易法第四條條文修正草案」案、本院委員林德福等21人擬具「票券金融管理法第三條條文修正草案」案、本院委員林德福等21人擬具「證券投資信託及顧問法第二條條文修正草案」案、本院委員林德福等21人擬具「信託業法第四條條文修正草案」案、本院委員林德福等21人擬具「金融控股公司法第三條條文修正草案」案等10案。三、繼續審查行政院函請審議「銀行法部分條文修正草案」案、本院委員魏明谷等17人擬具「銀行法刪除第四十二條之一條文草案」案、本院委員潘維剛等20人擬具「銀行法刪除第四十二條之一條文草案」案、本院委員陳根德等38人擬具「銀行法第四十七條之一條文修正草案」案、本院委員李桐豪等21人擬具「銀行法第六十四條之一條文修正草案」案、本院委員盧秀燕等25人擬具「銀行法第七十二條之二條文修正草案」案、本院委員盧秀燕等24人擬具「銀行法第七十四條條文修正草案」案(如經復議，則不予審查)、本院委員林佳龍等18人擬具「銀行法第七十五條條文修正草案」案等8案。四、繼續審查行政院函請審議「國際金融業務條例部分條文修正草案」案。五、繼續審查行政院函請審議「金融消費者保護法部分條文修正草案」案、本院委員林德福等21人擬具「金融消費者保護法第二條及第三條條文修正草案」案、本院委員盧秀燕等19人擬具「金融消費者保護法第十條條文修正草案」案、本院委員孫大千等19人擬具「金融消費者保護法第十條條文修正草案」案(如經復議，則不予審查)等4案。六、繼續審查行政院函請審議「保險法部分條文修正草案」案、本院委員賴士葆等23人擬具「保險法第九條條文修正草案」案、本院委員蕭美琴等23人擬具「保險法部分條文修正草案」案、本院委員賴士葆等17人擬具「保險法第二十九條條文修正草案」案、本院委員謝國樑等26人擬具「保險法第一百二十二條、第一百三十條及第一百三十五條條文修正草案」案、本院委員賴士葆等31人擬具「保險法增訂第一百三十八條之四條文草案」案等6案。(1月12日、14日及15日三天一次會),,
104/01/15,紅樓202會議室,內政委員會,司法及法制委員會,立法院第8屆第6會期內政、司法及法制委員會第3次聯席會議,審查行政院函送中央選舉委員會委員提名名單，劉義周為委員並為主任委員、陳文生為委員並為副主任委員、張瓊玲及劉嘉薇均為委員，請同意案。,段宜康;盧嘉辰;邱文彥;紀國棟;周倪安;李貴敏;邱議瑩;李俊俋;陳其邁;高志鵬;廖正井;吳育昇;李桐豪;陳歐珀;孔文吉;陳碧涵;管碧玲;李昆澤;葉宜津;羅淑蕾;江啟臣;蔣乃辛;賴振昌;蕭美琴;劉櫂豪;楊麗環;黃偉哲;姚文智,
104/01/15,紅樓302會議室,司法及法制委員會,無,立法院第8屆第6會期司法及法制委員會第26次全體委員會議,一、審查委員陳超明等31人擬具「民事訴訟法第二百五十四條條文修正草案」案。二、繼續併案審查（一）委員許添財等20人擬具「貪污治罪條例第十八條條文修正草案」、（二）委員高志鵬等17人擬具「貪污治罪條例第十二條條文修正草案」、（三）委員薛凌等19人擬具「貪污治罪條例增訂第十七條之一條文草案」、（四）委員姚文智等17人擬具「貪污治罪條例增訂第五條之一條文草案」、（五）委員蔡正元等16人擬具「貪污治罪條例第六條條文修正草案」、（六）委員陳根德等20人擬具「貪污治罪條例第六條條文修正草案」、（七）委員許添財等17人擬具「貪污治罪條例第十七條條文修正草案」及（八）委員呂學樟等36人擬具「貪污治罪條例部分條文修正草案」案。（1月14日、15日兩天一次會）,,
104/01/19,紅樓202會議室,內政委員會,司法及法制委員會,立法院第8屆第6會期內政、司法及法制委員會第4次聯席會議,繼續審查行政院函送中央選舉委員會委員提名名單，劉義周為委員並為主任委員、陳文生為委員並為副主任委員、張瓊玲及劉嘉薇均為委員，請同意案。,段宜康;盧嘉辰;邱議瑩;廖正井;鄭天財(Sra．Kacaw);邱文彥;周倪安;李貴敏;陳其邁;李俊俋;張慶忠;呂學樟;姚文智;尤美女;賴振昌;李桐豪;葉津鈴;楊瓊瓔;王廷升;黃偉哲;吳育昇;陳明文,
104/01/19,紅樓101會議室,經濟委員會,無,立法院第8屆第6會期經濟委員會第19次全體委員會議,邀請行政院農業委員會主任委員、衛生福利部部長、經濟部、國防部、公平交易委員會、行政院環境保護署針對近日禽流感疫情之控制與處理情形、產銷復原與復養輔導措施，以及日後如何強化防疫、確保民眾健康及消費者權益等因應配套措施提出專案報告，並備質詢。（1月19日、21日二天一次會）,李慶華;林岱樺;黃偉哲;陳明文;王惠美;丁守中;楊瓊瓔;黃昭順;陳怡潔;葉津鈴;張嘉郡;蘇震清;周倪安;蘇清泉;鄭汝芬;徐欣瑩;鄭天財(Sra．Kacaw);邱文彥;盧嘉辰;李貴敏;呂學樟;王廷升;廖正井;陳亭妃;李桐豪;廖國棟;林滄敏;劉建國,
104/01/19,紅樓302會議室,司法及法制委員會,無,立法院第8屆第6會期司法及法制委員會第27次全體委員會議,併案審查（一）委員李俊俋等16人擬具「律師法第三條條文修正草案」、（二）委員江惠貞等18人擬具「律師法第二十條之一條文修正草案」、（三）委員盧秀燕等18人擬具「律師法第二十條之一條文修正草案」、（四）委員姚文智等18人擬具「律師法第四條條文修正草案」及（五）委員尤美女等16人擬具「律師法修正草案」案。,廖正井;盧嘉辰;陳明文;黃偉哲;賴振昌;李桐豪;徐欣瑩;鄭天財(Sra．Kacaw);邱文彥;周倪安;楊瓊瓔;陳亭妃,
104/01/20,紅樓201會議室,程序委員會,無,第8屆第6會期程序委員會第19次會議,審定本院第8屆第6會期第19次會議議事日程及處理人民請願案,蕭美琴;邱文彥;蕭美琴;費鴻泰,
104/01/21,紅樓201會議室,交通委員會,無,立法院第8屆第6會期交通委員會第17次全體委員會議,邀請國家通訊傳播委員會主任委員石世豪就「如何防止中國透過各種方式影響台灣之廣電事業及資訊安全」提出報告，並備質詢。,李昆澤;楊麗環;羅淑蕾;劉櫂豪;蔡其昌;葉宜津;林國正;鄭天財(Sra．Kacaw);黃偉哲;陳明文;周倪安;許添財;管碧玲;賴士葆;林德福;李桐豪;江啟臣;邱文彥;賴振昌;邱志偉;楊瓊瓔;王惠美;張慶忠;李貴敏;盧嘉辰;王進士;陳根德,
104/01/21,紅樓101會議室,經濟委員會,無,立法院第8屆第6會期經濟委員會第19次全體委員會議,邀請經濟部部長、行政院農業委員會主任委員、科技部，針對目前供水情勢分析及因應作為、水源調配公平機制與「耗水費」規劃，以及合理調整抗旱休耕補償範圍提出專案報告，並備質詢。（1月19日、21日二天一次會）,陳明文;黃偉哲;葉津鈴;高金素梅;楊瓊瓔;張嘉郡;陳怡潔;王惠美;蘇震清;許添財;陳超明;江啟臣;賴士葆;林德福;鄭天財(Sra．Kacaw);邱文彥;孔文吉;盧嘉辰;李桐豪;田秋堇;劉櫂豪;賴振昌;周倪安;楊麗環;邱志偉;林岱樺;張慶忠;李貴敏;黃昭順;廖國棟;李昆澤;翁重鈞;吳秉叡;羅明才;薛凌;林滄敏,
104/01/21,紅樓202會議室,內政委員會,無,立法院第8屆第6會期內政委員會第35次全體委員會議,一、邀請行政院大陸委員會主任委員王郁琦、財團法人海峽交流基金會董事長林中森、交通部次長、外交部次長、國防部副部長、國家安全局局長就「中國透過國際民航組織(ICAO)單方於臺灣海峽中線西側劃設新航線對我國國際地位、飛航與國家安全及兩岸協議造成之衝擊及因應作為」提出專題報告，並備質詢。 二、審查本院委員徐欣瑩等29人擬具「臺灣地區與大陸地區人民關係條例第三十二條及第八十條之一條文修正草案」案。 三、審查本院委員陳雪生等32人擬具「臺灣地區與大陸地區人民關係條例第八十條之一條文修正草案」案。 四、審查本院委員邱議瑩等20人擬具「臺灣地區與大陸地區人民關係條例第八十條之一條文修正草案」案。 五、審查本院委員姚文智等17人擬具「臺灣地區與大陸地區人民關係條例第八十條之一條文修正草案」案。,盧嘉辰;邱議瑩;吳育昇;周倪安;紀國棟;陳其邁;鄭天財(Sra．Kacaw);邱文彥;李俊俋;張慶忠;段宜康;李昆澤;陳明文;黃偉哲;許添財;賴士葆;林德福;李桐豪;楊麗環;孔文吉;江啟臣;羅淑蕾;劉櫂豪;賴振昌;邱志偉;楊瓊瓔;王惠美;李貴敏,
104/01/21,九樓大禮堂,財政委員會,無,立法院第8屆第6會期財政委員會第22次全體委員會議,一、邀請財政部張部長就「各級稽徵機關處理違章漏稅及檢舉案件受理、稽查及審理之作業標準與精進措施」專題報告，並備質詢。二、審查本院委員高志鵬等22人擬具「國家金融安定基金設置及管理條例部分條文修正草案」案、本院委員江惠貞等18人擬具「國家金融安定基金設置及管理條例第五條條文修正草案」案、本院委員薛凌等21人擬具「國家金融安定基金設置及管理條例第十三條條文修正草案」案、本院委員盧秀燕等35人擬具「國家金融安定基金設置及管理條例第十三條條文修正草案」案等4案。,吳秉叡;許添財;林德福;賴士葆;盧秀燕;薛凌;李應元;孫大千;曾巨威;羅明才;黃偉哲;周倪安;邱文彥;楊麗環;劉櫂豪;楊瓊瓔;高金素梅;李貴敏;王惠美;賴振昌;費鴻泰;翁重鈞;盧嘉辰;李桐豪,
104/01/21,紅樓302會議室,司法及法制委員會,無,立法院第8屆第6會期司法及法制委員會第28次全體委員會議,一、繼續併案審查（一）司法院函請審議「法律扶助法修正草案」、（二）委員潘孟安等17人擬具「法律扶助法第十六條條文修正草案」、（三）委員趙天麟等29人擬具「法律扶助法第三條及第十四條條文修正草案」、（四）委員潘孟安等21人擬具「法律扶助法第十六條條文修正草案」、（五）委員蔣乃辛等25人擬具「法律扶助法第三條及第十四條條文修正草案」、（六）委員李昆澤等22人擬具「法律扶助法第十四條條文修正草案」、（七）委員尤美女等29人擬具「法律扶助法部分條文修正草案」、（八）委員楊玉欣等29人擬具「法律扶助法第三條及第十四條條文修正草案」及（九）委員楊曜等19人擬具「法律扶助法第三條條文修正草案」案。二、併案審查（一）委員李俊俋等17人擬具「民事訴訟法第五百二十一條條文修正草案」及（二）委員林國正等25人擬具「民事訴訟法第五百十四條及第五百二十一條條文修正草案」案。三、審查委員林國正等22人擬具「民事訴訟法施行法增訂第四條之四條文及修正第十二條條文草案」案。四、審查委員江啟臣等22人擬具「民事訴訟法第五百十一條及第五百十三條條文修正草案」案。五、併案審查（一）司法院函請審議「公務員懲戒法修正草案」、（二）委員李俊俋等20人擬具「公務員懲戒法第七條條文修正草」及（三）委員賴士葆等25人擬具「公務員懲戒法第三十一條條文修正草案」案。六、審查司法院函請審議「公務員懲戒委員會組織法修正草案」案。,柯建銘;尤美女;盧嘉辰;黃偉哲;陳明文;周倪安;鄭天財(Sra．Kacaw);許添財;李桐豪;賴士葆;林德福;楊麗環;孔文吉;江啟臣;邱文彥;劉櫂豪;楊瓊瓔;王惠美;張慶忠,
104/02/02,紅樓201會議室,程序委員會,無,第8屆第7會期程序委員會第1次會議,審定本院第8屆第7會期第1次會議議事,,
104/02/24,紅樓201會議室,程序委員會,無,第8屆第7會期程序委員會第2次會議,審定本院第8屆第7會期第2次會議議事日程及處理人民請願案,,
104/03/03,紅樓201會議室,程序委員會,無,第8屆第7會期程序委員會第3次會議,審定本院第8屆第7會期第3次會議議事日程及處理人民請願案,,
104/03/05,紅樓201會議室,交通委員會,無,立法院第8屆第7會期交通委員會第1次全體委員會議,選舉本會召集委員,,
104/03/05,紅樓302會議室,司法及法制委員會,無,立法院第8屆第7會期司法及法制委員會第1次全體委員會議,選舉第8屆第7會期本會召集委員,,
104/03/05,群賢樓801會議室,社會福利及衛生環境委員會,無,立法院第8屆第7會期社會福利及衛生環境委員會第1次全體委員會議,選舉第8屆第7會期本會召集委員。,,
104/03/05,紅樓301會議室,外交及國防委員會,無,立法院第8屆第7會期外交及國防委員會第1次全體委員會議,選舉第8屆第7會期本會召集委員,,
104/03/05,紅樓101會議室,經濟委員會,無,立法院第8屆第7會期經濟委員會第1次全體委員會議,選舉立法院第8屆第7會期本會召集委員,,
104/03/05,九樓大禮堂,財政委員會,無,立法院第8屆第7會期財政委員會第1次全體委員會議,選舉立法院第8屆第7會期本會召集委員,,
104/03/05,紅樓202會議室,內政委員會,無,立法院第8屆第7會期內政委員會第1次全體委員會議,選舉本會召集委員,,
104/03/05,群賢樓101會議室,教育及文化委員會,無,立法院第8屆第7會期教育及文化委員會第1次全體委員會議,選舉第8屆第7會期本會召集委員,,
104/03/09,紅樓201會議室,交通委員會,無,立法院第8屆第7會期交通委員會第2次全體委員會議,（3月9日） 邀請交通部部長陳建宇列席報告業務概況，並備質詢。（3月9日、11日及12日三天一次會） ,陳根德;李昆澤;羅淑蕾;管碧玲;陳歐珀;楊麗環;葉宜津;簡東明;劉櫂豪;林國正;王進士;段宜康;孔文吉;邱志偉;李鴻鈞;陳雪生;蕭美琴;江啟臣;陳明文;林滄敏;黃偉哲;李桐豪;鄭天財Sra．Kacaw;周倪安;盧嘉辰;賴士葆;林德福;許添財;吳育仁;馬文君;賴振昌;呂學樟;江惠貞;蔣乃辛;邱文彥;陳碧涵;張慶忠;陳素月;潘維剛;蘇清泉;黃昭順;葉津鈴;薛凌;何欣純;陳淑慧;呂玉玲;鄭汝芬;羅明才;吳育昇;徐欣瑩;高金素梅;莊瑞雄,
104/03/09,紅樓101會議室,經濟委員會,無,立法院第8屆第7會期經濟委員會第2次全體委員會議,邀請經濟部部長、科技部部長、國家發展委員會主任委員、工業技術研究院董事長及相關人員列席報告科技專案預算如何有效推動創新創業發展，並備質詢。（3月9日、11日、12日三天一次會）,林岱樺;高志鵬;黃昭順;陳明文;廖正井;邱議瑩;丁守中;張嘉郡;蘇震清;葉津鈴;李貴敏;廖國棟;楊玉欣;周倪安;邱志偉;黃偉哲;李應元;江惠貞;賴士葆;林德福;陳亭妃;蕭美琴;徐少萍;鄭天財Sra．Kacaw;管碧玲;李桐豪;孔文吉;許添財;簡東明;羅淑蕾;吳育仁;楊麗環;張慶忠;蔣乃辛;陳碧涵;呂學樟;蘇清泉;李昆澤;潘維剛;鄭汝芬;何欣純;薛凌;陳淑慧;呂玉玲;羅明才;王進士;吳育昇;林滄敏;徐欣瑩;莊瑞雄;田秋堇;劉櫂豪;陳歐珀;盧嘉辰;翁重鈞,
104/03/09,紅樓202會議室,內政委員會,無,立法院第8屆第7會期內政委員會第2次全體委員會議,邀請行政院大陸委員會主任委員夏立言、行政院海岸巡防署署長王崇儀、交通部次長率同民用航空局局長、外交部次長、國防部副部長、國家安全局局長就「一、中國片面劃設M503等新航線事件溝通處理情形；二、中國船舶進入我國境禁限制水域規定修正事宜」提出專題報告，並備質詢。,段宜康;周倪安;莊瑞雄;李俊俋;鄭天財Sra．Kacaw;陳其邁;吳育昇;陳怡潔;徐志榮;盧嘉辰;陳超明;賴振昌;姚文智;陳歐珀;邱志偉;葉津鈴;管碧玲;陳明文;邱文彥;姚文智,
104/03/09,群賢樓801會議室,社會福利及衛生環境委員會,無,立法院第8屆第7會期社會福利及衛生環境委員會第2次全體委員會議,邀請勞動部陳部長雄文、經濟部鄧部長振中、金融監督管理委員會曾主任委員銘宗、行政院主計總處石主計長素梅等就「加薪四法」修法列席報告，並備質詢。,楊曜;江惠貞;王育敏;吳育仁;陳節如;蘇清泉;趙天麟;徐少萍;林鴻池;楊玉欣;鄭汝芬;林淑芬;劉建國;李昆澤;鄭天財Sra．Kacaw;江啟臣;管碧玲;許添財;黃偉哲;李桐豪;林滄敏;陳明文;孔文吉;羅淑蕾;賴振昌;周倪安;蔣乃辛;楊麗環;陳碧涵;邱文彥;呂學樟;簡東明;潘維剛;薛凌;邱志偉;葉津鈴;何欣純;黃昭順;陳淑慧;呂玉玲;羅明才;徐欣瑩;吳育昇;莊瑞雄;高金素梅;李貴敏;陳歐珀;劉櫂豪;盧嘉辰;田秋堇;李應元,
104/03/09,九樓大禮堂,財政委員會,無,立法院第8屆第7會期財政委員會第2次全體委員會議,邀請行政院主計總處石主計長素梅、審計部林審計長慶隆率所屬單位主管列席業務報告，並備質詢。(3月9日、11日及12日三天一次會),許添財;李應元;吳秉叡;林德福;賴士葆;費鴻泰;薛凌;羅明才;潘維剛;徐欣瑩;曾巨威;李桐豪;江啟臣;林滄敏;管碧玲;黃偉哲;賴振昌;邱志偉;孔文吉;羅淑蕾;江惠貞;吳育仁;周倪安;蔣乃辛;楊麗環;陳碧涵;邱文彥;呂學樟;簡東明;蘇清泉;葉津鈴;陳明文;黃昭順;陳淑慧;呂玉玲;鄭汝芬;吳育昇;莊瑞雄;高金素梅;孫大千;陳歐珀;鄭天財Sra．Kacaw;盧嘉辰,
104/03/09,群賢樓101會議室,教育及文化委員會,無,立法院第8屆第7會期教育及文化委員會第2次全體委員會議,邀請教育部部長率相關單位主管(包括檢核工作小組召集人及成員)列席報告「近期十二年普通高級中等學校國文及社會領域課程綱要變更相關乙案遭高等行政法院判決敗訴之爭議事件後續處辦情形」，並備質詢。(3月9日、3月11日、3月12日3天一次會),陳亭妃;孔文吉;賴振昌;蔣乃辛;陳碧涵;陳淑慧;何欣純;呂玉玲;黃志雄;黃國書;陳學聖;鄭麗君;賴士葆;林德福;江啟臣;許添財;林滄敏;黃偉哲;蕭美琴;陳明文;李昆澤;江惠貞;王育敏;鄭天財Sra．Kacaw;管碧玲;李桐豪;邱文彥;羅淑蕾;周倪安;吳育仁;楊麗環;呂學樟;潘維剛;簡東明;蘇清泉;薛凌;葉津鈴;尤美女;黃昭順;鄭汝芬;羅明才;吳育昇;陳雪生;莊瑞雄;高金素梅;陳歐珀;劉櫂豪;邱志偉;盧嘉辰,
104/03/09,紅樓301會議室,外交及國防委員會,無,立法院第8屆第7會期外交及國防委員會第2次全體委員會議,邀請國防部部長高廣圻報告業務概況，並備質詢。,黃偉哲;江啟臣;蕭美琴;李桐豪;陳鎮湘;林郁方;蔡煌瑯;陳明文;陳唐山;邱志偉;蔡錦隆;詹凱臣;楊應雄;林滄敏;管碧玲;羅淑蕾;孔文吉;盧嘉辰;周倪安;許添財;林德福;賴士葆;楊麗環;鄭天財Sra．Kacaw;賴振昌;呂學樟;江惠貞;陳碧涵;蔣乃辛;簡東明;邱文彥;張慶忠;潘維剛;薛凌;黃昭順;蘇清泉;葉津鈴;陳淑慧;呂玉玲;王進士;徐欣瑩;莊瑞雄;陳歐珀;馬文君,
104/03/09,紅樓302會議室,司法及法制委員會,無,立法院第8屆第7會期司法及法制委員會第2次全體委員會議,為「0211高雄監獄六囚挾持事件」案，邀請法務部部長、矯正署署長、高雄監獄前典獄長陳世志、前戒護科長王世倉、本案受懲處人員及內政部警政署署長，就「法務部兩次調查報告涉有隱匿，迄今真相未明，及請高雄監獄提供案發起、迄連續之錄影畫面」進行專案報告，並備質詢。,林滄敏;柯建銘;呂學樟;紀國棟;蔡其昌;吳宜臻;黃偉哲;尤美女;李桐豪;劉櫂豪;羅淑蕾;管碧玲;孔文吉;周倪安;盧嘉辰;賴士葆;邱志偉;林德福;楊麗環;鄭天財Sra．Kacaw;馬文君;葉津鈴;吳育仁;江惠貞;陳碧涵;蔣乃辛;簡東明;邱文彥;張慶忠;許添財;潘維剛;黃昭順;蘇清泉;薛凌;賴振昌;陳淑慧;蔡錦隆;呂玉玲;王進士;徐欣瑩;羅明才;王惠美;莊瑞雄;陳歐珀;陳明文,
104/03/10,紅樓201會議室,程序委員會,無,第8屆第7會期程序委員會第4次會議,一、選舉第8屆第7會期本會召集委員         二、審定本院第8屆第7會期第4次會議議事             日程及處理人民請願案,,
104/03/11,九樓大禮堂,財政委員會,無,立法院第8屆第7會期財政委員會第2次全體委員會議,邀請金融監督管理委員會曾主任委員銘宗率所屬機關首長暨國營事業董事長、總經理、監管相關機構有關之財團法人、臺灣證券交易所股份有限公司、臺灣期貨交易所股份有限公司、臺灣集中保管結算所股份有限公司負責人等列席業務報告，並備質詢。(3月9日、11日及12日三天一次會),許添財;吳秉叡;林德福;李應元;盧秀燕;薛凌;孫大千;賴士葆;潘維剛;費鴻泰;徐欣瑩;羅明才;楊麗環;賴振昌;黃偉哲;陳明文;李貴敏;陳碧涵;邱文彥;孔文吉;李桐豪;吳育仁;江惠貞;蔣乃辛;楊瓊瓔;陳亭妃;楊應雄;葉津鈴;管碧玲;邱志偉;吳育昇;呂玉玲,
104/03/11,紅樓101會議室,經濟委員會,無,立法院第8屆第7會期經濟委員會第2次全體委員會議,邀請國家發展委員會主任委員列席報告業務概況，並備質詢。（3月9日、11日、12日三天一次會）,陳明文;林岱樺;黃昭順;李貴敏;邱議瑩;廖正井;丁守中;葉津鈴;楊瓊瓔;蘇震清;廖國棟;蕭美琴;李慶華;孔文吉;邱志偉;簡東明;林德福;邱文彥;江啟臣;楊麗環;楊應雄;盧秀燕;陳碧涵;李桐豪;鄭天財Sra．Kacaw;許添財;吳育仁;鄭汝芬;薛凌;蔣乃辛;田秋堇;潘維剛;何欣純;黃偉哲;陳亭妃;管碧玲;賴振昌;陳其邁;陳淑慧;張慶忠;吳育昇;羅明才;徐欣瑩;呂玉玲;徐志榮;盧嘉辰;翁重鈞,
104/03/11,紅樓201會議室,交通委員會,無,立法院第8屆第7會期交通委員會第2次全體委員會議,（3月11日）一、併案審查：(一)行政院函請審議「道路交通管理處罰條例部分條文修正草案」。(二)委員賴士葆等21人擬具「道路交通管理處罰條例第二十一條條文修正草案」。(三)委員盧秀燕等24人擬具「道路交通管理處罰條例第四十五條條文修正草案」。(四)委員王進士等16人擬具「道路交通管理處罰條例第八十條條文修正草案」。二、審查人民請願案3案。（3月9日、11日及12日三天一次會） ,葉宜津;李昆澤;楊麗環;簡東明;羅淑蕾;管碧玲;李鴻鈞;陳素月;王進士;林國正;劉櫂豪;黃偉哲;李貴敏;楊應雄;許添財;孔文吉;盧秀燕;李桐豪;吳育仁;邱文彥;蕭美琴;鄭汝芬;薛凌;蔣乃辛;潘維剛;蔡錦隆;楊瓊瓔;陳亭妃;邱志偉;何欣純;賴振昌;葉津鈴;吳育昇;張慶忠;羅明才;徐欣瑩;陳怡潔;呂玉玲;鄭天財Sra．Kacaw;盧嘉辰;陳雪生;陳明文,
104/03/11,紅樓301會議室,外交及國防委員會,無,立法院第8屆第7會期外交及國防委員會第3次全體委員會議,一、邀請僑務委員會委員長陳士魁報告業務概況，並備質詢。 二、審查104年度中央政府總預算案附屬單位預算關於僑務委員會主管信託基金： （一）莊守耕公益基金。 （二）受理捐贈僑生獎助學金基金。 三、審查僑務委員會主管「財團法人海華文教基金會」及「財團法人海外信用保證基金」104年度預算書案。(3月11日、12日二天一次會),黃偉哲;蔡煌瑯;楊應雄;陳鎮湘;李桐豪;江啟臣;蕭美琴;蔡錦隆;邱志偉;林郁方;陳唐山;盧嘉辰;楊麗環;陳明文;李貴敏;許添財;盧秀燕;孔文吉;吳育仁;邱文彥;簡東明;鄭汝芬;薛凌;蔣乃辛;潘維剛;管碧玲;楊瓊瓔;陳亭妃;賴振昌;葉津鈴;吳育昇;張慶忠;徐欣瑩;陳怡潔;呂玉玲;羅明才;蘇清泉;詹凱臣,
104/03/11,群賢樓801會議室,社會福利及衛生環境委員會,無,立法院第8屆第7會期社會福利及衛生環境委員會第3次全體委員會議,邀請衛生福利部蔣部長丙煌報告業務概況（含第6會期委員會會議通過臨時提案之辦理情形）及立法計畫，並備質詢。,吳育仁;江惠貞;陳節如;鄭汝芬;田秋堇;王育敏;楊玉欣;林鴻池;段宜康;楊曜;劉建國;蘇清泉;徐少萍;李昆澤;盧秀燕;陳鎮湘;江啟臣;林淑芬;趙天麟;李貴敏;陳碧涵;邱文彥;孔文吉;楊應雄;李桐豪;簡東明;許添財;蔣乃辛;潘維剛;陳亭妃;楊瓊瓔;何欣純;葉津鈴;賴振昌;管碧玲;邱志偉;吳育昇;徐欣瑩;羅明才;呂玉玲;林德福;楊麗環;盧嘉辰;黃偉哲;陳明文;薛凌;吳秉叡,
104/03/11,群賢樓101會議室,教育及文化委員會,無,立法院第8屆第7會期教育及文化委員會第2次全體委員會議,邀請教育部部長列席報告業務概況，並備質詢。(3月9日、3月11日、3月12日3天一次會),陳碧涵;孔文吉;黃國書;蔣乃辛;陳亭妃;何欣純;許智傑;賴振昌;陳淑慧;呂玉玲;鄭麗君;許添財;管碧玲;鄭天財Sra．Kacaw;陳雪生;江啟臣;蕭美琴;黃志雄;邱志偉;陳明文;楊麗環;邱文彥;李貴敏;江惠貞;林德福;李桐豪;吳育仁;李昆澤;潘維剛;吳秉叡;簡東明;鄭汝芬;楊瓊瓔;葉津鈴;黃偉哲;楊應雄;盧秀燕;吳育昇;羅明才;廖國棟;薛凌,
104/03/11,紅樓202會議室,內政委員會,無,立法院第8屆第7會期內政委員會第3次全體委員會議,邀請內政部部長陳威仁率同所屬列席報告業務概況（含立法計畫及上會期臨時提案執行情形），並備質詢。,盧嘉辰;莊瑞雄;鄭天財Sra．Kacaw;段宜康;吳育昇;李俊俋;陳其邁;張慶忠;邱文彥;陳怡潔;薛凌;徐欣瑩;陳超明;陳節如;徐志榮;孔文吉;許添財;劉櫂豪;李貴敏;盧秀燕;李桐豪;吳育仁;簡東明;陳明文;蕭美琴;鄭汝芬;葉宜津;蔣乃辛;蔡錦隆;潘維剛;管碧玲;楊瓊瓔;陳亭妃;邱志偉;何欣純;賴振昌;葉津鈴;陳雪生;楊麗環;羅明才;呂玉玲;楊應雄;黃偉哲;姚文智;周倪安,
104/03/12,九樓大禮堂,財政委員會,無,立法院第8屆第7會期財政委員會第2次全體委員會議,邀請中央銀行彭總裁淮南率所屬單位主管暨財金資訊股份有限公司董事長列席業務報告，並備質詢。(3月9日、11日及12日三天一次會),許添財;吳秉叡;林德福;賴士葆;薛凌;費鴻泰;李應元;孫大千;潘維剛;羅明才;賴振昌;徐欣瑩;陳亭妃;鄭天財Sra．Kacaw;黃昭順;周倪安;李貴敏;邱文彥;楊麗環;蔣乃辛;管碧玲;陳歐珀;楊瓊瓔;陳碧涵;李桐豪;呂學樟;蘇清泉;鄭汝芬;邱志偉;陳淑慧;呂玉玲;林滄敏;吳育仁;盧秀燕,
104/03/12,紅樓202會議室,內政委員會,無,立法院第8屆第7會期內政委員會第4次全體委員會議,一、繼續審查本院委員徐欣瑩等29人擬具「臺灣地區與大陸地區人民關係條例第三十二條及第八十條之一條文修正草案」案。 二、繼續審查本院委員陳雪生等32人擬具「臺灣地區與大陸地區人民關係條例第八十條之一條文修正草案」案。 三、繼續審查本院委員邱議瑩等20人擬具「臺灣地區與大陸地區人民關係條例第八十條之一條文修正草案」案。 四、繼續審查本院委員姚文智等17人擬具「臺灣地區與大陸地區人民關係條例第八十條之一條文修正草案」案。 五、審查本院委員楊曜等23人擬具「臺灣地區與大陸地區人民關係條例第三十二條及第八十條之一條文修正草案」案。,,
104/03/12,紅樓201會議室,交通委員會,無,立法院第8屆第7會期交通委員會第2次全體委員會議,（3月12日）邀請交通部部長陳建宇、飛航安全調查委員會主任委員張有恆列席就「大陸劃設M503航路及國內外航空飛安總檢討」提出報告，並備質詢。（3月9日、11日及12日三天一次會） ,葉宜津;李昆澤;林國正;陳歐珀;羅淑蕾;李鴻鈞;陳素月;管碧玲;楊麗環;周倪安;陳淑慧;李貴敏;孔文吉;鄭天財Sra．Kacaw;許添財;吳育仁;廖正井;莊瑞雄;邱文彥;蔣乃辛;李桐豪;呂學樟;楊瓊瓔;陳碧涵;陳亭妃;邱志偉;賴振昌;蔡錦隆;蘇清泉;何欣純;鄭汝芬;蕭美琴;潘維剛;徐欣瑩;陳怡潔;林滄敏;王進士;陳明文;呂玉玲;黃昭順,
104/03/12,紅樓302會議室,司法及法制委員會,無,立法院第8屆第7會期司法及法制委員會第3次全體委員會議,邀請法務部部長率所屬單位主管列席報告業務概況及立法計畫，並備質詢。,顏寬恒;柯建銘;呂學樟;紀國棟;王惠美;蔡其昌;吳宜臻;林滄敏;段宜康;尤美女;鄭天財Sra．Kacaw;黃昭順;廖正井;吳育仁;李貴敏;簡東明;孔文吉;管碧玲;李桐豪;楊麗環;邱文彥;賴振昌;蔣乃辛;周倪安;楊瓊瓔;陳碧涵;邱志偉;蔡錦隆;陳亭妃;陳明文;蘇清泉;潘維剛;徐欣瑩;陳怡潔;莊瑞雄;陳淑慧;呂玉玲;許添財,
104/03/12,紅樓301會議室,外交及國防委員會,無,立法院第8屆第7會期外交及國防委員會第3次全體委員會議,一、邀請僑務委員會委員長陳士魁報告業務概況，並備質詢。二、審查104年度中央政府總預算案附屬單位預算關於僑務委員會主管信託基金：（一）莊守耕公益基金。（二）受理捐贈僑生獎助學金基金。三、審查僑務委員會主管「財團法人海華文教基金會」及「財團法人海外信用保證基金」104年度預算書案。(3月11日、12日二天一次會),,
104/03/12,群賢樓101會議室,教育及文化委員會,無,立法院第8屆第7會期教育及文化委員會第2次全體委員會議,邀請行政院原子能委員會主任委員列席報告業務概況，並備質詢。(3月9日、3月11日、3月12日3天一次會),孔文吉;許智傑;黃國書;蔣乃辛;賴振昌;陳亭妃;陳碧涵;何欣純;陳淑慧;鄭麗君;陳學聖;高金素梅;黃志雄;呂玉玲;吳秉叡;許添財;陳歐珀;李桐豪;林德福;田秋堇;黃昭順;李貴敏;吳育仁;周倪安;鄭天財Sra．Kacaw;邱文彥;楊麗環;管碧玲;楊瓊瓔;薛凌;鄭汝芬;邱志偉;呂學樟;潘維剛;陳明文;蕭美琴;林滄敏;羅明才;李昆澤,
104/03/12,群賢樓801會議室,社會福利及衛生環境委員會,無,立法院第8屆第7會期社會福利及衛生環境委員會第4次全體委員會議,邀請勞動部陳部長雄文、外交部林部長永樂就「政府如何因應印尼擬於五年內停止輸出家事勞工」列席報告，並備質詢。,吳育仁;陳節如;楊玉欣;蘇清泉;林鴻池;鄭汝芬;劉建國;王育敏;徐少萍;楊曜;許添財;江惠貞;李桐豪;李昆澤;趙天麟;鄭天財Sra．Kacaw;黃昭順;周倪安;李貴敏;簡東明;邱文彥;楊麗環;蔣乃辛;管碧玲;賴振昌;楊瓊瓔;陳碧涵;陳亭妃;薛凌;呂學樟;邱志偉;潘維剛;徐欣瑩;陳淑慧;陳怡潔;呂玉玲;林滄敏;田秋堇;林淑芬;林德福;陳歐珀;吳秉叡,
104/03/12,紅樓101會議室,經濟委員會,無,立法院第8屆第7會期經濟委員會第2次全體委員會議,邀請行政院農業委員會主任委員列席報告業務概況，並備質詢。（3月9日、11日、12日三天一次會）,林岱樺;黃昭順;李慶華;高志鵬;廖正井;邱議瑩;丁守中;楊瓊瓔;李貴敏;陳明文;蘇震清;葉津鈴;林滄敏;簡東明;鄭天財Sra．Kacaw;孔文吉;蕭美琴;許添財;李桐豪;林德福;黃國書;陳歐珀;吳育仁;邱文彥;周倪安;邱志偉;楊麗環;賴振昌;呂學樟;管碧玲;蔣乃辛;薛凌;陳亭妃;何欣純;陳碧涵;李昆澤;鄭汝芬;蘇清泉;劉建國;吳秉叡;潘維剛;陳淑慧;呂玉玲;田秋堇;翁重鈞,
104/03/16,群賢樓801會議室,社會福利及衛生環境委員會,無,立法院第8屆第7會期社會福利及衛生環境委員會第5次全體委員會議,邀請行政院環境保護署魏署長國彥、勞動部陳部長雄文、內政部陳部長威仁、經濟部鄧部長振中等就「從石化業歷年工安事件、環境污染事件頻傳談我國經濟發展、城市安全如何兼顧環境正義與發展正義」列席報告，並備質詢。,劉建國;田秋堇;趙天麟;吳育仁;蘇清泉;王育敏;鄭汝芬;陳節如;江惠貞;楊曜;陳其邁;徐少萍;許添財;管碧玲;盧秀燕;林淑芬;周倪安;李桐豪;羅淑蕾;李昆澤;李應元;陳明文;林德福;楊麗環;林滄敏;呂學樟;邱文彥;黃偉哲;江啟臣;陳亭妃;邱志偉;薛凌;何欣純;李貴敏;賴振昌;葉津鈴;簡東明;潘維剛;王進士;呂玉玲;羅明才;徐欣瑩;陳怡潔;陳淑慧;王惠美;劉櫂豪;高金素梅;楊玉欣;陳歐珀;楊瓊瓔;廖國棟;黃昭順;吳秉叡,
104/03/16,紅樓101會議室,經濟委員會,無,立法院第8屆第7會期經濟委員會第3次全體委員會議,邀請經濟部部長、台灣電力股份有限公司董事長、總經理、行政院原子能委員會主任委員、行政院主計總處、審計部、行政院公共工程委員會、外交部針對「預算尚未經立法院審議通過、亦未取得未來承諾之授權，台灣電力股份有限公司逕自招標『核一、核二廠用過核子燃料小規模國外再處理服務案』(招標公告所列預算金額112億5705萬元，已占預算書所列自104年起至127年預算總金額約113億元之99.62%、標案公告之履約期限為決標次日起至2018年12月31日)，就『核一、核二廠用過核子燃料小規模國外再處理服務案』辦理招標之決策過程與標案之契約草案、規格及其所涉核能安全事項等」進行專案報告，並備質詢。（3月16日、18日、19日三天一次會） ,黃昭順;林岱樺;陳明文;李慶華;廖正井;蘇震清;丁守中;廖國棟;田秋堇;李貴敏;葉津鈴;翁重鈞;鄭麗君;高志鵬;尤美女;黃偉哲;許添財;李昆澤;陳碧涵;鄭汝芬;蕭美琴;孔文吉;江啟臣;李桐豪;盧秀燕;周倪安;呂學樟;賴士葆;陳歐珀;羅淑蕾;黃國書;林德福;林滄敏;楊麗環;邱文彥;吳育仁;邱志偉;簡東明;何欣純;賴振昌;蘇清泉;管碧玲;陳亭妃;薛凌;吳育昇;王進士;羅明才;高金素梅;劉櫂豪;莊瑞雄;呂玉玲;陳淑慧;王惠美;徐欣瑩;邱議瑩;江惠貞;楊瓊瓔,
104/03/16,紅樓202會議室,內政委員會,無,立法院第8屆第7會期內政委員會第5次全體委員會議,邀請客家委員會主任委員劉慶中率同所屬列席報告業務概況，並備質詢。,莊瑞雄;周倪安;邱文彥;陳其邁;陳碧涵;李俊俋;陳怡潔;徐志榮;李昆澤;江啟臣;許添財;盧嘉辰;吳宜臻;姚文智;鄭汝芬;李桐豪;孔文吉;蕭美琴;羅淑蕾;葉宜津;江惠貞;廖國棟;盧秀燕;楊麗環;林滄敏;呂學樟;林德福;吳育仁;管碧玲;邱志偉;蘇清泉;李貴敏;陳亭妃;薛凌;何欣純;賴振昌;葉津鈴;王進士;陳明文;劉櫂豪;王惠美;呂玉玲;陳淑慧;徐欣瑩;吳育昇;張慶忠;黃偉哲;楊瓊瓔;陳歐珀;邱議瑩;王廷升;陳超明,
104/03/16,九樓大禮堂,財政委員會,無,立法院第8屆第7會期財政委員會第3次全體委員會議,邀請金融監督管理委員會曾主任委員銘宗就「股市揚升拚經濟提出具體作為」專題報告，另請其他受邀單位提出具體方案，並備質詢。(3月16日、18日及19日三天一次會),許添財;吳秉叡;林德福;盧秀燕;賴士葆;李應元;薛凌;費鴻泰;潘維剛;羅明才;曾巨威;徐欣瑩;李桐豪;江啟臣;黃偉哲;周倪安;羅淑蕾;陳歐珀;陳明文;楊麗環;林滄敏;吳育仁;呂學樟;邱文彥;蘇清泉;陳亭妃;管碧玲;邱志偉;何欣純;賴振昌;李貴敏;葉津鈴;簡東明;鄭汝芬;王進士;呂玉玲;陳淑慧;陳怡潔;王惠美;高金素梅;劉櫂豪;翁重鈞;楊瓊瓔;蔡正元,
104/03/16,紅樓302會議室,司法及法制委員會,無,立法院第8屆第7會期司法及法制委員會第4次全體委員會議,邀請司法院秘書長列席說明立法計畫，並備質詢。,柯建銘;林滄敏;呂學樟;紀國棟;蔡其昌;王惠美;尤美女;吳宜臻;蕭美琴;李桐豪;周倪安;羅淑蕾;陳碧涵;陳歐珀;許添財;江惠貞;陳明文;孔文吉;盧秀燕;楊麗環;林德福;吳育仁;邱文彥;邱志偉;管碧玲;蘇清泉;李貴敏;陳亭妃;簡東明;薛凌;賴振昌;葉津鈴;王進士;鄭汝芬;蔡正元;陳怡潔;劉櫂豪;高金素梅;呂玉玲;徐欣瑩;陳淑慧;黃偉哲;楊瓊瓔,
104/03/16,紅樓301會議室,外交及國防委員會,無,立法院第8屆第7會期外交及國防委員會第4次全體委員會議,邀請外交部部長林永樂報告業務概況，並備質詢。,黃偉哲;蔡煌瑯;江啟臣;蕭美琴;李桐豪;林郁方;陳鎮湘;邱志偉;陳唐山;詹凱臣;陳碧涵;周倪安;楊應雄;許添財;蔡錦隆;陳歐珀;羅淑蕾;楊玉欣;孔文吉;林滄敏;楊麗環;呂學樟;盧秀燕;吳育仁;邱文彥;管碧玲;李貴敏;蘇清泉;陳亭妃;簡東明;薛凌;賴振昌;葉津鈴;王進士;鄭汝芬;陳怡潔;蔡正元;王惠美;劉櫂豪;高金素梅;呂玉玲;徐欣瑩;陳淑慧;林德福;楊瓊瓔;江惠貞;陳明文,
104/03/16,紅樓201會議室,交通委員會,無,立法院第8屆第7會期交通委員會第3次全體委員會議,(3月16日) 邀請國家通訊傳播委員會主任委員石世豪列席報告業務概況，並備質詢。 (3月16日及18日二天一次會) ,葉宜津;李昆澤;羅淑蕾;楊麗環;劉櫂豪;陳素月;管碧玲;簡東明;王進士;李鴻鈞;林國正;蔡正元;廖國棟;陳節如;蕭美琴;鄭汝芬;孔文吉;陳碧涵;許添財;黃偉哲;江惠貞;盧秀燕;盧嘉辰;林滄敏;呂學樟;林德福;吳育仁;邱文彥;邱志偉;蘇清泉;陳亭妃;李貴敏;薛凌;何欣純;賴振昌;葉津鈴;李桐豪;陳明文;陳怡潔;江啟臣;高金素梅;呂玉玲;王惠美;陳淑慧;徐欣瑩;吳育昇;陳歐珀;楊瓊瓔;周倪安,
104/03/16,群賢樓101會議室,教育及文化委員會,無,立法院第8屆第7會期教育及文化委員會第3次全體委員會議,邀請文化部部長列席報告業務概況，並備質詢。(3月16日、3月18日、3月19日3天一次會),陳碧涵;孔文吉;黃國書;蔣乃辛;陳亭妃;何欣純;陳學聖;賴振昌;鄭麗君;黃志雄;管碧玲;呂玉玲;陳淑慧;廖國棟;盧秀燕;李昆澤;蕭美琴;陳明文;許添財;江啟臣;李桐豪;黃偉哲;周倪安;羅淑蕾;陳歐珀;林德福;劉建國;楊麗環;林滄敏;邱文彥;呂學樟;吳育仁;蘇清泉;邱志偉;薛凌;高金素梅;葉津鈴;李貴敏;簡東明;鄭汝芬;潘維剛;王進士;羅明才;劉櫂豪;陳怡潔;王惠美;姚文智;楊瓊瓔;黃昭順,
104/03/17,紅樓201會議室,程序委員會,無,第8屆第7會期程序委員會第5次會議,審定本院第8屆第7會期第5次會議議事日程及處理人民請願案,,
104/03/18,紅樓101會議室,經濟委員會,無,立法院第8屆第7會期經濟委員會第3次全體委員會議,邀請公平交易委員會主任委員列席報告業務概況，並備質詢。（3月16日、18日、19日三天一次會）,廖正井;丁守中;李貴敏;葉津鈴;陳明文;蘇震清;黃昭順;廖國棟;陳碧涵;許添財;林滄敏;邱志偉;孔文吉;黃國書;羅淑蕾;盧秀燕;江惠貞;楊麗環;吳育仁;薛凌;賴振昌;何欣純;陳亭妃;鄭汝芬;陳淑慧;陳歐珀;潘維剛;高金素梅;呂玉玲;林德福,
104/03/18,九樓大禮堂,財政委員會,無,立法院第8屆第7會期財政委員會第3次全體委員會議,併案審查委員許添財等23人擬具「金融機構合併法第十五條條文修正草案」案、委員王惠美等17人及委員蔡正元等18人擬具「金融機構合併法第三條條文修正草案」案、委員羅明才等19人擬具「金融機構合併法部分條文修正草案」案等4案。(3月16日、18日及19日三天一次會),許添財;吳秉叡;林德福;盧秀燕;孫大千;薛凌;賴士葆;李應元;潘維剛;羅明才;費鴻泰;曾巨威;孔文吉;廖正井;羅淑蕾;吳育仁;楊麗環;李貴敏;江惠貞;陳亭妃;賴振昌;葉津鈴;陳淑慧;鄭汝芬;呂玉玲;陳歐珀,
104/03/18,群賢樓801會議室,社會福利及衛生環境委員會,無,立法院第8屆第7會期社會福利及衛生環境委員會第6次全體委員會議,一、邀請勞動部陳部長雄文報告業務概況（含第6會期委員會會議通過臨時提案之辦理情形）及立法計畫，並備質詢。 二、邀請勞動部陳部長雄文、經濟部鄧部長振中、衛生福利部蔣部長丙煌等就「從『過勞之島』一書揭露台灣勞工過勞案，請勞動部就如何改善勞工過勞情形，並就全體勞工全面週休二日之修法期程提出專案報告（含職災申請、認定、鑑定及給付流程檢討）」列席報告，並備質詢。 三、審查（一）委員徐少萍等22人擬具「勞動基準法第三十條條文修正草案」、（二）委員吳育仁等27人擬具「勞動基準法第三十條條文修正草案」、（三）委員李俊俋等21人擬具「勞動基準法第三十條及第三十六條條文修正草案」、（四）台灣團結聯盟黨團擬具「勞動基準法第三十條及第八十六條條文修正草案」、（五）委員高志鵬等22人擬具「勞動基準法第三十條、第三十六條及第三十九條條文修正草案」、（六）委員江惠貞等22人擬具「勞動基準法第三十條條文修正草案」、（七）委員王育敏等20人擬具「勞動基準法第三十條條文修正草案」、（八）委員李慶華等18人擬具「勞動基準法第三十條條文修正草案」、（九）委員江惠貞等20人擬具「勞動基準法第三十條及第七十九條條文修正草案」、（十）委員蔡錦隆等30人擬具「勞動基準法第三十條條文修正草案」、（十一）委員劉建國等19人擬具「勞動基準法第四條、第三十條及第七十九條條文修正草案」等11案。（法案詢答）,吳育仁;江惠貞;楊玉欣;陳節如;趙天麟;林鴻池;盧秀燕;徐少萍;劉建國;王育敏;田秋堇;楊曜;許添財;鄭汝芬;蘇清泉;李昆澤;陳歐珀;孔文吉;廖正井;羅淑蕾;楊麗環;李貴敏;薛凌;陳亭妃;賴振昌;何欣純;葉津鈴;陳淑慧;潘維剛;呂玉玲;黃昭順;林德福;林淑芬;吳秉叡,
104/03/18,群賢樓101會議室,教育及文化委員會,無,立法院第8屆第7會期教育及文化委員會第3次全體委員會議,邀請科技部部長列席報告業務概況，並備質詢。(3月16日、3月18日、3月19日3天一次會),陳碧涵;孔文吉;黃國書;陳亭妃;蔣乃辛;賴振昌;何欣純;陳淑慧;黃志雄;陳學聖;呂玉玲;薛凌;許添財;盧秀燕;林德福;鄭麗君;李昆澤;邱志偉;羅淑蕾;廖正井;楊麗環;李貴敏;江惠貞;吳育仁;高金素梅;葉津鈴;黃昭順;鄭汝芬;管碧玲;潘維剛;吳秉叡;陳歐珀;田秋堇,
104/03/18,紅樓201會議室,交通委員會,無,立法院第8屆第7會期交通委員會第3次全體委員會議,(3月18日)邀請行政院公共工程委員會主任委員許俊逸列席報告業務概況，並備質詢。(3月16日及18日二天一次會),李昆澤;陳根德;陳歐珀;羅淑蕾;楊麗環;陳素月;林國正;李鴻鈞;許淑華;簡東明;管碧玲;廖正井;許添財;孔文吉;李貴敏;盧秀燕;吳育仁;江惠貞;邱志偉;陳亭妃;何欣純;賴振昌;葉津鈴;陳淑慧;鄭汝芬;薛凌;潘維剛;呂玉玲;高金素梅;劉櫂豪;黃昭順;王進士;陳雪生,
104/03/19,紅樓302會議室,司法及法制委員會,無,立法院第8屆第7會期司法及法制委員會第5次全體委員會議,一、邀請行政院人事行政總處人事長率所屬單位主管列席報告業務概況，並備質詢。二、處理中華民國104年度中央政府總預算案關於行政院人事行政總處及所屬預算凍結項目共3案。,柯建銘;蔡其昌;呂學樟;紀國棟;尤美女;許添財;王惠美;李桐豪;孔文吉;吳宜臻;盧秀燕;賴振昌;李貴敏;楊瓊瓔;蔣乃辛;蔡錦隆;薛凌;邱志偉;何欣純;陳淑慧;潘維剛;莊瑞雄;蕭美琴;鄭天財Sra．Kacaw;黃偉哲,
104/03/19,群賢樓101會議室,教育及文化委員會,無,立法院第8屆第7會期教育及文化委員會第3次全體委員會議,一、審查文化部主管『國立文化機構作業基金』。二、繼續審查(處理)104年度行政法人國家表演藝術中心預算。三、處理文化部104年度預算凍結項目須經報告後始得動支案16案。(3月16日、3月18日、3月19日3天一次會),許智傑;孔文吉;賴振昌;黃國書;蔣乃辛;陳碧涵;何欣純;呂玉玲;陳淑慧;高金素梅;鄭麗君;鄭天財Sra．Kacaw;黃志雄;陳學聖;李桐豪;段宜康;楊瓊瓔;黃偉哲;吳育仁;江啟臣;李貴敏;薛凌;蘇清泉;邱志偉;潘維剛;羅明才;鄭汝芬;莊瑞雄;林德福;盧秀燕;蕭美琴,
104/03/19,紅樓101會議室,經濟委員會,無,立法院第8屆第7會期經濟委員會第3次全體委員會議,邀請經濟部部長列席報告業務概況，並備質詢。（3月16日、18日、19日三天一次會）,林岱樺;邱議瑩;陳明文;廖正井;丁守中;李慶華;李貴敏;楊瓊瓔;蘇震清;葉津鈴;廖國棟;孔文吉;盧秀燕;許添財;邱志偉;翁重鈞;鄭汝芬;賴振昌;蕭美琴;江啟臣;黃國書;吳育仁;蔣乃辛;陳碧涵;蔡錦隆;薛凌;何欣純;黃偉哲;蘇清泉;陳淑慧;羅明才;潘維剛;呂學樟;江惠貞;林德福;李桐豪;高金素梅,
104/03/19,群賢樓801會議室,社會福利及衛生環境委員會,無,立法院第8屆第7會期社會福利及衛生環境委員會第7次全體委員會議,（一）邀請行政院環境保護署魏署長國彥報告業務概況（含第6會期委員會會議通過臨時提案之辦理情形）及立法計畫，並備質詢。 （二）邀請行政院環境保護署魏署長國彥、衛生福利部蔣部長丙煌、教育部吳部長思華、經濟部鄧部長振中等就「從柴靜的『穹頂之下』紀錄片看國內空污對人體健康的影響及我國對空污防制手段與空氣污染防制法總量管制後續工作期程」列席報告，並備質詢。,劉建國;陳節如;蘇清泉;王育敏;徐少萍;江惠貞;林鴻池;吳育仁;田秋堇;林淑芬;鄭汝芬;趙天麟;許添財;王惠美;呂玉玲;陳素月;盧秀燕;楊玉欣;賴振昌;李貴敏;楊瓊瓔;江啟臣;蔣乃辛;薛凌;邱志偉;陳淑慧;潘維剛;李桐豪;莊瑞雄;高金素梅;尤美女;黃偉哲;林德福,
104/03/19,紅樓301會議室,外交及國防委員會,無,立法院第8屆第7會期外交及國防委員會第5次全體委員會議,邀請國軍退除役官兵輔導委員會主任委員董翔龍報告業務概況，並備質詢。,黃偉哲;蔡煌瑯;李桐豪;陳鎮湘;蕭美琴;江啟臣;蔡錦隆;邱志偉;陳唐山;詹凱臣;蘇清泉;蔡其昌;孔文吉;盧秀燕;何欣純;李貴敏;楊瓊瓔;馬文君;薛凌;賴振昌;許添財;呂學樟;陳淑慧;潘維剛;莊瑞雄;鄭天財Sra．Kacaw;蔣乃辛,
104/03/19,九樓大禮堂,財政委員會,無,立法院第8屆第7會期財政委員會第3次全體委員會議,邀請財政部張部長盛和率所屬機關首長暨國營事業董事長、總經理(含各轉投資事業機構公股代表之董、監事)列席業務報告，並備質詢。(3月16日、18日及19日三天一次會),許添財;吳秉叡;林德福;盧秀燕;賴士葆;李應元;薛凌;羅明才;潘維剛;費鴻泰;段宜康;曾巨威;賴振昌;李桐豪;黃偉哲;吳育仁;鄭天財Sra．Kacaw;李貴敏;楊瓊瓔;蔣乃辛;蘇清泉;莊瑞雄;陳淑慧;鄭汝芬;徐欣瑩;高金素梅;翁重鈞;邱志偉;江啟臣,
104/03/23,九樓大禮堂,財政委員會,無,立法院第8屆第7會期財政委員會第4次全體委員會議,邀請行政院主計總處石主計長素梅、行政院公共工程委員會許主任委員俊逸就「政府採購法實施以來，政府機關、公立學校、公營事業等辦理採購過程及預算執行之檢討」專題報告，並備質詢。(3月23日、25日及26日三天一次會),吳秉叡;許添財;盧秀燕;林德福;賴士葆;薛凌;費鴻泰;孫大千;李應元;潘維剛;羅明才;周倪安;賴振昌;邱文彥;盧嘉辰;李貴敏;蔣乃辛;呂學樟;蘇清泉;江惠貞;陳明文;鄭汝芬;葉津鈴;何欣純;陳淑慧;邱志偉;徐欣瑩;廖國棟;鄭天財Sra．Kacaw,
104/03/23,群賢樓101會議室,教育及文化委員會,無,立法院第8屆第7會期教育及文化委員會第4次全體委員會議,併案審查行政院函請審議「電影法修正草案」、委員管碧玲等23人擬具「電影法修正草案」、委員陳亭妃等17人擬具「電影法第十條、第十三條及第十六條條文修正草案」、委員薛凌等21人擬具「電影法部分條文修正草案」案。(3月23日、3月25日、3月26日3天一次會) ,陳碧涵;孔文吉;黃國書;蔣乃辛;賴振昌;何欣純;許智傑;陳學聖;陳淑慧;鄭麗君;許添財;黃志雄;賴士葆;林德福;陳明文;鄭天財Sra．Kacaw;周倪安;吳育仁;邱文彥;盧嘉辰;薛凌;李貴敏;蘇清泉;江惠貞;潘維剛;呂學樟;鄭汝芬;葉津鈴;邱志偉;盧秀燕;羅明才;廖國棟;吳秉叡,
104/03/23,紅樓101會議室,經濟委員會,無,立法院第8屆第7會期經濟委員會第4次全體委員會議,邀請經濟部部長、經濟部所屬國營事業董事長、總經理及經濟部主管由政府捐助或投資超過百分之二十之財團法人及轉投資事業之負責人報告104年度營運方針、營運績效等，以及如何帶動民間企業員工加薪提出專案報告，並備質詢。（3月23、25日二天一次會）,高志鵬;陳明文;林岱樺;黃昭順;邱議瑩;丁守中;廖正井;李慶華;李貴敏;廖國棟;蘇震清;葉津鈴;羅明才;鄭天財Sra．Kacaw;周倪安;莊瑞雄;陳碧涵;吳秉叡;許添財;孔文吉;林德福;黃國書;吳育仁;邱文彥;盧嘉辰;張慶忠;呂學樟;蔣乃辛;蘇清泉;薛凌;孫大千;賴振昌;鄭汝芬;何欣純;邱志偉;陳淑慧;翁重鈞,
104/03/23,紅樓202會議室,內政委員會,無,立法院第8屆第7會期內政委員會第6次全體委員會議,一、邀請中央選舉委員會主任委員劉義周率同所屬列席報告業務概況（含上會期臨時提案辦理情形），並備質詢。 二、邀請中央選舉委員會主任委員劉義周、教育部部長吳思華、勞動部部長陳雄文、考選部部長董保城就「第14任總統、副總統與第9屆立法委員選舉相關事宜暨如何保障選舉人參政權行使」提出專題報告，並備質詢。（3月23日及25日，為一次會）,盧嘉辰;段宜康;莊瑞雄;鄭天財Sra．Kacaw;陳其邁;邱文彥;張慶忠;李俊俋;周倪安;姚文智;尤美女;陳怡潔;許添財;孔文吉;林德福;吳育仁;邱議瑩;蔣乃辛;呂學樟;薛凌;蘇清泉;鄭汝芬;賴振昌;葉津鈴;何欣純;邱志偉;黃國書;陳淑慧;李貴敏;陳明文;吳育昇;姚文智,
104/03/23,群賢樓801會議室,社會福利及衛生環境委員會,無,立法院第8屆第7會期社會福利及衛生環境委員會第8次全體委員會議,審查一、委員賴士葆等23人擬具「勞動基準法第二十九條條文修正草案」；二、委員黃志雄等16人擬具「勞動基準法第七十九條條文修正草案」等2案。,吳育仁;蘇清泉;陳節如;江惠貞;鄭汝芬;王育敏;林鴻池;徐少萍;劉建國;尤美女;楊曜;林淑芬;趙天麟;盧秀燕;賴士葆;鄭天財Sra．Kacaw;賴振昌;田秋堇;邱文彥;盧嘉辰;李貴敏;蔣乃辛;薛凌;呂學樟;潘維剛;周倪安;葉津鈴;何欣純;楊玉欣;邱志偉;羅明才;廖國棟;許添財;陳明文;陳淑慧;林德福;吳秉叡,
104/03/24,紅樓201會議室,程序委員會,無,第8屆第7會期程序委員會第6次會議,審定本院第8屆第7會期第6次會議議事日程及處理人民請願案,,
104/03/25,群賢樓801會議室,社會福利及衛生環境委員會,無,立法院第8屆第7會期社會福利及衛生環境委員會第9次全體委員會議,繼續審查中華民國104年度中央政府總預算案附屬單位預算有關衛生福利部主管作業基金（醫療藥品基金、管制藥品製藥工廠作業基金、全民健康保險基金及國民年金保險基金）及特別收入基金（健康照護基金及社會福利基金）等預算案(預算處理)。,,
104/03/25,九樓大禮堂,財政委員會,無,立法院第8屆第7會期財政委員會第4次全體委員會議,邀請行政院主計總處石主計長素梅就「近年來編列特別預算有關公共建設(包括：易淹水地區水患治理、石門水庫集水區整治、河川治理、莫拉克颱風災後重建、振興經濟擴大公共建設及國軍眷村改建等)預算執行情形及其檢討」專題報告，並備質詢。(3月23日、25日及26日三天一次會),吳秉叡;許添財;林德福;賴士葆;薛凌;費鴻泰;盧秀燕;黃偉哲;孫大千;潘維剛;孔文吉;賴振昌;李應元;邱文彥;徐欣瑩;楊應雄;江啟臣;周倪安;蔣乃辛;葉津鈴;蘇清泉;楊瓊瓔;鄭汝芬;江惠貞;陳淑慧;吳宜臻;張慶忠;田秋堇;呂學樟;李貴敏;陳歐珀;顏寬恒,
104/03/25,紅樓202會議室,內政委員會,無,立法院第8屆第7會期內政委員會第6次全體委員會議,邀請行政院秘書長簡太郎、內政部部長陳威仁、中央選舉委員會主任委員劉義周就「補正公投法、修改選罷法，以落實國民主權之立法倡議」提出具體政策回應，進行專題報告，並備質詢。（3月23日及25日，為一次會）,盧嘉辰;莊瑞雄;邱文彥;李俊俋;張慶忠;陳其邁;周倪安;鄭天財Sra．Kacaw;徐志榮;許添財;陳怡潔;孔文吉;楊應雄;江啟臣;顏寬恒;賴振昌;鄭麗君;薛凌;蕭美琴;蔣乃辛;何欣純;葉津鈴;盧秀燕;蘇清泉;楊瓊瓔;鄭汝芬;江惠貞;陳淑慧;呂學樟;陳歐珀;姚文智;李貴敏;邱志偉;黃偉哲;劉櫂豪;尤美女;吳育昇;姚文智,
104/03/25,紅樓301會議室,外交及國防委員會,無,立法院第8屆第7會期外交及國防委員會第6次全體委員會議,處理院會交付僑務委員會104年度中央政府總預算決議凍結案等4案： 一、「獎補助費」預算凍結十分之一案。 二、「一般行政」預算凍結200萬元案。 三、「辦理宏觀新聞資訊服務業務」預算凍結200萬元案。 四、「辦理宏觀電視影音頻道業務」預算凍結500萬元案。 (3月25日、26日二天一次會),蔡煌瑯;陳鎮湘;楊應雄;江啟臣;黃偉哲;蕭美琴;蔡錦隆;陳唐山;詹凱臣;李貴敏;許添財;顏寬恒;賴振昌;周倪安;邱文彥;薛凌;蔡其昌;盧秀燕;蔣乃辛;葉津鈴;蘇清泉;楊瓊瓔;鄭汝芬;江惠貞;張慶忠;呂學樟;陳歐珀;林郁方;邱志偉,
104/03/25,群賢樓101會議室,教育及文化委員會,無,立法院第8屆第7會期教育及文化委員會第4次全體委員會議,一、審查行政院函請審議廢止「社會教育法」案。二、審查行政院函請審議「國立高級中等學校校務基金設置條例第二條及第十一條條文修正草案」案。(3月23日、3月25日、3月26日3天一次會),陳碧涵;許智傑;孔文吉;黃國書;吳秉叡;蔣乃辛;何欣純;陳淑慧;黃志雄;賴振昌;鄭麗君;呂玉玲;李貴敏;楊應雄;江啟臣;顏寬恒;許添財;邱文彥;薛凌;周倪安;蕭美琴;鄭汝芬;蘇清泉;葉津鈴;盧秀燕;楊瓊瓔;江惠貞;張慶忠;林德福;陳學聖;呂學樟;陳歐珀;黃偉哲,
104/03/25,紅樓101會議室,經濟委員會,無,立法院第8屆第7會期經濟委員會第4次全體委員會議,一、審查本院委員賴士葆等18人擬具「公司法第二百三十五條條文修正草案」案。二、審查本院委員羅淑蕾等18人擬具「公司法部分條文修正草案」案。三、審查本院委員賴士葆等22人擬具「工廠法第四十條條文修正草案」案。（本案如經復議則不予審查）（3月23、25日二天一次會）,林岱樺;廖正井;黃昭順;李慶華;陳明文;高志鵬;丁守中;邱議瑩;李貴敏;蘇震清;葉津鈴;楊瓊瓔;張嘉郡;許添財;江啟臣;孔文吉;黃國書;林德福;賴振昌;黃偉哲;顏寬恒;周倪安;邱文彥;蘇清泉;何欣純;薛凌;盧秀燕;蔣乃辛;鄭汝芬;江惠貞;羅淑蕾;陳淑慧;呂學樟;張慶忠;楊應雄;廖國棟;陳歐珀;尤美女;翁重鈞,
104/03/25,紅樓302會議室,司法及法制委員會,無,立法院第8屆第7會期司法及法制委員會第6次全體委員會議,審查委員吳宜臻等27人擬具「刑事訴訟法增訂部分條文草案」案。（3月25日及26日兩天一次會）,柯建銘;紀國棟;顏寬恒;吳宜臻;謝國樑;蔡其昌;呂學樟;李貴敏;尤美女;江啟臣;許添財;賴振昌;周倪安;邱文彥;薛凌;蔡錦隆;盧秀燕;蔣乃辛;葉津鈴;蘇清泉;楊瓊瓔;鄭汝芬;江惠貞;張慶忠;陳淑慧;陳歐珀;黃偉哲;劉櫂豪;邱志偉,
104/03/26,群賢樓801會議室,社會福利及衛生環境委員會,無,立法院第8屆第7會期社會福利及衛生環境委員會第9次全體委員會議,繼續審查中華民國104年度中央政府總預算案附屬單位預算有關衛生福利部主管作業基金（醫療藥品基金、管制藥品製藥工廠作業基金、全民健康保險基金及國民年金保險基金）及特別收入基金（健康照護基金及社會福利基金）等預算案(預算處理)。,,
104/03/26,紅樓301會議室,外交及國防委員會,無,立法院第8屆第7會期外交及國防委員會第6次全體委員會議【報告秘密，詢答（先秘密、後公開）】,邀請國家安全局局長李翔宙率相關情報機關首長提出「國家情報工作暨國家安全局業務報告」，並備質詢。(3月25日、26日二天一次會),陳鎮湘;林郁方;蔡煌瑯;蕭美琴;李桐豪;江啟臣;黃偉哲;蔡錦隆;陳唐山;詹凱臣;楊應雄;馬文君;邱志偉;周倪安;孔文吉;邱文彥;王惠美;薛凌;賴振昌;葉宜津;楊麗環;王進士;張慶忠;劉櫂豪;羅明才;簡東明;李貴敏;陳歐珀,
104/03/26,九樓大禮堂,財政委員會,無,立法院第8屆第7會期財政委員會第4次全體委員會議,邀請金融監督管理委員會曾主任委員銘宗、財政部張部長盛和就「金融業強化亞洲布局執行情形」專題報告，並備質詢。(3月23日、25日及26日三天一次會),許添財;吳秉叡;林德福;賴士葆;盧秀燕;薛凌;李應元;孫大千;費鴻泰;羅明才;曾巨威;李桐豪;陳歐珀;潘維剛;周倪安;江啟臣;邱文彥;黃偉哲;段宜康;賴振昌;王惠美;楊麗環;王進士;劉櫂豪;簡東明;李貴敏,
104/03/26,群賢樓101會議室,教育及文化委員會,無,立法院第8屆第7會期教育及文化委員會第4次全體委員會議,繼續併案審查行政院函請審議「博物館法草案」、委員陳學聖等19人擬具「博物館法草案」、委員陳亭妃等23人擬具「博物館法草案」、委員陳淑慧等20人擬具「博物館法草案」、委員陳碧涵等26人擬具「博物館法草案」案。(報告及詢答結束)(3月23日、3月25日、3月26日3天一次會),,
104/03/26,紅樓302會議室,司法及法制委員會,無,立法院第8屆第7會期司法及法制委員會第6次全體委員會議,邀請監察院秘書長列席說明立法計畫，並備質詢。（3月25日及26日兩天一次會）,柯建銘;謝國樑;王惠美;紀國棟;吳宜臻;尤美女;鄭天財Sra．Kacaw;李貴敏;蔡其昌;李桐豪;陳歐珀;簡東明;周倪安;江啟臣;孔文吉;黃偉哲;邱文彥;薛凌;賴振昌;葉宜津;楊麗環;王進士;張慶忠;劉櫂豪;羅明才;蕭美琴;邱志偉,
104/03/26,紅樓202會議室,內政委員會,無,立法院第8屆第7會期內政委員會第7次全體委員會議,邀請原住民族委員會主任委員林江義、財團法人原住民族文化事業基金會董事長周惠民率同所屬列席報告業務概況（含立法計畫及上會期臨時提案執行情形），並備質詢。,段宜康;莊瑞雄;陳怡潔;周倪安;陳其邁;孔文吉;廖國棟;鄭天財Sra．Kacaw;簡東明;李昆澤;劉櫂豪;陳歐珀;李貴敏;蕭美琴;李桐豪;羅淑蕾;江啟臣;黃偉哲;薛凌;張慶忠;葉宜津;楊麗環;王進士;李俊俋;羅明才;邱文彥;盧嘉辰;邱志偉;姚文智,
104/03/26,紅樓201會議室,交通委員會,無,立法院第8屆第7會期交通委員會第4次全體委員會議,一、審查飛航安全調查委員會函送「民用航空器及公務航空器飛航事故調查作業處理規則」案。二、審查飛航安全調查委員會函送「超輕型載具飛航事故調查作業處理規則」第二條及第七條條文案。,李昆澤;陳歐珀;羅淑蕾;簡東明;林國正;管碧玲;葉宜津;楊麗環;李鴻鈞;王進士;邱志偉;李貴敏;蕭美琴;李桐豪;周倪安;孔文吉;江啟臣;黃偉哲;邱文彥;薛凌;廖國棟;賴振昌;王惠美;張慶忠;羅明才;陳雪生;劉櫂豪,
104/03/26,九樓大禮堂,修憲委員會,無,立法院第8屆修憲委員會第1次全體委員會議,選舉本會召集委員,賴振昌,
104/03/30,九樓大禮堂,財政委員會,無,立法院第8屆第7會期財政委員會第5次全體委員會議,一、彙總整理提出「中華民國104年度中央政府總預算案附屬單位預算營業及非營業部分審查總報告草案」提報院會案。二、審查「中華民國102年度中央政府總決算審核報告（含附屬單位決算及綜計表）案」關於：(一)單位決算：行政院主計總處、審計部、審計部臺北市審計處、審計部新北市審計處、審計部臺中市審計處、審計部臺南市審計處、審計部高雄市審計處、財政部、國庫署、賦稅署、臺北國稅局、高雄國稅局、北區國稅局及所屬、中區國稅局及所屬、南區國稅局及所屬、關務署及所屬、國有財產署及所屬、財政資訊中心、金融監督管理委員會、銀行局、證券期貨局、保險局、檢查局、補助直轄市及縣市政府、直轄市與縣市平衡預算及繳款專案補助、直轄市及縣市保障財源補助、災害準備金、第二預備金。其他查核事項—特別決算以前年度轉入數決算表。(二)附屬單位決算營業基金單位：中央銀行（含中央造幣廠、中央印製廠）、中國輸出入銀行、臺灣金融控股股份有限公司（含臺灣銀行股份有限公司、臺銀人壽保險股份有限公司、臺銀綜合證券股份有限公司）、臺灣土地銀行股份有限公司（含土銀保險經紀人股份有限公司）、財政部印刷廠、臺灣菸酒股份有限公司、中央存款保險股份有限公司。(三)附屬單位決算非營業特種基金單位：1、作業基金：地方建設基金、國有財產開發基金。2、債務基金：中央政府債務基金。3、特別收入基金：行政院公營事業民營化基金、金融監督管理基金。4、其他特種基金－國家金融安定基金、保險業務發展基金、金融研究發展基金。(3月30日及4月2日兩天一次),許添財;吳秉叡;林德福;盧秀燕;賴士葆;李應元;薛凌;潘維剛;費鴻泰;徐欣瑩;孫大千;李昆澤;楊瓊瓔;盧嘉辰;周倪安;鄭天財Sra．Kacaw;蔣乃辛;孔文吉;吳育仁;黃偉哲;江惠貞;邱文彥;葉津鈴;賴振昌;蘇清泉;李貴敏;管碧玲;邱志偉;陳亭妃;陳歐珀;翁重鈞;王進士;呂玉玲;呂學樟;姚文智;羅明才;楊麗環,
104/03/30,群賢樓101會議室,教育及文化委員會,無,立法院第8屆第7會期教育及文化委員會第5次全體委員會議,邀請教育部部長列席報告「高等教育創新轉型方案」，並備質詢。(3月30日、4月1日、4月2日3天一次會),陳碧涵;孔文吉;蔣乃辛;黃國書;許添財;陳亭妃;許智傑;黃志雄;何欣純;呂玉玲;陳學聖;江啟臣;鄭麗君;管碧玲;盧嘉辰;賴士葆;鄭汝芬;盧秀燕;邱志偉;田秋堇;周倪安;楊瓊瓔;黃偉哲;江惠貞;吳育仁;邱文彥;薛凌;張慶忠;蘇清泉;葉津鈴;潘維剛;李貴敏;李昆澤;鄭天財Sra．Kacaw;羅明才;陳明文;陳歐珀;姚文智;呂學樟;林德福;高金素梅;賴振昌;楊麗環,
104/03/30,紅樓202會議室,內政委員會,無,立法院第8屆第7會期內政委員會第8次全體委員會議,一、邀請行政院大陸委員會主任委員夏立言、財團法人海峽交流基金會董事長林中森率同所屬列席報告業務概況（含立法計畫及上會期臨時提案辦理情形），並備質詢。二、邀請蒙藏委員會委員長蔡玉玲率同所屬列席報告業務概況，並備質詢。,盧嘉辰;段宜康;陳其邁;鄭天財Sra．Kacaw;周倪安;莊瑞雄;李俊俋;姚文智;徐志榮;邱文彥;羅淑蕾;黃國書;江啟臣;孔文吉;尤美女;楊瓊瓔;盧秀燕;林德福;邱志偉;張慶忠;江惠貞;陳明文;李貴敏;管碧玲;呂學樟;陳歐珀;黃偉哲;蘇清泉;葉津鈴;賴振昌;陳亭妃;羅明才;王進士;何欣純;楊麗環;呂玉玲;簡東明;許添財;薛凌;吳育昇;陳超明;張慶忠,
104/03/30,紅樓101會議室,經濟委員會,無,立法院第8屆第7會期經濟委員會第5次全體委員會議,邀請行政院農業委員會主任委員、內政部部長、經濟部針對「如何防制盜（濫）伐林木」提出專案報告，並備質詢。（3月30日、4月1日、2日三天一次會）,林岱樺;高志鵬;陳明文;李貴敏;丁守中;廖正井;楊瓊瓔;盧嘉辰;蘇震清;葉津鈴;翁重鈞;簡東明;江啟臣;孔文吉;鄭汝芬;田秋堇;周倪安;陳歐珀;李昆澤;黃偉哲;邱志偉;張嘉郡;林德福;鄭天財Sra．Kacaw;蔣乃辛;黃國書;李應元;張慶忠;邱文彥;薛凌;江惠貞;蘇清泉;呂學樟;賴振昌;羅明才;陳亭妃;黃昭順;許添財;何欣純;姚文智;劉櫂豪;王進士;楊麗環;呂玉玲;陳碧涵;賴士葆;吳育仁;高金素梅;盧秀燕;管碧玲;李慶華;廖國棟,
104/03/30,紅樓302會議室,司法及法制委員會,無,立法院第8屆第7會期司法及法制委員會第7次全體委員會議,邀請考試院秘書長、考選部部長、銓敘部部長及公務人員保障暨培訓委員會主任委員列席報告業務概況及立法計畫，並備質詢。,柯建銘;謝國樑;呂學樟;王惠美;蔡其昌;周倪安;紀國棟;尤美女;盧秀燕;林德福;孔文吉;盧嘉辰;許添財;楊瓊瓔;黃偉哲;江惠貞;邱文彥;張慶忠;吳宜臻;李貴敏;管碧玲;邱志偉;陳歐珀;葉津鈴;賴振昌;蘇清泉;陳亭妃;王進士;姚文智;呂玉玲;簡東明;陳明文;薛凌;楊麗環;鄭天財Sra．Kacaw,
104/03/30,紅樓201會議室,交通委員會,無,立法院第8屆第7會期交通委員會第5次全體委員會議,(3月30日) 邀請交通部部長陳建宇率同所屬列席就「清明節交通疏運」提出報告，並備質詢。(3月30日及4月2日二天一次會） ,李昆澤;管碧玲;羅淑蕾;陳素月;劉櫂豪;陳歐珀;王進士;李鴻鈞;楊麗環;簡東明;林國正;江啟臣;鄭汝芬;鄭天財Sra．Kacaw;陳明文;孔文吉;許添財;楊瓊瓔;盧秀燕;林德福;黃偉哲;張慶忠;江惠貞;邱文彥;薛凌;李貴敏;呂學樟;邱志偉;蘇清泉;葉津鈴;賴振昌;陳亭妃;羅明才;何欣純;姚文智;孫大千;呂玉玲;黃國書;周倪安;盧嘉辰,
104/03/30,群賢樓801會議室,社會福利及衛生環境委員會,無,立法院第8屆第7會期社會福利及衛生環境委員會第10次全體委員會議,邀請衛生福利部蔣部長丙煌、財政部張部長盛和、經濟部鄧部長振中、行政院原子能委員會蔡主任委員春鴻、行政院食品安全辦公室康主任照洲等就「日本核災五縣市產品換標入境事件，凸顯食品邊境把關漏洞，另就日本核災五縣市食品開放適切性及政策方向應向國人說明，本事件之處理期程、相關部會之權責，以及近期多起重大食安事件（潤餅皮、海帶）提出後續清查進度及報告」列席報告，並備質詢。,吳育仁;江惠貞;陳節如;蘇清泉;趙天麟;田秋堇;劉建國;楊曜;鄭汝芬;林淑芬;蔣乃辛;徐少萍;周倪安;王育敏;李貴敏;李昆澤;江啟臣;鄭天財Sra．Kacaw;許添財;孔文吉;黃偉哲;邱文彥;邱志偉;潘維剛;盧嘉辰;葉津鈴;賴振昌;管碧玲;薛凌;陳亭妃;陳歐珀;羅明才;王進士;呂玉玲;呂學樟;林鴻池;姚文智;楊瓊瓔;吳秉叡;林德福;楊麗環;王惠美,
104/04/01,群賢樓101會議室,教育及文化委員會,無,立法院第8屆第7會期教育及文化委員會第5次全體委員會議,併案審查行政院函請審議「文化資產保存法修正草案」、委員管碧玲等24人擬具「文化資產保存法修正草案」、委員鄭麗君等19人、委員吳宜臻等24人、委員何欣純等20人擬具「文化資產保存法部分條文修正草案」、委員廖正井等26人、委員羅淑蕾等20人、委員林德福等21人擬具「文化資產保存法第四條條文修正草案」、委員鄭麗君等23人擬具「文化資產保存法第五條條文修正草案」、委員羅淑蕾等20人擬具「文化資產保存法第六條條文修正草案」、委員孫大千等19人擬具「文化資產保存法第二十一條條文修正草案」、委員吳宜臻等24人擬具「文化資產保存法第七十六條條文修正草案」、委員李俊俋等19人擬具「文化資產保存法第九十四條條文修正草案」、委員蕭美琴等17人擬具「文化資產保存法第一百零一條條文修正草案」案。(3月30日、4月1日、4月2日3天一次會),孔文吉;黃國書;陳碧涵;許智傑;蔣乃辛;邱文彥;陳亭妃;鄭麗君;高金素梅;段宜康;何欣純;鄭天財Sra．Kacaw;管碧玲;邱志偉;陳明文;陳學聖;蕭美琴;李桐豪;李貴敏;賴振昌;黃偉哲;周倪安;陳怡潔;呂學樟;黃志雄,
104/04/01,紅樓301會議室,外交及國防委員會,無,立法院第8屆第7會期外交及國防委員會第7次全體委員會議,邀請國防部部長、經濟部次長率工業局局長報告「台美國防工業合作現況和未來展望」，併請外交部派員列席，並備質詢。,黃偉哲;邱志偉;陳鎮湘;蔡煌瑯;蕭美琴;李桐豪;林郁方;陳唐山;周倪安;蔡錦隆;李貴敏;孔文吉;江啟臣;陳明文;管碧玲;邱文彥;馬文君;賴振昌;陳亭妃;陳怡潔;呂學樟;高金素梅;蔣乃辛;鄭天財Sra．Kacaw,
104/04/01,紅樓101會議室,經濟委員會,無,立法院第8屆第7會期經濟委員會第5次全體委員會議,一、上午9時至10時：（一）繼續審查行政院函請審議「森林法第五十條及第五十二條條文修正草案」案。（處理）（二）繼續審查本院委員潘維剛等24人擬具「森林法第五十條條文修正草案」案。（處理）（三）繼續審查本院委員李慶華等19人擬具「森林法第五十條條文修正草案」案。（處理）（四）繼續審查本院委員李昆澤等24人擬具「森林法第五十二條條文修正草案」案。（處理）（五）繼續審查本院委員田秋堇等23人擬具「森林法第五十二條條文修正草案」案。（處理）（六）繼續審查本院委員許添財等17人擬具「森林法第五十條條文修正草案」案。（處理）二、上午10時至下午5時30分：審查104年度中央政府總預算案附屬單位預算營業部分關於經濟部主管：台灣自來水股份有限公司。（詢答）（3月30日、4月1日、2日三天一次會）,邱議瑩;黃昭順;廖正井;丁守中;李貴敏;陳明文;葉津鈴;蘇震清;翁重鈞;盧嘉辰;孔文吉;何欣純;田秋堇;李桐豪;黃偉哲;鄭天財Sra．Kacaw;周倪安;管碧玲;黃國書;賴振昌;邱文彥;蔣乃辛;蕭美琴;陳亭妃;呂學樟;陳怡潔;高金素梅;廖國棟;江啟臣;王惠美;邱志偉,
104/04/01,群賢樓801會議室,社會福利及衛生環境委員會,無,舉行【薯條與洋芋片等油炸食品致癌！？含毒性化學物質「丙烯醯胺」之高溫油炸食品管理】公聽會 , ,,
104/04/01,九樓大禮堂,財政委員會,無,第8屆第7會期考察,考察新北市新店區中央政府補助預算(含特別預算)執行情形。,,
104/04/01,紅樓202會議室,內政委員會,無,立法院第8屆第7會期內政委員會第8次全體委員會議,邀請行政院海岸巡防署署長王崇儀率同所屬列席報告業務概況，並備質詢。,盧嘉辰;段宜康;莊瑞雄;李俊俋;陳怡潔;邱文彥;賴振昌;蕭美琴;呂學樟;黃偉哲;陳明文;邱志偉;孔文吉;李桐豪;李貴敏;陳其邁;管碧玲;蔣乃辛;周倪安;陳亭妃;何欣純;鄭天財Sra．Kacaw;高金素梅;張慶忠;吳育昇;姚文智;周倪安;鄭天財Sra．Kacaw,
104/04/01,紅樓302會議室,司法及法制委員會,無,立法院第8屆第7會期司法及法制委員會第8次全體委員會議,一、審查司法院函請審議「公務員懲戒委員會組織法修正草案」案。二、併案審查（一）司法院函請審議「公務員懲戒法修正草案」、（二）委員李俊俋等20人擬具「公務員懲戒法第七條條文修正草案」及（三）委員賴士葆等25人擬具「公務員懲戒法第三十一條條文修正草案」案。（4月1日及2日兩天一次會）,柯建銘;吳宜臻;紀國棟;蔡其昌;謝國樑;呂學樟;黃偉哲;邱志偉;李桐豪;李貴敏;陳明文;孔文吉;鄭天財Sra．Kacaw;蕭美琴;周倪安;管碧玲;邱文彥;蔣乃辛;賴振昌;陳亭妃;陳怡潔;高金素梅;蔡錦隆;尤美女;王惠美,
104/04/02,紅樓101會議室,經濟委員會,無,立法院第8屆第7會期經濟委員會第5次全體委員會議,邀請經濟部部長、行政院農業委員會主任委員、國家發展委員會主任委員、行政院環境保護署、國防部、科技部針對「近期水情、限水措施與水庫清淤、降低漏水率，與水資源之供需現況及水資源未來之供需預估、調配及開發等政策規劃」進行專案報告，並備質詢。（3月30日、4月1日、2日三天一次會）,林岱樺;李貴敏;葉津鈴;蘇震清;丁守中;陳明文;許添財;翁重鈞;黃昭順;周倪安;何欣純;孔文吉;陳碧涵;楊應雄;李昆澤;李桐豪;陳歐珀;劉櫂豪;薛凌;邱文彥;賴振昌;蘇清泉;邱志偉;陳亭妃;江惠貞;管碧玲;陳淑慧;黃偉哲;邱議瑩;蕭美琴;簡東明;田秋堇;林德福;鄭汝芬;楊麗環,
104/04/02,紅樓202會議室,內政委員會,無,立法院第8屆第7會期內政委員會第8次全體委員會議,一、審查行政院函請審議「國家安全法第二條之二、第五條之一及第五條之二條文修正草案」案。二、審查本院委員葉宜津等23人擬具「國家安全法增訂第二條之二條文草案」案。,段宜康;莊瑞雄;邱文彥;盧嘉辰;李俊俋;周倪安;陳其邁;姚文智;陳怡潔;黃偉哲;楊麗環;陳歐珀;李桐豪;孔文吉;蕭美琴;楊應雄;許添財;劉櫂豪;黃國書;薛凌;李貴敏;賴振昌;陳亭妃;邱志偉;陳明文;管碧玲;蘇清泉;何欣純;簡東明;蔡錦隆;張慶忠;葉津鈴,
104/04/02,群賢樓101會議室,教育及文化委員會,無,立法院第8屆第7會期教育及文化委員會第5次全體委員會議,邀請中央研究院院長列席報告業務概況，並備質詢。(3月30日、4月1日、4月2日3天一次會),孔文吉;黃志雄;陳碧涵;黃國書;蔣乃辛;陳亭妃;賴振昌;許智傑;陳淑慧;何欣純;陳學聖;許添財;林德福;黃偉哲;蕭美琴;李昆澤;李桐豪;陳歐珀;薛凌;邱文彥;李貴敏;吳育仁;蘇清泉;邱志偉;陳明文;江惠貞;管碧玲;羅明才;葉津鈴;黃昭順,
104/04/02,紅樓301會議室,外交及國防委員會,無,立法院第8屆第7會期外交及國防委員會第8次全體委員會議,邀請外交部部長、財政部部長、中央銀行總裁、行政院大陸委員會主任委員報告「我國申請加入亞投行的風險與效益評估」，並備質詢。,黃偉哲;江啟臣;楊應雄;蔡煌瑯;林郁方;李桐豪;蕭美琴;李貴敏;邱志偉;陳唐山;蔡錦隆;黃國書;管碧玲;孔文吉;許添財;尤美女;陳鎮湘;陳其邁;薛凌;邱文彥;賴振昌;陳歐珀;陳明文;陳亭妃;周倪安;蘇清泉;姚文智;陳怡潔;葉津鈴;劉櫂豪;楊麗環;段宜康,
104/04/02,群賢樓801會議室,社會福利及衛生環境委員會,無,立法院第8屆第7會期社會福利及衛生環境委員會第11次全體委員會議,邀請衛生福利部蔣部長丙煌、勞動部陳部長雄文、財政部張部長盛和、行政院主計總處石主計長素梅、金融監督管理委員會曾主任委員銘宗等就「針對家庭照顧者提供喘息服務以減輕照護負擔之具體改善作為及長期照顧服務財源採社會保險制或稅收制之國際比較與國內現況探討」列席報告，並備質詢。,劉建國;楊玉欣;林鴻池;陳節如;吳育仁;王育敏;趙天麟;蘇清泉;林淑芬;楊曜;鄭汝芬;許添財;江惠貞;尤美女;李應元;段宜康;徐少萍;黃偉哲;李桐豪;陳歐珀;薛凌;邱文彥;李貴敏;陳亭妃;賴振昌;邱志偉;管碧玲;吳秉叡;葉津鈴;田秋堇;江啟臣;李昆澤;林德福;楊麗環,
104/04/02,紅樓201會議室,交通委員會,無,立法院第8屆第7會期交通委員會第5次全體委員會議,(4月2日)邀請交通部部長陳建宇率同中華郵政股份有限公司董事長翁文祺列席就「中華郵政員工勞動權益保障」暨「中華郵政股份有限公司業務概況」提出報告，並備質詢。（3月30日及4月2日二天一次會） ,李昆澤;林國正;陳歐珀;楊麗環;羅淑蕾;劉櫂豪;管碧玲;李鴻鈞;簡東明;王進士;江啟臣;許添財;李桐豪;孔文吉;蕭美琴;楊應雄;黃偉哲;薛凌;陳明文;李貴敏;邱文彥;賴振昌;陳亭妃;邱志偉;黃國書;蘇清泉;周倪安;何欣純;陳怡潔;蔡錦隆;陳素月;葉津鈴;黃昭順,
104/04/02,九樓大禮堂,財政委員會,無,立法院第8屆第7會期財政委員會第5次全體委員會議,邀請財政部張部長盛和、內政部及國家發展委員會提出「房地合一稅制改革中如何興建捷運青年宅具體措施以照顧弱勢與青年」專題報告，並備質詢。(3月30日及4月1日兩天一次會),許添財;吳秉叡;林德福;賴士葆;李應元;薛凌;羅明才;費鴻泰;賴振昌;黃偉哲;曾巨威;李桐豪;李貴敏;邱文彥;陳亭妃;陳歐珀;蘇清泉;邱志偉;管碧玲;潘維剛;葉津鈴;黃昭順;江啟臣;姚文智;徐欣瑩;吳育仁,
104/04/02,紅樓302會議室,司法及法制委員會,無,立法院第8屆第7會期司法及法制委員會第8次全體委員會議,一、審查司法院函請審議「公務員懲戒委員會組織法修正草案」案。二、併案審查（一）司法院函請審議「公務員懲戒法修正草案」、（二）委員李俊俋等20人擬具「公務員懲戒法第七條條文修正草案」及（三）委員賴士葆等25人擬具「公務員懲戒法第三十一條條文修正草案」案。（4月1日及2日兩天一次會）,,
104/04/07,紅樓201會議室,程序委員會,無,第8屆第7會期程序委員會第7次會議,審定本院第8屆第7會期第7次會議議事日程及處理人民請願案,,
104/04/08,群賢樓101會議室,教育及文化委員會,經濟委員會,立法院第8屆第7會期教育及文化、經濟委員會第1次聯席會議,繼續併案審查行政院函請審議「能源安全及非核家園推動法草案」、民進黨黨團及台灣團結聯盟黨團擬具「非核家園推動法草案」、親民黨黨團擬具「零核電家園推動法草案」及委員陳其邁等21人擬具「非核家園施行條例草案」案。,,
104/04/08,紅樓202會議室,內政委員會,無,立法院第8屆第7會期內政委員會第9次全體委員會議,一、繼續併案審查（一）本院委員陳唐山等16人擬具「公民投票法修正草案」案。（二）本院委員陳歐珀等19人擬具「公民投票法部分條文修正草案」案。（三）本院委員潘孟安等19人擬具「公民投票法部分條文修正草案」案。（四）本院委員李應元等19人擬具「公民投票法部分條文修正草案」案。（五）本院親民黨黨團擬具「公民投票法第七條條文修正草案」案。（六）本院委員吳秉叡等21人擬具「公民投票法第三十條條文修正草案」案。二、審查本院台灣團結聯盟黨團擬具「公民投票法第七條條文修正草案」案。三、審查行政院函請審議「公民投票法部分條文修正草案」案。四、審查請願文書3案。（4月8日及4月9日二天一次會）,段宜康;邱文彥;盧嘉辰;鄭天財Sra．Kacaw;吳育昇;李俊俋;陳歐珀;李桐豪;孔文吉;黃偉哲;姚文智;賴振昌;葉津鈴;孫大千;陳亭妃;管碧玲;鄭麗君;葉宜津;何欣純;柯建銘;楊麗環;廖國棟;李應元;張慶忠;陳明文;姚文智;田秋堇;張慶忠,
104/04/08,紅樓201會議室,交通委員會,無,立法院第8屆第7會期交通委員會第6次全體委員會議,繼續併案審查： 一、行政院函請審議「道路交通管理處罰條例部分條文修正草案」案。 二、委員賴士葆等21人擬具「道路交通管理處罰條例第二十一條條文修正草案」案。 三、委員盧秀燕等24人擬具「道路交通管理處罰條例第四十五條條文修正草案」案。 四、委員王進士等16人擬具「道路交通管理處罰條例第八十條條文修正草案」案。,,
104/04/09,紅樓202會議室,內政委員會,無,立法院第8屆第7會期內政委員會第9次全體委員會議,一、審查本院委員李應元等17人擬具「住宅法部分條文修正草案」案。二、審查本院委員王育敏等23人擬具「住宅法第三條、第四條及第十二條條文修正草案」案。三、審查本院委員林國正等16人擬具「住宅法第三條及第十四條之一條文修正草案」案。四、審查本院委員林國正等18人擬具「住宅法第三條及第二十七條條文修正草案」案。五、審查本院委員顏寬恒等19人擬具「住宅法第六條、第十二條之一及第五十四條條文修正草案」案。六、審查本院委員何欣純等18人擬具「住宅法第九條條文修正草案」。七、審查本院委員李昆澤等21人擬具「住宅法第十二條及第四十六條條文修正草案」。八、審查行政院函請審議「住宅法第十二條之一及第五十四條條文修正草案」案。九、審查本院委員李昆澤等19人擬具「住宅法第四十六條條文修正草案」案。十、審查台灣團結聯盟黨團擬具「住宅法第四十六條及第五十四條條文修正草案」案。十一、審查行政院函請審議「不動產估價師法第八條條文修正草案」案。十二、審查委員林佳龍等16人擬具「不動產估價師法第八條條文修正草案」案。十三、審查請願文書1案。(4月8日及4月9日兩天一次會),段宜康;姚文智;張慶忠;鄭天財Sra．Kacaw;邱文彥;李俊俋;江啟臣;黃偉哲;李桐豪;孔文吉;王育敏;蕭美琴;管碧玲;蔣乃辛;陳明文;陳亭妃;蔡錦隆;馬文君;賴振昌;陳淑慧;何欣純;廖國棟;陳節如,
104/04/09,紅樓101會議室,經濟委員會,無,立法院第8屆第7會期經濟委員會第6次全體委員會議,一、處理或審查行政院農業委員會及其所屬104年度預算凍結案等22案。二、處理或審查經濟部及其所屬104年度預算凍結案等8案。三、審查公平交易委員會104年度預算凍結案1案。（本案如經覆議，則不予審查）。,葉津鈴;蘇震清;陳明文;丁守中;翁重鈞;江啟臣;黃偉哲;鄭天財Sra．Kacaw;李桐豪;王惠美;黃國書;蕭美琴;邱文彥;管碧玲;蔣乃辛;馬文君;陳亭妃;賴振昌;何欣純;顏寬恒;高志鵬;高金素梅;廖國棟,
104/04/09,九樓大禮堂,修憲委員會,無,立法院第8屆修憲委員會公聽會(第1場), 討論議題：一、擴大人民之政治參與，厚實政府之民意基礎，論國家民主化與投票年齡關係等相關機制。二、從恢復「行政院院長任命須經立法院同意」、「副署權」與避免總統濫用「解散國會權」，談總統、行政院與立法院互動機制之調和。三、從「內閣制」做為台灣政治朝野互動僵局之可能解決方案，談官員得由立法委員兼任，以強化施政民意基礎，促進行政與立法之政治協調。,姚文智;李俊俋;尤美女;管碧玲;賴振昌;李應元;李桐豪;柯建銘,
104/04/09,群賢樓101會議室,教育及文化委員會,無,立法院第8屆第7會期教育及文化委員會第6次全體委員會議,邀請國立故宮博物院院長列席報告業務概況，並備質詢。,黃志雄;許智傑;蔣乃辛;黃國書;孔文吉;陳亭妃;姚文智;陳淑慧;何欣純;陳學聖;江啟臣;陳明文;李桐豪;鄭天財Sra．Kacaw;邱文彥;黃偉哲;管碧玲;蕭美琴;賴振昌;高金素梅,
104/04/09,紅樓301會議室,外交及國防委員會,無,立法院第8屆第7會期外交及國防委員會第9次全體委員會議,邀請國防部部長、法務部次長、內政部移民署署長報告「檢討國軍近期軍風紀案件與營區資安管理維護及未來策進作為」，並備質詢。,黃偉哲;江啟臣;林郁方;蔡煌瑯;李桐豪;陳鎮湘;蕭美琴;蔡錦隆;馬文君;楊應雄;孔文吉;管碧玲;詹凱臣;鄭天財Sra．Kacaw;陳雪生;尤美女;蔣乃辛;邱文彥;陳明文;陳亭妃;賴振昌;姚文智;黃國書;王惠美,
104/04/09,紅樓302會議室,司法及法制委員會,無,立法院第8屆第7會期司法及法制委員會第9次全體委員會議,繼續併案審查（一）委員劉建國等18人擬具「戒嚴時期人民受損權利回復條例部分條文修正草案」、（二）委員張嘉郡等21人擬具「戒嚴時期人民受損權利回復條例第四條、第四條之一及第四條之二條文修正草案」及（三）委員陳亭妃等19人擬具「戒嚴時期人民受損權利回復條例部分條文修正草案」案。,,
104/04/13,九樓大禮堂,修憲委員會,無,立法院第8屆修憲委員會公聽會(第2場),討論議題：一、擴大人民之政治參與，厚實政府之民意基礎，論國家民主化　　與投票年齡關係等相關機制。二、從恢復「行政院院長任命須經立法院同意」、「副署權」與　　避免總統濫用「解散國會權」，談總統、行政院與立法院互　　動機制之調和。三、從「內閣制」做為台灣政治朝野互動僵局之可能解決方案，　　談官員得由立法委員兼任，以強化施政民意基礎，促進行政　　與立法之政治協調。,高志鵬;尤美女;李昆澤;李俊俋,
104/04/13,紅樓101會議室,經濟委員會,無,立法院第8屆第7會期經濟委員會第7次全體委員會議,審查行政院農業委員會函送該會主管財團法人中華民國對外漁業合作發展協會等26家財團法人104年度預算書及相關資料案。（詢答）【詳如議程】（4月13日、15日、16日三天一次會）,林岱樺;黃昭順;陳明文;高志鵬;李慶華;蘇震清;楊瓊瓔;李貴敏;翁重鈞;葉津鈴;丁守中;張嘉郡;鄭汝芬;江啟臣;莊瑞雄;許添財;黃偉哲;周倪安;吳秉叡;劉建國;廖正井;孔文吉;李昆澤;盧秀燕;盧嘉辰;薛凌;江惠貞;陳歐珀;李桐豪;葉宜津;簡東明;呂學樟;吳育仁;黃國書;張慶忠;林滄敏;蔣乃辛;羅淑蕾;蕭美琴;管碧玲;陳亭妃;高金素梅;羅明才;何欣純;賴振昌;楊麗環;王進士;劉櫂豪;林鴻池;林德福;徐志榮;陳怡潔;鄭天財Sra．Kacaw;陳淑慧;廖國棟;陳碧涵;邱文彥,
104/04/13,九樓大禮堂,財政委員會,無,立法院第8屆第7會期財政委員會第6次全體委員會議,審查或處理104年度中央政府總預算案有關金融監督管理委員會主管預算凍結請安排報告案計13案。(4月13日及16日兩天一次會),許添財;吳秉叡;林德福;盧秀燕;賴士葆;薛凌;賴振昌;潘維剛;羅明才;孫大千;費鴻泰;江啟臣;盧嘉辰;黃偉哲;陳歐珀;李桐豪;周倪安;吳育仁;江惠貞;邱文彥;蔣乃辛;黃昭順;呂學樟;簡東明;蘇清泉;李貴敏;葉津鈴;陳亭妃;管碧玲;高金素梅;楊麗環;李應元;王進士;林鴻池;陳怡潔;陳淑慧;楊瓊瓔;廖國棟;曾巨威,
104/04/13,群賢樓801會議室,社會福利及衛生環境委員會,無,立法院第8屆第7會期社會福利及衛生環境委員會第12次全體委員會議,邀請勞動部陳部長雄文、國防部高部長廣圻、衛生福利部蔣部長丙煌、文化部洪部長孟啟、國家通訊傳播委員會石主任委員世豪等就「一、有關近年來國內『聘僱未經許可』之外籍看護工及雇主『指派從事許可外之工作』情況嚴重，請勞動部等就相關查察情形提出專案報告並備質詢；二、如何改善新聞媒體業工時過長問題」列席報告，並備質詢。,劉建國;江惠貞;吳育仁;陳節如;蘇清泉;王育敏;楊曜;鄭汝芬;林鴻池;楊玉欣;趙天麟;尤美女;陳其邁;盧秀燕;王惠美;林淑芬;李貴敏;李昆澤;盧嘉辰;黃偉哲;陳歐珀;李桐豪;周倪安;邱文彥;蔣乃辛;黃昭順;呂學樟;簡東明;薛凌;葉津鈴;江啟臣;陳亭妃;潘維剛;管碧玲;高金素梅;羅明才;楊麗環;賴振昌;王進士;陳怡潔;陳淑慧;楊瓊瓔;廖國棟;林德福;田秋堇;吳秉叡;許添財,
104/04/13,紅樓301會議室,外交及國防委員會,司法及法制委員會,立法院第8屆第7會期外交及國防、司法及法制委員會第1次聯席會議,一、審查行政院函請審議我國擬加入之「聯合國反貪腐公約」案。 二、審查行政院函請審議「聯合國反貪腐公約施行法草案」案。 三、審查本院委員尤美女等19人擬具「聯合國反貪腐公約施行法草案」案。 四、審查本院委員楊曜等18人擬具「聯合國反貪腐公約施行法草案」案。,黃偉哲;江啟臣;蔡煌瑯;林郁方;李桐豪;陳鎮湘;紀國棟;呂學樟;詹凱臣;蔡錦隆;吳宜臻;蔡其昌;陳唐山;蕭美琴;盧嘉辰;尤美女;孔文吉;邱文彥;盧秀燕;許添財;周倪安;劉建國;薛凌;林德福;黃昭順;吳育仁;江惠貞;簡東明;張慶忠;李貴敏;蔣乃辛;陳明文;管碧玲;蘇清泉;陳亭妃;葉津鈴;高金素梅;楊麗環;王進士;賴振昌;陳怡潔;鄭汝芬;劉櫂豪;楊瓊瓔;陳淑慧;陳歐珀;廖國棟;楊應雄,
104/04/13,紅樓201會議室,交通委員會,無,立法院第8屆第7會期交通委員會第7次全體委員會議,（4月13日） 邀請交通部部長陳建宇率同所屬列席就「交通瓶頸路段『陸海空』之改善措施」提出報告，並備質詢。(4月13日及15日二天一次會),李昆澤;陳歐珀;葉宜津;簡東明;羅淑蕾;林國正;管碧玲;楊麗環;李鴻鈞;王進士;劉櫂豪;孫大千;孔文吉;黃國書;黃偉哲;許添財;高金素梅;薛凌;劉建國;李桐豪;盧秀燕;林德福;陳明文;黃昭順;吳育仁;張慶忠;江惠貞;蔣乃辛;邱文彥;李貴敏;蕭美琴;鄭天財Sra．Kacaw;蘇清泉;葉津鈴;陳亭妃;周倪安;蔡錦隆;羅明才;何欣純;賴振昌;盧嘉辰;陳怡潔;鄭汝芬;楊瓊瓔;陳淑慧;廖國棟;吳育昇;陳根德,
104/04/13,紅樓302會議室,司法及法制委員會,無,立法院第8屆第7會期司法及法制委員會第10次全體委員會議,審查劉泓志君等100件請願案。,,
104/04/13,群賢樓101會議室,教育及文化委員會,無,立法院第8屆第7會期教育及文化委員會第7次全體委員會議,一、邀請教育部部長列席報告「教育部公告各級學校配合政府節水措施，如何兼顧學校衛生生活與傳染疾病之防疫需求」，並備質詢。二、邀請教育部部長、衛生福利部部長、法務部部長與內政部警政署署長就「政府如何有效遏止與查緝黑幫入侵校園誘引在校生與中輟生加入幫派，以及青少年於校園及校外生活之毒品吸食和藥物濫用」之防制績效，進行專案報告，並備質詢。(4月13日、4月15日、4月16日3天一次會),陳碧涵;陳淑慧;黃國書;蔣乃辛;陳亭妃;高金素梅;陳雪生;何欣純;許智傑;孔文吉;陳學聖;江啟臣;管碧玲;蔡正元;呂玉玲;王育敏;鄭麗君;鄭汝芬;吳秉叡;黃志雄;周倪安;陳歐珀;江惠貞;吳育仁;邱文彥;盧秀燕;張慶忠;呂學樟;蘇清泉;葉津鈴;潘維剛;簡東明;蕭美琴;李貴敏;陳明文;羅明才;楊麗環;王進士;陳怡潔;賴振昌;許添財;廖國棟;楊瓊瓔;黃偉哲;盧嘉辰;李昆澤;王惠美;林德福,
104/04/13,紅樓202會議室,內政委員會,無,立法院第8屆第7會期內政委員會第10次全體委員會議,審查行政院函請審議「原住民族自治暫行條例草案」案。,盧嘉辰;段宜康;莊瑞雄;孔文吉;陳其邁;邱文彥;鄭天財Sra．Kacaw;陳怡潔;周倪安;簡東明;許添財;高金素梅;黃偉哲;李昆澤;劉建國;李桐豪;薛凌;盧秀燕;林德福;黃國書;葉宜津;吳育仁;陳歐珀;張慶忠;江惠貞;蔣乃辛;羅淑蕾;李貴敏;管碧玲;蕭美琴;蘇清泉;陳亭妃;葉津鈴;陳明文;蔡錦隆;羅明才;楊麗環;王進士;何欣純;賴振昌;劉櫂豪;鄭汝芬;楊瓊瓔;陳淑慧;廖國棟;吳育昇,
104/04/13,紅樓302會議室,司法及法制委員會,經濟委員會,立法院第8屆第7會期司法及法制、經濟委員會第1次聯席會議,一、審查行政院函請審議廢止「行政院公平交易委員會組織條例」案。二、審查行政院函請審議廢止（一）「行政院經濟建設委員會組織條例」、（二）「行政院研究發展考核委員會組織條例」及（三）「檔案管理局組織條例」案。,陳明文;呂學樟;紀國棟;黃昭順;李貴敏;蘇震清;蔡其昌;葉津鈴;吳宜臻;楊瓊瓔;尤美女;王惠美;陳歐珀;孔文吉;李桐豪;盧秀燕;許添財;周倪安;劉建國;薛凌;林德福;吳育仁;江惠貞;簡東明;張慶忠;蔣乃辛;邱文彥;蕭美琴;管碧玲;蘇清泉;蔡錦隆;陳亭妃;高金素梅;楊麗環;王進士;賴振昌;陳怡潔;劉櫂豪;鄭汝芬;廖國棟;黃偉哲;盧嘉辰;張嘉郡;林滄敏,
104/04/14,紅樓201會議室,程序委員會,無,第8屆第7會期程序委員會第8次會議,審定本院第8屆第7會期第8次會議議事日程及處理人民請願案,陳鎮湘;蔡煌瑯;林德福;吳育昇,
104/04/15,紅樓101會議室,經濟委員會,無,立法院第8屆第7會期經濟委員會第7次全體委員會議,繼續審查104年度中央政府總預算案附屬單位預算營業部分關於經濟部主管：台灣糖業股份有限公司。（詢答）（4月13日、15日、16日三天一次會）,邱議瑩;陳明文;黃昭順;廖正井;丁守中;李貴敏;廖國棟;葉津鈴;蘇震清;賴振昌;黃國書;葉宜津;吳育仁;陳歐珀;陳亭妃;陳淑慧;呂玉玲,
104/04/15,群賢樓801會議室,社會福利及衛生環境委員會,無,立法院第8屆第7會期社會福利及衛生環境委員會第13次全體委員會議,邀請衛生福利部蔣部長丙煌、經濟部鄧部長振中、行政院消費者保護處劉處長清芳、行政院食品安全辦公室康主任照洲等就「一、以工業級原料製藥之事件檢討藥品產業及藥品許可證管理機制之漏洞；二、PIC/S和國際管理規範與台灣的比較」列席報告，並備質詢。,吳育仁;劉建國;楊玉欣;陳節如;江惠貞;趙天麟;田秋堇;費鴻泰;楊曜;李昆澤;林淑芬;陳亭妃;李貴敏;王育敏;蘇清泉;呂玉玲;孔文吉;陳淑慧;廖國棟;陳其邁;陳歐珀;賴振昌;徐少萍,
104/04/15,紅樓201會議室,交通委員會,無,立法院第8屆第7會期交通委員會第7次全體委員會議,（4月15日） 邀請交通部部長陳建宇率同所屬列席就「交通部開發機場園區必要性」暨「桃園航空城土地徵收聽證程序」提出報告，並備質詢。(4月13日及15日二天一次會),李昆澤;陳歐珀;陳素月;葉宜津;段宜康;羅淑蕾;李鴻鈞;管碧玲;劉櫂豪;尤美女;賴振昌;李貴敏;廖國棟;陳亭妃;陳淑慧;呂玉玲;田秋堇;陳雪生;陳明文;孫大千;林淑芬,
104/04/15,群賢樓101會議室,教育及文化委員會,無,立法院第8屆第7會期教育及文化委員會第7次全體委員會議,一、併案審查委員姚文智等25人擬具「核子事故緊急應變法第二條及第十三條條文修正草案」、委員陳亭妃等22人擬具「核子事故緊急應變法第十三條及第二十八條條文修正草案」、委員李慶華等20人擬具「核子事故緊急應變法第十三條條文修正草案」案。二、審查委員楊曜等19人擬具「核子損害賠償法第二十四條條文修正草案」案。三、審查委員陳節如等47人擬具「核子反應器設施管制法增訂第六條之一條文草案」案。(4月13日、4月15日、4月16日3天一次會),黃國書;黃志雄;陳亭妃;陳淑慧;呂玉玲;鄭麗君;陳碧涵;田秋堇;何欣純;尤美女;蔣乃辛;蔡正元;吳育仁;廖國棟;李貴敏;王育敏;李昆澤;許添財;孔文吉;陳明文;陳鎮湘;陳歐珀;陳節如,
104/04/16,紅樓302會議室,司法及法制委員會,無,立法院第8屆第7會期司法及法制委員會第11次全體委員會議,處理、審查中華民國104年度中央政府總預算案關於司法院及其所屬預算凍結項目共10案（第10案如經院會復議，則不予審查）。,柯建銘;蔡其昌;呂學樟;王惠美;王廷升;陳淑慧;尤美女;紀國棟;許添財;周倪安;江啟臣;吳宜臻;薛凌;蔣乃辛;蔡錦隆;孔文吉;黃偉哲;蕭美琴;李貴敏;林滄敏;賴振昌,
104/04/16,紅樓101會議室,經濟委員會,無,立法院第8屆第7會期經濟委員會第7次全體委員會議,繼續審查104年度中央政府總預算案附屬單位預算營業部分關於經濟部主管：台灣自來水股份有限公司。（處理）（4月13日、15日、16日三天一次會）,,
104/04/16,九樓大禮堂,財政委員會,無,立法院第8屆第7會期財政委員會第6次全體委員會議,邀請財政部張部長盛和、金融監督管理委員會曾主任委員銘宗、中央銀行彭總裁淮南就「申請加入國際組織亞洲基礎設施投資銀行提出完整方案與評估」進行專案報告，並備質詢。(4月13日及16日兩天一次會),吳秉叡;許添財;林德福;盧秀燕;李應元;賴士葆;薛凌;孫大千;蔡正元;潘維剛;葉宜津;賴振昌;楊應雄;李貴敏;江啟臣;費鴻泰;黃偉哲;羅明才;邱志偉;周倪安;王廷升;陳淑慧;王惠美;蔣乃辛;陳明文;曾巨威,
104/04/16,紅樓201會議室,修憲委員會,無,立法院第8屆修憲委員會公聽會(第3場),討論議題:從建立權責相符之中央政府體制~談我國修憲朝向內閣制之可行性：一、現行雙首長制面臨的缺點與困境。二、內閣制 VS.總統制-如何建構總統、行政、立法間互動與僵局之解決機制。三、恢復立法院閣揆同意權、行政院長副署權及立法委員得兼任官吏，是否可解　　決目前政體之困境，讓施政更具民意？,李應元;尤美女;姚文智;陳唐山;李桐豪,
104/04/16,群賢樓801會議室,社會福利及衛生環境委員會,無,立法院第8屆第7會期社會福利及衛生環境委員會,舉行「空污旗還沒告訴你的事：空氣污染防制法總體檢」公聽會 。,,
104/04/16,群賢樓101會議室,教育及文化委員會,無,立法院第8屆第7會期教育及文化委員會第7次全體委員會議,邀請科技部部長、經濟部部長、台灣自來水股份有限公司董事長就「目前全國各科學園區及工業區面臨水情吃緊對產業之衝擊及因應措施」，提出專案報告，並備質詢。(4月13日、4月15日、4月16日3天一次會),陳碧涵;許智傑;蔣乃辛;賴振昌;陳淑慧;孔文吉;陳亭妃;陳學聖;鄭麗君;邱志偉;許添財;吳育仁;黃志雄;薛凌;李貴敏;江啟臣;黃偉哲;吳秉叡;周倪安;盧秀燕;林德福,
104/04/16,紅樓301會議室,外交及國防委員會,無,立法院第8屆第7會期外交及國防委員會第10次全體委員會議,審查外交部主管「財團法人國際合作發展基金會、財團法人臺灣民主基金會及財團法人太平洋經濟合作理事會中華民國委員會」104年度預算書案。,楊應雄;蔡煌瑯;林郁方;陳鎮湘;江啟臣;黃偉哲;邱志偉;蔡錦隆;蕭美琴;陳唐山;詹凱臣;李貴敏;蔡其昌;賴振昌;王惠美;薛凌;蔣乃辛;孔文吉;周倪安;許添財;陳淑慧,
104/04/20,紅樓301會議室,外交及國防委員會,無,立法院第8屆第7會期外交及國防委員會第11次全體委員會議,處理院會交付國防部104年度中央政府總預算決議凍結案等22案。【4月20日、22日二天一次會】,蕭美琴;楊應雄;林郁方;李桐豪;黃偉哲;蔡煌瑯;陳鎮湘;江啟臣;陳唐山;蔡錦隆;邱志偉;詹凱臣;盧嘉辰;周倪安;黃昭順;管碧玲;馬文君;鄭天財Sra．Kacaw;林德福;張慶忠;呂學樟;李貴敏;蔣乃辛;邱文彥;盧秀燕;蘇清泉;葉津鈴;楊瓊瓔;賴振昌;陳亭妃;鄭汝芬;陳怡潔;高金素梅;陳淑慧;許添財,
104/04/20,紅樓202會議室,內政委員會,無,立法院第8屆第7會期內政委員會第11次全體委員會議,邀請行政院大陸委員會主任委員夏立言、財政部部長張盛和、外交部部長林永樂、中央銀行、經濟部、金融監督管理委員會、國家發展委員會、行政院公共工程委員會就「我國申請加入亞洲基礎設施投資銀行（亞投行）創始會員國遭拒始末與相關事宜」提出專案報告，並備質詢。,盧嘉辰;段宜康;莊瑞雄;陳其邁;鄭天財Sra．Kacaw;張慶忠;李俊俋;周倪安;陳淑慧;陳怡潔;姚文智;管碧玲;黃昭順;黃偉哲;楊應雄;李桐豪;陳明文;林德福;蕭美琴;盧秀燕;江啟臣;吳育仁;呂學樟;蔣乃辛;李貴敏;許添財;邱志偉;蘇清泉;葉津鈴;楊瓊瓔;賴振昌;陳亭妃;何欣純;鄭汝芬;高金素梅;羅明才;邱文彥;吳育昇;尤美女;劉櫂豪;姚文智,
104/04/20,九樓大禮堂,修憲委員會,無,立法院第8屆修憲委員會公聽會(第4場),討論議題：一、從擴大人民政治參與，談人民行使公民權之相關問題：1.修憲降低投票年齡及不在籍投票入憲之必要性與可行性。2.多元民意V.S.議事效率-談降低不分區立法委員政黨分配門檻之可行性。二、從深化政府再造精神擴大「政府瘦身」，談減少大法官、考試委員及監察委員人數與其任期採交錯制之良窳。,丁守中;陳亭妃;吳育昇;林德福;李俊俋;尤美女;趙天麟;姚文智,
104/04/20,群賢樓101會議室,教育及文化委員會,無,立法院第8屆第7會期教育及文化委員會第8次全體委員會議,邀請文化部部長就「五大文化創意產業園區之文創扶植與培育暨促進民間參與之執行成效」，提出專案報告，並備質詢。(4月20日、4月22日2天一次會),陳碧涵;蔣乃辛;許智傑;賴振昌;陳亭妃;何欣純;高金素梅;陳學聖;黃志雄;陳淑慧;黃國書;許添財;鄭麗君;林德福;邱志偉;楊應雄;管碧玲;黃昭順;周倪安;盧嘉辰;蕭美琴;李桐豪;鄭天財Sra．Kacaw;吳育仁;江啟臣;邱文彥;呂學樟;孫大千;潘維剛;吳秉叡;葉津鈴;蘇清泉;李貴敏;楊瓊瓔;劉建國;鄭汝芬;陳怡潔;羅明才;廖國棟;盧秀燕;黃偉哲,
104/04/20,群賢樓801會議室,社會福利及衛生環境委員會,無,立法院第8屆第7會期社會福利及衛生環境委員會第14次全體委員會,邀請衛生福利部蔣部長丙煌就「藥品主成分及賦形劑之原料應如何依藥事法、中華藥典規範及相關法規管理」列席報告，並備質詢。,劉建國;吳育仁;陳節如;蘇清泉;江惠貞;林鴻池;鄭汝芬;王育敏;林淑芬;徐少萍;田秋堇;楊曜;趙天麟;林德福;盧秀燕;盧嘉辰;周倪安;黃偉哲;楊應雄;李桐豪;黃昭順;鄭天財Sra．Kacaw;張慶忠;江啟臣;蔣乃辛;呂學樟;邱文彥;潘維剛;李貴敏;葉津鈴;楊瓊瓔;管碧玲;邱志偉;賴振昌;陳亭妃;何欣純;高金素梅;陳怡潔;羅明才;陳淑慧;廖國棟;楊玉欣;許添財;吳秉叡,
104/04/20,紅樓302會議室,司法及法制委員會,無,立法院第8屆第7會期司法及法制委員會,「行政法院組織法部分條文修正草案-台灣應成立專責財稅法院」公聽會,,
104/04/20,紅樓101會議室,經濟委員會,無,立法院第8屆第7會期經濟委員會第8次全體委員會議,一、審查行政院函送財團法人工業技術研究院104年度預算書及附冊案。二、審查行政院函送財團法人中華經濟研究院104年度預算書案。三、審查經濟部函送該部主管中國生產力中心等18家財團法人104年度預算書及相關資料案。（詢答）（4月20日、23日二天一次會）,陳明文;黃昭順;李慶華;廖正井;丁守中;高志鵬;楊瓊瓔;葉津鈴;蘇震清;李貴敏;張嘉郡;邱議瑩;許添財;莊瑞雄;廖國棟;吳秉叡;黃偉哲;鄭天財Sra．Kacaw;陳碧涵;劉建國;林德福;蕭美琴;周倪安;盧嘉辰;張慶忠;江啟臣;盧秀燕;李桐豪;呂學樟;吳育仁;邱文彥;蔣乃辛;蘇清泉;管碧玲;邱志偉;賴振昌;何欣純;鄭汝芬;陳怡潔;高金素梅;羅明才;田秋堇;楊應雄;陳淑慧;林滄敏;翁重鈞,
104/04/20,九樓大禮堂,財政委員會,無,立法院第8屆第7會期財政委員會第7次全體委員會議,一、邀請財政部張部長盛和就「中央政府債務改善計畫落實執行情形」進行專案報告，並備質詢。二、邀請行政院主計總處石主計長素梅、財政部張部長盛和、國家發展委員會杜主任委員紫軍就「預算法第二十八條所定籌劃擬編105年度概算之作業情形」專題報告，並備質詢；另請審計部列席備詢。(4月20日、22日及23日三天一次會),吳秉叡;許添財;林德福;盧秀燕;費鴻泰;賴士葆;潘維剛;李應元;孫大千;曾巨威;徐欣瑩;鄭天財Sra．Kacaw;高金素梅;羅明才;楊應雄;黃昭順;周倪安;吳育仁;江啟臣;張慶忠;蔣乃辛;呂學樟;邱文彥;李貴敏;葉津鈴;蘇清泉;楊瓊瓔;邱志偉;管碧玲;賴振昌;陳亭妃;何欣純;鄭汝芬;李桐豪;陳怡潔;陳淑慧;廖國棟;黃偉哲;林滄敏;盧嘉辰;薛凌,
104/04/21,紅樓201會議室,程序委員會,無,第8屆第7會期程序委員會第9次會議,審定本院第8屆第7會期第9次會議議事日程及處理人民請願案,林德福;周倪安,
104/04/22,紅樓301會議室,外交及國防委員會,無,立法院第8屆第7會期外交及國防委員會第11次全體委員會議,處理院會交付國防部104年度中央政府總預算決議凍結案等22案。【4月20日、22日二天一次會】,,
104/04/22,九樓大禮堂,財政委員會,無,立法院第8屆第7會期財政委員會第7次全體委員會議,一、審查或處理104年度中央政府總預算案有關財政部主管預算凍結請安排報告案計31案。二、審查或處理104年度中央政府總預算案有關審計部主管預算凍結請安排報告案計8案。(4月20日、22日及23日三天一次會),許添財;吳秉叡;林德福;孫大千;賴士葆;盧秀燕;李應元;費鴻泰;潘維剛;呂玉玲;李桐豪;孔文吉;陳歐珀;賴振昌;吳育仁;楊麗環;李貴敏;周倪安;蔣乃辛;劉櫂豪;邱文彥;廖國棟;陳亭妃;鄭汝芬;邱志偉;曾巨威;何欣純;羅明才,
104/04/22,紅樓202會議室,內政委員會,無,立法院第8屆第7會期內政委員會第12次全體委員會議,一、繼續併案審查 （一）本院委員陳唐山等16人擬具「公民投票法修正草案」案。 （二）本院委員陳歐珀等19人擬具「公民投票法部分條文修正草案」案。 （三）本院委員潘孟安等19人擬具「公民投票法部分條文修正草案」案。 （四）本院委員李應元等19人擬具「公民投票法部分條文修正草案」案。 （五）本院親民黨黨團擬具「公民投票法第七條條文修正草案」案。 （六）本院委員吳秉叡等21人擬具「公民投票法第三十條條文修正草案」案。 二、繼續審查本院台灣團結聯盟黨團擬具「公民投票法第七條條文修正草案」案。 三、繼續審查行政院函請審議「公民投票法部分條文修正草案」案。 四、審查本院委員陳亭妃等21人擬具「公民投票法部分條文修正草案」案。,,
104/04/22,群賢樓801會議室,社會福利及衛生環境委員會,無,立法院第8屆第7會期社會福利及衛生環境委員會第15次全體委員會議,(4月22日)一、邀請勞動部陳部長雄文、衛生福利部、行政院環境保護署等就「以RCA案檢視我國職業安全衛生、職業醫學、環境保護的政策成效」列席報告，並備質詢。 二、審查（一）委員楊玉欣等25人擬具「就業服務法第五十二條條文修正草案」、（二）委員江惠貞等19人擬具「就業服務法第五十二條條文修正草案」、（三）委員蔣乃辛等24人擬具「就業服務法第五十二條條文修正草案」等3案。,江惠貞;楊玉欣;林鴻池;劉建國;吳育仁;陳節如;蘇清泉;田秋堇;楊曜;王育敏;林淑芬;鄭汝芬;尤美女;趙天麟;盧秀燕;徐少萍;周倪安;蔣乃辛;劉櫂豪;邱文彥;廖國棟;陳亭妃;孔文吉;邱志偉;呂玉玲;潘維剛;何欣純;羅明才;呂學樟;李昆澤;李貴敏;林德福;陳歐珀;李桐豪;吳秉叡;賴振昌;楊麗環,
104/04/22,紅樓302會議室,司法及法制委員會,無,立法院第8屆第7會期司法及法制委員會第12次全體委員會議,繼續併案審查（一）司法院函請審議「法律扶助法修正草案」、（二）委員潘孟安等17人擬具「法律扶助法第十六條條文修正草案」、（三）委員趙天麟等29人擬具「法律扶助法第三條及第十四條條文修正草案」、（四）委員潘孟安等21人擬具「法律扶助法第十六條條文修正草案」、（五）委員蔣乃辛等25人擬具「法律扶助法第三條及第十四條條文修正草案」、（六）委員李昆澤等22人擬具「法律扶助法第十四條條文修正草案」、（七）委員尤美女等29人擬具「法律扶助法部分條文修正草案」、（八）委員楊玉欣等29人擬具「法律扶助法第三條及第十四條條文修正草案」、（九）委員楊曜等19人擬具「法律扶助法第三條條文修正草案」、（十）委員陳其邁等18人擬具「法律扶助法修正第三條、第十四條及增訂第二十三條之一條文草案」及（十一）本院台灣團結聯盟黨團擬具「法律扶助法第三條及第十四條條文修正草案」案。,呂學樟;吳宜臻;紀國棟;尤美女;柯建銘;蔡其昌;楊麗環;賴振昌;李桐豪;李貴敏;陳碧涵;周倪安;劉櫂豪;蔣乃辛;管碧玲;邱文彥;陳亭妃;廖國棟;鄭汝芬;潘維剛;呂玉玲;顏寬恒;陳歐珀,
104/04/22,群賢樓101會議室,教育及文化委員會,無,立法院第8屆第7會期教育及文化委員會第8次全體委員會議,邀請國立故宮博物院院長就「近六年來，國立故宮博物院之文物與影像檔等智慧財產權之不當授權，與遭直接與間接性侵權與盜印販賣情形及具體因應措施之總檢討」，提出專案報告，並備質詢。(4月20日、4月22日2天一次會),孔文吉;許智傑;何欣純;陳碧涵;黃國書;黃志雄;蔣乃辛;陳亭妃;鄭麗君;呂玉玲;段宜康;陳淑慧;賴振昌;吳秉叡;李桐豪;林德福;李昆澤;陳歐珀;吳育仁;楊麗環;李貴敏;周倪安;邱文彥;劉櫂豪;廖國棟;鄭汝芬;管碧玲;邱志偉;盧秀燕;呂學樟;陳明文,
104/04/22,紅樓201會議室,交通委員會,無,立法院第8屆第7會期交通委員會第8次全體委員會議,處理103年度中央政府總預算案有關交通部主管附屬單位預算營業及非營業部分、103及104年度中央政府總預算案有關交通部及所屬單位預算、104年度財團法人中華顧問工程司預算動支計25案。(報告詢答及處理)(4月22日及23日二天一次會),陳歐珀;段宜康;陳根德;楊麗環;葉宜津;劉櫂豪;羅淑蕾;陳素月;管碧玲;李昆澤;孔文吉;高金素梅;陳碧涵;周倪安;賴振昌;李鴻鈞;林國正;孫大千;邱文彥;陳亭妃;廖國棟;邱志偉;鄭汝芬;潘維剛;呂玉玲;呂學樟;陳淑慧;羅明才;李貴敏;蘇清泉;蔣乃辛;李桐豪,
104/04/23,紅樓101會議室,經濟委員會,無,立法院第8屆第7會期經濟委員會第8次全體委員會議,一、審查行政院函請審議「企業併購法修正草案」案。二、審查本院委員廖正井等24人擬具「企業併購法增訂第二十七條之一及第二十七條之二條文草案」案。三、審查本院委員吳育仁等16人擬具「企業併購法第二條及第十七條條文修正草案」案。四、審查本院委員孫大千等19人擬具「企業併購法增訂第二十七條之一條文草案」案。五、繼續審查行政院函請審議「水土保持法部分條文修正草案」案。六、繼續審查本院委員蘇震清等21人擬具「水土保持法第十九條條文修正草案」案。（4月20日、23日二天一次會）,廖正井;邱議瑩;黃昭順;潘維剛;李貴敏;陳明文;高志鵬;葉津鈴;廖國棟;蘇震清;張嘉郡;吳育仁;孔文吉;李桐豪;黃偉哲;邱文彥;周倪安;鄭汝芬;賴振昌;陳碧涵;鄭天財Sra．Kacaw;羅明才;林淑芬;林滄敏;翁重鈞;楊瓊瓔,
104/04/23,紅樓201會議室,交通委員會,無,立法院第8屆第7會期交通委員會第8次全體委員會議,處理103年度中央政府總預算案有關交通部主管附屬單位預算營業及非營業部分、103及104年度中央政府總預算案有關交通部及所屬單位預算、104年度財團法人中華顧問工程司預算動支計25案。(報告詢答及處理)(4月22日及23日二天一次會),,
104/04/23,群賢樓101會議室,教育及文化委員會,無,「核子反應器設施管制法增訂第六條之一條文草案」修法公聽會,「核子反應器設施管制法增訂第六條之一條文草案」修法公聽會,,
104/04/23,紅樓202會議室,內政委員會,無,立法院第8屆第7會期內政委員會第13次全體委員會議,邀請行政院大陸委員會主任委員夏立言、行政院海岸巡防署署長王崇儀、法務部部長羅瑩雪、經濟部部長鄧振中、內政部營建署署長許文龍、行政院農業委員會漁業署署長蔡日耀就「海峽兩岸共同打擊犯罪及司法互助協議執行情形檢討暨中國船舶於我國海域越界捕漁、違法抽砂甚至回銷台灣問題對國土保安、漁業資源之影響與解決方案」提出專題報告，並備質詢。,段宜康;盧嘉辰;莊瑞雄;鄭天財Sra．Kacaw;李俊俋;陳怡潔;周倪安;陳其邁;徐志榮;趙天麟;孔文吉;李桐豪;黃偉哲;李貴敏;姚文智;鄭汝芬;賴振昌;陳碧涵;邱文彥;張慶忠;吳育昇;姚文智,
104/04/23,九樓大禮堂,修憲委員會,無,立法院第8屆修憲委員會公聽會(第5場),討論議題:(一)憲政體制總體檢，我國現行五權分立改採三權分立之探討？(二)我國在修憲凍省後，省府組織名存實亡，針對省府組織存廢之檢討。(三)權責相符之憲政體制如何建立，內閣制、總統制或雙首長制如何選擇，以及憲政體制變革所面臨之問題？,吳秉叡;江惠貞;趙天麟;尤美女;李應元;林滄敏;李貴敏,
104/04/23,群賢樓801會議室,社會福利及衛生環境委員會,無,立法院第8屆第7會期社會福利及衛生環境委員會第15次全體委員會議, （4月23日） 三、邀請衛生福利部蔣部長丙煌、行政院環境保護署魏署長國彥、交通部中央氣象局辛局長在勤等就「乾旱等氣候變遷對人類所帶來的疾病及健康威脅」列席報告，並備質詢。 四、處理中華民國104年度中央政府總預算有關衛生福利部主管預算解凍案38案。,王育敏;陳節如;楊曜;鄭汝芬;林鴻池;江惠貞;趙天麟;蘇清泉;林淑芬;孔文吉;李桐豪;邱文彥;劉建國;李貴敏;周倪安;陳明文;賴振昌;吳育仁;陳怡潔;林滄敏;黃偉哲;田秋堇,
104/04/23,九樓大禮堂,財政委員會,無,立法院第8屆第7會期財政委員會第7次全體委員會議,一、繼續審查或處理104年度中央政府總預算案有關財政部主管預算凍結請安排報告案計31案。二、繼續審查或處理104年度中央政府總預算案有關審計部主管預算凍結請安排報告案計8案。(4月20日、22日及23日三天一次會),,
104/04/23,紅樓302會議室,司法及法制委員會,無,立法院第8屆第7會期司法及法制委員會,「破產法條文修正草案-縣市政府財政惡化，是否應將地方自治機關等公法人納入」公聽會,尤美女;呂學樟,
104/04/27,紅樓301會議室,外交及國防委員會,經濟委員會、財政委員會,立法院第8屆第7會期外交及國防、經濟、財政委員會第1次聯席會議,審查行政院函請審議世界貿易組織（WTO）總理事會通過「修訂馬拉喀什設立世界貿易組織協定議定書」，將「貿易便捷化協定」納入WTO協定案。,黃偉哲;蔡煌瑯;許添財;林郁方;吳秉叡;陳鎮湘;李桐豪;江啟臣;盧秀燕;丁守中;薛凌;蕭美琴;蔡錦隆;詹凱臣;李應元;陳唐山;李貴敏;陳碧涵;盧嘉辰;孔文吉;周倪安;鄭天財Sra．Kacaw;賴振昌;呂學樟;張慶忠;黃國書;邱文彥;陳亭妃;蔡其昌;蔣乃辛;何欣純;陳怡潔;陳淑慧;林德福;邱志偉;楊應雄;馬文君,
104/04/27,紅樓202會議室,內政委員會,無,立法院第8屆第7會期內政委員會第14次全體委員會議,一、審查行政院函請審議「地籍清理條例部分條文修正草案」案。二、審查本院委員王惠美等21人擬具「地籍清理條例部分條文修正草案」案。三、審查本院委員黃志雄等16人擬具「地籍清理條例第十四條、第十五條及第三十一條條文修正草案」案。四、審查本院委員呂學樟等24人擬具「地籍清理條例第十九條條文修正草案」案。五、審查請願文書12案。,盧嘉辰;段宜康;莊瑞雄;邱文彥;鄭天財Sra．Kacaw;李俊俋;周倪安;許添財;陳怡潔;黃偉哲;林德福;孔文吉;張慶忠;盧秀燕;賴振昌;李桐豪;呂學樟;薛凌;李貴敏;蕭美琴;陳亭妃;羅明才;蔣乃辛;何欣純;黃志雄;陳淑慧;江啟臣;邱志偉;陳其邁;吳育昇;李桐豪;張慶忠,
104/04/27,群賢樓101會議室,教育及文化委員會,無,立法院第8屆第7會期教育及文化委員會第9次全體委員會議,繼續併案審查行政院函請審議「電影法修正草案」、委員管碧玲等23人擬具「電影法修正草案」、委員陳亭妃等17人擬具「電影法第十條、第十三條及第十六條條文修正草案」、委員薛凌等21人擬具「電影法部分條文修正草案」案。(報告及詢答結束)(4月27日、4月29日2天一次會),,
104/04/27,紅樓302會議室,司法及法制委員會,教育及文化委員會,立法院第8屆第7會期司法及法制、教育及文化委員會第1次聯席會議,一、審查行政院函請審議廢止（一）「行政院文化建設委員會組織條例」、（二）「國立歷史博物館組織條例」、（三）「國立中正紀念堂管理處組織條例」及（四）「國立國父紀念館組織條例」案。二、審查行政院函請審議廢止「國立中正文化中心設置條例」案。三、審查行政院函請審議廢止（一）「行政院國家科學委員會組織條例」、（二）「科學工業園區管理局組織條例」、（三）「行政院國家科學委員會中部科學工業園區管理局組織法」及（四）「南部科學工業園區管理局組織條例」案。四、審查行政院函請審議「學校法人及其所屬私立學校教職員退休撫卹離職資遣條例第三十九條條文修正草案」案。五、併案審查（一）行政院函請審議「教師待遇條例草案」、（二）委員黃昭順等29人擬具「教師待遇條例草案」、（三）委員黃志雄等16人 擬具「教師待遇條例草案」及（四）委員陳淑慧等27人擬具「教師待遇條例草案」案。(4月27日及29日兩天一次會),陳碧涵;孔文吉;呂學樟;賴振昌;黃國書;蔡其昌;許智傑;陳亭妃;蔣乃辛;王惠美;黃志雄;陳淑慧;薛凌;周倪安;許添財;盧秀燕;林德福;李桐豪;吳宜臻;鄭天財Sra．Kacaw;張慶忠;何欣純;尤美女;李貴敏;蔡錦隆;邱文彥;陳怡潔;蕭美琴;盧嘉辰;黃昭順;鄭麗君;邱志偉;林滄敏;黃偉哲,
104/04/27,九樓大禮堂,財政委員會,無,立法院第8屆第7會期財政委員會第8次全體委員會議,邀請財政部張部長盛和、金融監督管理委員會曾主任委員銘宗就「上市櫃企業與台商海外未分配保留盈餘之情形與應有之對策」提出專題報告，並備質詢。,許添財;吳秉叡;林德福;盧秀燕;賴士葆;薛凌;孫大千;費鴻泰;羅明才;潘維剛;李應元;賴振昌;曾巨威;黃偉哲;李桐豪;周倪安;呂學樟;李貴敏;邱文彥;陳亭妃;蔣乃辛;陳怡潔;陳淑慧;江啟臣;盧嘉辰,
104/04/27,九樓大禮堂,修憲委員會,無,立法院第8屆修憲委員會公聽會(第6場),討論議題：(一)國會制度與憲政規範：選舉制度對國會制度之形塑，區域及不分區立法委員選舉之制度設計，如何落實票票等值原則，國會改革與國會制度及政治制度之憲政改革方向。(二)政黨為民主政治制度中之重要組成，如何確保政黨公平競爭？以及政黨入憲之規範範圍。,李應元;吳育昇;賴振昌;尤美女;陳其邁;張嘉郡,
104/04/28,紅樓201會議室,程序委員會,無,第8屆第7會期程序委員會第10次會議,審定本院第8屆第7會期第10次會議議事日程及處理人民請願案,尤美女;林德福;田秋堇;李貴敏;田秋堇,
104/04/29,紅樓101會議室,經濟委員會,無,立法院第8屆第7會期經濟委員會第9次全體委員會議,一、邀請國家發展委員會主任委員、行政院農業委員會主任委員、經濟部部長、內政部部長針對「如何具體協助嘉義、雲林發展農業特區及促進地方永續發展」提出專案報告，並備質詢。二、繼續審查本院委員陳明文等23人擬具「雲嘉農業特區發展條例草案」案。（逐條審查）（4月29日、30日二天一次會） ,李慶華;廖正井;李貴敏;邱議瑩;黃昭順;蘇震清;丁守中;張嘉郡;陳明文;楊瓊瓔;葉津鈴;廖國棟;陳亭妃;劉建國;翁重鈞;孔文吉;李俊俋;邱文彥;江惠貞;周倪安;李昆澤;賴振昌;管碧玲;陳雪生;何欣純;陳淑慧;呂玉玲;陳歐珀;鄭天財Sra．Kacaw;吳育仁;楊麗環;陳碧涵;葉宜津;鄭汝芬,
104/04/29,群賢樓101會議室,教育及文化委員會,無,立法院第8屆第7會期教育及文化委員會第9次全體委員會議,一、審查104年度行政院主管「行政院國家科學技術發展基金附屬單位預算」。(詢答及處理)二、審查104年度科技部主管「科學工業園區管理局作業基金附屬單位預算」。(詢答及處理)三、處理科技部104年度預算凍結項目須經報告後始得動支案5案。（如經院會復議，則不予處理）(4月27日、4月29日2天一次會),陳碧涵;許智傑;孔文吉;蔣乃辛;黃志雄;陳亭妃;陳淑慧;鄭麗君;何欣純;呂玉玲;賴振昌;陳歐珀;李昆澤;楊玉欣;鄭天財Sra．Kacaw;李貴敏;周倪安;邱文彥;江惠貞;劉建國;葉津鈴;管碧玲;張慶忠;楊瓊瓔;陳學聖;楊麗環,
104/04/29,紅樓201會議室,交通委員會,內政委員會,立法院第8屆第7會期交通、內政委員會第1次聯席會議,審查交通部函為修正「臺灣地區與大陸地區海運直航許可管理辦法」部分條文案。,李昆澤;段宜康;陳歐珀;莊瑞雄;葉宜津;管碧玲;陳素月;羅淑蕾;周倪安;張慶忠;楊麗環;李俊俋;林國正;陳其邁;陳雪生;李鴻鈞;孔文吉;邱文彥;陳亭妃;葉津鈴;賴振昌;劉櫂豪;楊瓊瓔;呂玉玲;姚文智;鄭天財Sra．Kacaw;王進士;李貴敏;盧嘉辰;何欣純;陳超明;吳育昇;蔣乃辛,
104/04/29,紅樓302會議室,司法及法制委員會,教育及文化委員會,立法院第8屆第7會期司法及法制、教育及文化委員會第1次聯席會議,一、審查行政院函請審議廢止（一）「行政院文化建設委員會組織條例」、（二）「國立歷史博物館組織條例」、（三）「國立中正紀念堂管理處組織條例」及（四）「國立國父紀念館組織條例」案。二、審查行政院函請審議廢止「國立中正文化中心設置條例」案。三、審查行政院函請審議廢止（一）「行政院國家科學委員會組織條例」、（二）「科學工業園區管理局組織條例」、（三）「行政院國家科學委員會中部科學工業園區管理局組織法」及（四）「南部科學工業園區管理局組織條例」案。四、審查行政院函請審議「學校法人及其所屬私立學校教職員退休撫卹離職資遣條例第三十九條條文修正草案」案。五、併案審查（一）行政院函請審議「教師待遇條例草案」、（二）委員黃昭順等29人擬具「教師待遇條例草案」、（三）委員黃志雄等16人 擬具「教師待遇條例草案」及（四）委員陳淑慧等27人擬具「教師待遇條例草案」案。(4月27日及29日兩天一次會),,
104/04/29,群賢樓801會議室,社會福利及衛生環境委員會,無,立法院第8屆第7會期社會福利及衛生環境委員會第16次全體委員會議,（一）邀請衛生福利部蔣部長丙煌就「下一階段失智症照護計畫及政策綱領」列席報告，並備質詢。（二）邀請衛生福利部蔣部長丙煌、勞動部陳部長雄文、交通部陳部長建宇、教育部吳部長思華、內政部警政署陳署長國恩等就「失智症防治照護政策綱領暨行動方案之各行動方案辦理情形進行進度報告」列席報告，並備質詢。,陳節如;楊玉欣;劉建國;王育敏;趙天麟;蘇清泉;周倪安;楊曜;田秋堇;江惠貞;林鴻池;鄭汝芬;吳育仁;蔣乃辛;葉津鈴;管碧玲;陳亭妃;賴振昌;張慶忠;楊瓊瓔;呂玉玲;徐少萍;邱文彥;楊麗環;李貴敏;林淑芬;李昆澤;陳歐珀;孔文吉,
104/04/29,紅樓202會議室,內政委員會,無,立法院第8屆第7會期內政委員會, 「行政院函請審議『臺灣地區與大陸地區訂定協議處理及監督條例草案』、本院委員鄭麗君等25人擬具『臺灣與中國簽署條約及協議處理條例草案』、本院委員姚文智等21人擬具『臺灣與中國締結協議處理條例草案』、本院民進黨黨團擬具『臺灣與中國締結協議處理條例草案』、本院委員尤美女等42人擬具『兩岸協定締結條例草案』、本院委員李應元等16人擬具『兩岸協議監督條例草案』案、本院台灣團結聯盟黨團擬具『臺灣與中國締結協議處理條例草案』案、本院委員江啟臣等19人擬具『臺灣地區與大陸地區協議簽署監督條例草案』案」公聽會。,,
104/04/30,紅樓202會議室,內政委員會,無,立法院第8屆第7會期內政委員會第15次全體委員會議,一、處理104年度中央政府總預算有關行政院預算凍結項目報告案計7案。 二、處理104年度中央政府總預算有關行政院海岸巡防署及所屬預算凍結項目報告案計3案。,段宜康;盧嘉辰;莊瑞雄;鄭天財Sra．Kacaw;李俊俋;邱文彥;周倪安;陳怡潔;孔文吉;李昆澤;黃偉哲;陳歐珀;江啟臣;李桐豪;王進士;廖國棟;蕭美琴;楊麗環;吳育仁;管碧玲;葉宜津;賴振昌;羅淑蕾;李貴敏;蘇清泉;陳碧涵;羅明才;張慶忠;簡東明;陳其邁;陳明文;姚文智;吳育昇,
104/04/30,九樓大禮堂,財政委員會,無,立法院第8屆第7會期財政委員會第1次公聽會,召開廢止「期貨交易稅條例」之影響公聽會－亞洲各地股市屢創新高，台灣應如何推動資本市場改革與世界接軌。,,
104/04/30,紅樓201會議室,交通委員會,無,立法院第8屆第7會期交通委員會第9次全體委員會議,一、邀請國家通訊傳播委員會主任委員石世豪列席就「促進區域均衡發展，解決偏鄉數位落差」提出報告，並備質詢。 二、審查人民請願案11案。,李昆澤;陳歐珀;陳素月;楊麗環;管碧玲;葉宜津;羅淑蕾;簡東明;李鴻鈞;孔文吉;劉櫂豪;蕭美琴;廖國棟;李桐豪;鄭天財Sra．Kacaw;周倪安;江啟臣;黃偉哲;吳育仁;賴振昌;邱文彥;李貴敏;蘇清泉;陳碧涵;羅明才;陳怡潔;張慶忠;盧嘉辰;王進士,
104/04/30,群賢樓802會議室,修憲委員會,無,立法院第8屆修憲委員會公聽會(第7場),討論議題：一、從民主國家應有之「權責相符」憲政架構，看我國第七次修憲後產生之憲政困境，兼談我國總統職權、定位及與五院之互動關係。二、從閣揆同意權與解散國會權之制衡關係出發，談內閣制展現民意之功能性及實踐性。三、從歷次修憲、國會選制變革談我國立法委員之角色定位，並論立法委員得兼任閣員對我國民主發展之意義。四、從開放及保障人民參政權談修憲降低選舉權年齡至十八歲、確立不在籍投票制度之必要。,李貴敏;丁守中;李昆澤;姚文智;尤美女;李應元;周倪安;林滄敏,
104/04/30,紅樓302會議室,司法及法制委員會,無,立法院第8屆第7會期司法及法制委員會第13次全體委員會議,一、處理、審查中華民國104年度中央政府總預算案關於法務部及所屬預算凍結項目共9案。二、審查法務部函，為104年度中央政府總預算決議，檢送針對主管財團法人設置任務已達成，或設立目的已不復存在，或已無營運實益、績效不彰、性質或業務相近者，提出具體退場或整併計畫及時程之報告，請查照案。三、審查行政院函請審議廢止「法務部司法官訓練所組織條例」案。四、審查委員賴士葆等16人擬具「民法刪除第一百六十六條之一條文草案」案。五、審查委員賴士葆等17人擬具「民法債編施行法第三十六條條文修正草案」案。六、審查委員賴士葆等17人擬具「民法總則編第十條條文修正草案」案。七、審查委員賴士葆等17人擬具「民法總則施行法第十九條條文修正草案」案。,王廷升;呂學樟;尤美女;鄭天財Sra．Kacaw;王惠美;吳宜臻;段宜康;孔文吉;林滄敏;李桐豪;紀國棟;周倪安;蔡其昌;楊麗環;吳育仁;賴振昌;管碧玲;李貴敏;邱文彥;陳歐珀;蔡錦隆;蘇清泉;陳怡潔;簡東明;陳明文;黃偉哲;蕭美琴;江啟臣,
104/04/30,紅樓101會議室,經濟委員會,無,立法院第8屆第7會期經濟委員會第9次全體委員會議,繼續審查104年度中央政府總預算案附屬單位預算營業部分關於經濟部主管：台灣糖業股份有限公司。（處理）（4月29日、30日二天一次會）,,
104/04/30,群賢樓801會議室,社會福利及衛生環境委員會,無,立法院第8屆第7會期社會福利及衛生環境委員會第17次全體委員會議,繼續審查（一）委員徐少萍等22人擬具「勞動基準法第三十條條文修正草案」、（二）委員吳育仁等27人擬具「勞動基準法第三十條條文修正草案」、（三）委員李俊俋等21人擬具「勞動基準法第三十條及第三十六條條文修正草案」、（四）台灣團結聯盟黨團擬具「勞動基準法第三十條及第八十六條條文修正草案」、（五）委員高志鵬等22人擬具「勞動基準法第三十條、第三十六條及第三十九條條文修正草案」、（六）委員江惠貞等22人擬具「勞動基準法第三十條條文修正草案」、（七）委員王育敏等20人擬具「勞動基準法第三十條條文修正草案」、（八）委員李慶華等18人擬具「勞動基準法第三十條條文修正草案」、（九）委員江惠貞等20人擬具「勞動基準法第三十條及第七十九條條文修正草案」、（十）委員蔡錦隆等30人擬具「勞動基準法第三十條條文修正草案」、（十一）委員劉建國等19人擬具「勞動基準法第四條、第三十條及第七十九條條文修正草案」、（十二）委員趙天麟等16人擬具「勞動基準法第四條及第三十條條文修正草案」等12案。,,
104/04/30,紅樓301會議室,外交及國防委員會,無,立法院第8屆第7會期外交及國防委員會第12次全體委員會議,一、邀請國軍退除役官兵輔導委員會主任委員董翔龍報告「如何提升國軍退除役官兵輔導委員會所屬事業單位之營運效能」，並備質詢。 二、審查及處理院會交付國軍退除役官兵輔導委員會104年度中央政府總預算決議凍結案等9案。,黃偉哲;蔡煌瑯;李桐豪;陳鎮湘;林郁方;蕭美琴;江啟臣;蔡錦隆;陳歐珀;孔文吉;鄭天財Sra．Kacaw;周倪安;廖國棟;楊麗環;賴振昌;吳育仁;管碧玲;李貴敏;邱文彥;王廷升;蘇清泉;陳怡潔;簡東明;呂學樟;陳唐山;陳明文,
104/05/04,紅樓202會議室,內政委員會,無,立法院第8屆第7會期內政委員會第16次全體委員會議,邀請行政院大陸委員會主任委員夏立言、內政部部長陳威仁、銓敘部部長張哲琛、行政院人事行政總處人事長黃富源、經濟部部長鄧振中、文化部、法務部、國家安全局等針對「常任文官參與兩岸經貿文化論壇之適法性」進行專題報告，並備質詢。,段宜康;莊瑞雄;周倪安;盧嘉辰;張慶忠;邱文彥;鄭天財Sra．Kacaw;李俊俋;陳其邁;陳怡潔;管碧玲;陳亭妃;陳歐珀;孔文吉;廖國棟;呂學樟;林德福;羅淑蕾;黃偉哲;陳碧涵;蔣乃辛;姚文智;蘇清泉;潘維剛;江啟臣;葉宜津;賴振昌;邱志偉;陳明文;葉津鈴;楊麗環;呂玉玲;王進士;何欣純;陳超明;劉櫂豪;姚文智,
104/05/04,紅樓302會議室,司法及法制委員會,無,立法院第8屆第7會期司法及法制委員會第14次全體委員會議,繼續併案審查（一）司法院函請審議「法律扶助法修正草案」、（二）委員潘孟安等17人擬具「法律扶助法第十六條條文修正草案」、（三）委員趙天麟等29人擬具「法律扶助法第三條及第十四條條文修正草案」、（四）委員潘孟安等21人擬具「法律扶助法第十六條條文修正草案」、（五）委員蔣乃辛等25人擬具「法律扶助法第三條及第十四條條文修正草案」、（六）委員李昆澤等22人擬具「法律扶助法第十四條條文修正草案」、（七）委員尤美女等29人擬具「法律扶助法部分條文修正草案」、（八）委員楊玉欣等29人擬具「法律扶助法第三條及第十四條條文修正草案」、（九）委員楊曜等19人擬具「法律扶助法第三條條文修正草案」、（十）委員陳其邁等18人擬具「法律扶助法修正第三條、第十四條及增訂第二十三條之一條文草案」及（十一）本院台灣團結聯盟黨團擬具「法律扶助法第三條及第十四條條文修正草案」案。,,
104/05/04,紅樓101會議室,經濟委員會,無,立法院第8屆第7會期經濟委員會第10次全體委員會議,一、邀請國家發展委員會主任委員、經濟部部長、行政院農業委員會主任委員列席報告「國發基金對農業生技及創新創業之投資成效」，並備質詢。二、審查行政院函請審議「離島建設條例第九條之三條文修正草案」案。三、審查本院委員陳雪生等22人擬具「離島建設條例第十二條之一條文修正草案」案。四、審查本院委員楊應雄等34人擬具「離島建設條例第九條之三條文修正草案」案。五、審查本院委員楊應雄等20人擬具「離島建設條例第九條之三條文修正草案」案。六、處理行政院農業委員會及其所屬104年度預算凍結案等8案。（詳如議程）七、處理國家發展委員會104年度預算凍結案等3案。（詳如議程）    5月4日、7日（二天一次會）,林岱樺;陳明文;邱議瑩;廖正井;蘇震清;葉津鈴;高志鵬;邱志偉;廖國棟;張嘉郡;鄭天財Sra．Kacaw;孔文吉;劉櫂豪;呂學樟;羅淑蕾;黃偉哲;林德福;陳碧涵;邱文彥;蘇清泉;盧嘉辰;賴振昌;管碧玲;蔣乃辛;江啟臣;潘維剛;張慶忠;周倪安;陳亭妃;呂玉玲;何欣純;王進士;陳歐珀;李昆澤;林滄敏;翁重鈞,
104/05/04,九樓大禮堂,修憲委員會,無,立法院第8屆修憲委員會公聽會(第8場),討論議題：一、從民主國家應有之「權責相符」憲政架構，看我國第七次修憲後產生之憲政困境，兼談我國總統職權、定位及與五院之互動關係。二、從閣揆同意權與解散國會權之制衡關係出發，談內閣制展現民意之功能性及實踐性。三、從歷次修憲、國會選制變革談我國立法委員之角色定位，並論立法委員得兼任閣員對我國民主發展之意義。四、從開放及保障人民參政權談修憲降低選舉權年齡至十八歲、確立不在籍投票制度之必要。,管碧玲;林德福;尤美女;李應元;呂學樟,
104/05/04,紅樓201會議室,交通委員會,無,立法院第8屆第7會期交通委員會第10次全體委員會議,邀請國家通訊傳播委員會主任委員石世豪列席就「大眾電信終止業務因應措施」提出報告，並備質詢。,李昆澤;陳歐珀;羅淑蕾;葉宜津;管碧玲;劉櫂豪;楊麗環;王進士;葉津鈴;李鴻鈞;孔文吉;周倪安;鄭天財Sra．Kacaw;廖國棟;林德福;呂學樟;黃偉哲;陳碧涵;邱文彥;盧嘉辰;蔣乃辛;張慶忠;蘇清泉;江啟臣;潘維剛;賴振昌;邱志偉;陳亭妃;陳明文;呂玉玲;何欣純;陳怡潔;林國正;陳素月,
104/05/04,群賢樓101會議室,教育及文化委員會,無,立法院第8屆第7會期教育及文化委員會第10次全體委員會議,審查104年度國立故宮博物院主管「故宮文物藝術發展基金附屬單位預算案」案。(進行詢答)(5月4日、5月6日2天一次會),孔文吉;鄭麗君;陳碧涵;蔣乃辛;黃國書;賴振昌;黃志雄;陳亭妃;許智傑;何欣純;呂玉玲;陳學聖;李昆澤;陳明文;邱志偉;鄭天財Sra．Kacaw;廖國棟;林德福;呂學樟;邱文彥;劉櫂豪;管碧玲;蘇清泉;張慶忠;江啟臣;葉津鈴;潘維剛;周倪安;楊麗環;盧嘉辰;陳怡潔;陳歐珀;黃偉哲,
104/05/05,紅樓201會議室,程序委員會,無,第8屆第7會期程序委員會第11次會議,審定本院第8屆第7會期第11次會議議事日程及處理 人民請願案,江惠貞,
104/05/06,紅樓202會議室,內政委員會,無,立法院第8屆第7會期內政委員會第17次全體委員會議,邀請行政院大陸委員會主任委員夏立言、內政部部長陳威仁、銓?部部長張哲琛、經濟部部長鄧振中、行政院農業委員會、教育部、文化部、法務部、國家安全局、財政部、金融監督管理委員會等針對「新北市市長朱立倫赴中國參加兩岸經貿文化論壇與中國國家主席習近平會面適法性」暨「如何解決少數權貴、買辦壟斷兩岸經貿交流利益」進行專題報告，並備質詢。,段宜康;盧嘉辰;莊瑞雄;邱文彥;陳怡潔;李俊俋;周倪安;李貴敏;陳其邁;薛凌;孔文吉;陳明文;吳育昇;李桐豪;楊應雄;許添財;林德福;盧秀燕;尤美女;廖國棟;蔣乃辛;邱志偉;賴振昌;陳亭妃;張慶忠;何欣純;呂學樟;姚文智;黃偉哲;鄭天財Sra．Kacaw;陳超明;姚文智,
104/05/06,九樓大禮堂,財政委員會,無,立法院第8屆第7會期財政委員會第9次全體委員會議,一、處理104年度中央政府總預算案有關財政部主管預    算凍結請安排報告案計4案。二、審查或處理104年度中央政府總預算案有關金融監    督管理委員會主管預算凍結請安排報告案計6案。三、審查或處理103年度中央政府總預算案有關金融監    督管理委員會主管附屬單位預算營業及非營業部    分凍結請安排報告案計11案。(5月6日及7日兩天一次會),許添財;吳秉叡;林德福;盧秀燕;賴士葆;潘維剛;薛凌;費鴻泰;賴振昌;孫大千;李應元;李貴敏;李桐豪;徐欣瑩;周倪安;羅明才;曾巨威;廖國棟;蔣乃辛;陳亭妃;邱志偉;陳怡潔;呂學樟;邱文彥;黃偉哲;楊應雄,
104/05/06,群賢樓101會議室,教育及文化委員會,無,立法院第8屆第7會期教育及文化委員會第10次全體委員會議,邀請教育部部長與財團法人大學入學考試中心主任就「普通高級中學國文及社會領域課程綱要微調政策面臨法律程序、大學入學考試命題與八月實施之正當性不足等爭議」，提出專案報告，並備質詢。(5月4日、5月6日2天一次會),孔文吉;陳亭妃;蔣乃辛;黃國書;黃志雄;賴振昌;許智傑;陳淑慧;鄭麗君;何欣純;陳碧涵;呂玉玲;許添財;周倪安;段宜康;陳明文;黃偉哲;薛凌;李貴敏;楊應雄;李桐豪;邱文彥;廖國棟;盧秀燕;邱志偉;潘維剛;呂學樟;林德福;陳學聖;羅明才;尤美女,
104/05/06,紅樓301會議室,外交及國防委員會,無,立法院第8屆第7會期外交及國防委員會第13次全體委員會議,一、處理院會交付外交部104年度中央政府總預算決議凍結案等24案。 二、處理院會交付僑務委員會104年度中央政府總預算決議凍結案等8案。 三、審查行政院函請審議「護照條例修正草案」案。 四、審查本院委員邱志偉等18人擬具「護照條例第二十三條及第二十四條條文修正草案」案。 五、審查本院委員魏明谷等18人擬具「護照條例第十六條條文修正草案」案。,黃偉哲;楊應雄;李桐豪;蔡煌瑯;陳鎮湘;蔡錦隆;邱志偉;林郁方;詹凱臣;江啟臣;陳唐山;盧秀燕;許添財;孔文吉;陳明文;周倪安;林德福;賴振昌;邱文彥;蔣乃辛;薛凌;陳亭妃;蔡其昌;呂學樟;陳怡潔;何欣純,
104/05/06,紅樓302會議室,司法及法制委員會,無,立法院第8屆第7會期司法及法制委員會第15次全體委員會議,邀請法務部部長、內政部次長、衛生福利部次長，就「慈濟基金會善款引發之爭議，研擬宗教法人納入財團法人法，或另立宗教法人法管理。」列席專案報告，並備質詢。,柯建銘;蔡其昌;紀國棟;呂學樟;陳明文;吳宜臻;陳節如;尤美女;林滄敏;李桐豪;孔文吉;黃偉哲;段宜康;周倪安;盧秀燕;林德福;江啟臣;賴振昌;邱文彥;蔣乃辛;薛凌;蔡錦隆;邱志偉;陳亭妃;陳怡潔;何欣純;李貴敏;許添財;楊應雄,
104/05/07,九樓大禮堂,財政委員會,無,立法院第8屆第7會期財政委員會第9次全體委員會議,一、繼續處理104年度中央政府總預算案有關財政部主    管預算凍結請安排報告案計4案。二、繼續審查或處理104年度中央政府總預算案有關金    融監督管理委員會主管預算凍結請安排報告案計6案。三、繼續審查或處理103年度中央政府總預算案有關金    融監督管理委員會主管附屬單位預算營業及非營    業部分凍結請安排報告案計11案。(5月6日及7日兩天一次會),,
104/05/07,群賢樓801會議室,社會福利及衛生環境委員會,無,立法院第8屆第7會期社會福利及衛生環境委員會第18次全體委員會議,一、處理中華民國104年度中央政府總預算有關勞動部主管預算解凍案28案。 二、審查（一）委員蘇清泉等18人擬具「就業服務法第六條條文修正草案」、（二）委員江惠貞等18人擬具「就業服務法第六條條文修正草案」、（三）委員鄭汝芬等16人擬具「就業服務法第七條條文修正草案」、（四）委員林國正等20人擬具「就業服務法第七條條文修正草案」、（五）委員鄭汝芬等27人擬具「就業服務法第十七條條文修正草案」、（六）委員李桐豪等23人擬具「就業服務法第十七條條文修正草案」、（七）委員劉建國等20人擬具「就業服務法第十七條條文修正草案」、（八）委員楊玉欣等24人擬具「就業服務法第二十四條條文修正草案」、（九）委員吳育仁等16人擬具「就業服務法第二十四條條文修正草案」、（十）委員蔣乃辛等20人擬具「就業服務法第二十四條及第二十九條條文修正草案」、（十一）委員鄭汝芬等27人擬具「就業服務法第二十四條條文修正草案」、（十二）委員江啟臣等18人擬具「就業服務法部分條文修正草案」等12案。,徐少萍;江惠貞;陳節如;王育敏;林鴻池;蘇清泉;鄭天財Sra．Kacaw;劉建國;鄭汝芬;李桐豪;吳育仁;李貴敏;楊瓊瓔;江啟臣;葉津鈴;賴振昌;黃偉哲;楊曜;田秋堇;林淑芬,
104/05/07,紅樓302會議室,司法及法制委員會,無,立法院第8屆第7會期司法及法制委員會,「建置臺灣商業法院」公聽會,,
104/05/07,紅樓101會議室,經濟委員會,無,立法院第8屆第7會期經濟委員會第10次全體委員會議,一、審查104年度中央政府總預算案附屬單位預算營業部分關於經濟部主管：台灣電力股份有限公司。（詢答）二、處理或審查經濟部及其所屬104年度預算凍結案等11案。（詳如議程；其中1案如經復議，則不予處理）5月4日、7日（二天一次會）,丁守中;廖正井;黃昭順;李貴敏;楊瓊瓔;蘇震清;陳明文;葉津鈴;張嘉郡;林岱樺;鄭天財Sra．Kacaw;李桐豪;江啟臣;賴振昌;黃偉哲;鄭汝芬;田秋堇;邱議瑩;翁重鈞,
104/05/07,九樓大禮堂,修憲委員會,無,立法院第8屆修憲委員會公聽會(第9場),討論議題：憲改路上，人權不能缺席一、本次修憲應否納入新世代人權保障清單，使其符合當代人權保障水準？人權清單的擴充幅度為何？二、本次修憲具有急迫性、應最優先入憲處理的人權保障事項為何？三、我國憲法應否明文規定，我國簽署之各項國際公約之位階應等同於憲法？四、我國憲法應否明文規定，原住民基本法保障原住民權利相關規定之位階應等同於憲法？,尤美女;李貴敏,
104/05/07,紅樓301會議室,外交及國防委員會,無,立法院第8屆第7會期外交及國防委員會第13次全體委員會議,一、處理院會交付外交部104年度中央政府總預算決議凍結案等24案。二、處理院會交付僑務委員會104年度中央政府總預算決議凍結案等8案。 三、審查行政院函請審議「護照條例修正草案」案。 四、審查本院委員邱志偉等18人擬具「護照條例第二十三條及第二十四條條文修正草案」案。 五、審查本院委員魏明谷等18人擬具「護照條例第十六條條文修正草案」案。〈5月6日、7日二天一次會〉,,
104/05/11,紅樓302會議室,司法及法制委員會,無,立法院第8屆第7會期司法及法制委員會第16次全體委員會議,一、處理、審查中華民國104年度中央政府總預算案關於考試院及其所屬預算凍結項目共7案。二、審查考試院函請審議「廢止派用人員派用條例」案。三、審查考試院函請審議「公務人員任用法第三十六條及第三十六條之一條文修正草案」案。四、審查委員蔣乃辛等22人擬具「公教人員保險法第三十六條條文修正草案」案。五、併案審查（一）委員呂學樟等25人擬具「公教人員保險法第四十八條條文修正草案」、（二）委員黃昭順等19人擬具「公教人員保險法第四十八條條文修正草案」、（三）委員蔣乃辛等23人擬具「公教人員保險法第四十八條條文修正草案」及（四）委員陳超明等18人擬具「公教人員保險法第四十八條條文修正草案」案。六、審查委員吳宜臻等16人擬具「公教人員保險法增訂第四十八條之一條文草案」案。,柯建銘;呂學樟;馬文君;蔡其昌;吳宜臻;王廷升;王惠美;尤美女;管碧玲;江啟臣;盧秀燕;黃偉哲;陳歐珀;周倪安;許添財;邱志偉;孔文吉;鄭天財Sra．Kacaw;李桐豪;蔡錦隆;黃昭順;邱文彥;薛凌;蘇清泉;陳碧涵;陳亭妃;劉櫂豪;賴振昌;紀國棟;李貴敏;蔣乃辛;簡東明;徐欣瑩;蕭美琴;陳超明;楊麗環;陳學聖,
104/05/11,紅樓202會議室,內政委員會,無,立法院第8屆第7會期內政委員會第18次全體委員會議,一、繼續審查行政院函請審議「替代役實施條例部分條文修正草案」案。二、繼續審查本院委員李應元等41人擬具「替代役實施條例第四條條文修正草案」案。 三、審查本院立院新聯盟政團擬具「替代役實施條例第四十一條及第四十二條條文修正草案」案。,,
104/05/11,群賢樓801會議室,社會福利及衛生環境委員會,無,立法院第8屆第7會期社會福利及衛生環境委員會第19次全體委員會議,繼續審查（一）委員林佳龍等21人擬具「空氣污染防制法第十二條條文修正草案」、（二）委員陳其邁等19人擬具「空氣污染防制法第十六條及第十九條之一條文修正草案」、（三）委員劉建國等21人擬具「空氣污染防制法第十二條及第十四條條文修正草案」、（四）委員趙天麟等19人擬具「空氣污染防制法第十二條條文修正草案」、（五）委員李應元等19人擬具「空氣污染防制法第十七條條文修正草案」、（六）委員葉宜津等17人擬具「空氣污染防制法第四十條條文修正草案」、（七）委員劉建國等17人擬具「空氣污染防制法第十二條條文修正草案」、（八）委員林淑芬等21人擬具「空氣污染防制法部分條文修正草案」等8案。,,
104/05/11,紅樓201會議室,交通委員會,內政委員會,立法院第8屆第7會期交通、內政委員會第2次聯席會議,繼續審查交通部函為修正「臺灣地區與大陸地區海運直航許可管理辦法」部分條文案。(業已詢答完畢),,
104/05/11,紅樓301會議室,外交及國防委員會,無,立法院第8屆第7會期外交及國防委員會第14次全體委員會議,邀請外交部部長率財團法人國際合作發展基金會秘書長報告「我國對國際人道救援之長期及緊急應對機制、參與相關國際組織之挑戰」，併請內政部消防署及移民署、衛生福利部、交通部民用航空局派員列席，並備質詢。,黃偉哲;楊應雄;蔡煌瑯;江啟臣;詹凱臣;李桐豪;陳鎮湘;陳唐山;蔡錦隆;蕭美琴;邱志偉;馬文君;孔文吉;薛凌;周倪安;許添財;盧秀燕;鄭天財Sra．Kacaw;林郁方;黃昭順;邱文彥;陳歐珀;陳碧涵;蘇清泉;陳亭妃;劉櫂豪;賴振昌;蔡其昌;李貴敏;蔣乃辛;簡東明;呂學樟;楊麗環,
104/05/11,九樓大禮堂,財政委員會,無,立法院第8屆第7會期財政委員會第10次全體委員會議,邀請財政部張部長盛和就「遺產及贈與稅稅收情形暨國稅欠稅狀況提出改善計畫」專題報告，並備質詢。,許添財;吳秉叡;賴士葆;林德福;盧秀燕;薛凌;潘維剛;羅明才;賴振昌;孫大千;吳宜臻;費鴻泰;徐欣瑩;周倪安;曾巨威;鄭天財Sra．Kacaw;邱志偉;李桐豪;邱文彥;呂學樟;蘇清泉;黃昭順;陳亭妃;陳歐珀;蔣乃辛;劉櫂豪;李貴敏;簡東明;黃偉哲;蕭美琴;楊應雄,
104/05/11,九樓大禮堂,修憲委員會,無,立法院第8屆修憲委員會公聽會(第10場),討論議題-第八次憲改的共識凝聚：兩階段修憲與公眾參與,吳育昇;李貴敏;李俊俋;尤美女;李應元,
104/05/11,群賢樓101會議室,教育及文化委員會,無,立法院第8屆第7會期教育及文化委員會第11次全體委員會議,一、繼續審查104年度行政院主管「行政院國家科學技術發展基金附屬單位預算案」(處理)。二、繼續審查104年度科技部主管「科學工業園區管理局作業基金附屬單位預算案」(處理)。,,
104/05/12,紅樓201會議室,程序委員會,無,第8屆第7會期程序委員會第12次會議,審定本院第8屆第7會期第12次會議議事日程及處理 人民請願案,邱文彥,
104/05/13,紅樓101會議室,經濟委員會,無,立法院第8屆第7會期經濟委員會第11次全體委員會議,審查本院委員陳亭妃等38人擬具「有機農業促進條例草案」案。（詢答）5月13日、14日（二天一次會） ,邱議瑩;黃昭順;李慶華;李貴敏;廖正井;孔文吉;蘇震清;丁守中;段宜康;陳明文;田秋堇;邱文彥;周倪安;吳育仁;賴振昌;蘇清泉;翁重鈞;廖國棟,
104/05/13,紅樓202會議室,內政委員會,無,立法院第8屆第7會期內政委員會,「原住民族自治暫行條例草案」公聽會。,,
104/05/13,群賢樓801會議室,社會福利及衛生環境委員會,無,立法院第8屆第7會期社會福利及衛生環境委員會第20次全體委員會議,一、請衛生福利部蔣部長丙煌等就「近期茶品安全事件查察情形提出查察報告及後續進度」列席報告，並備質詢。 二、審查（一）委員趙天麟等19人擬具「傳染病防治法第三十八條條文修正草案」、（二）委員王育敏等20人擬具「傳染病防治法部分條文修正草案」等2案。 三、審查（一）委員賴士葆等31人擬具「身心障礙者權益保障法部分條文修正草案」、（二）委員楊玉欣等32人擬具「身心障礙者權益保障法第三十三條條文修正草案」、（三）委員劉建國等23人擬具「身心障礙者權益保障法部分條文修正草案」、（四）委員楊玉欣等34人擬具「身心障礙者權益保障法部分條文修正草案」等4案。 四、審查（一）行政院函請審議「藥事法增訂第四十八條之二條文草案」、（二）委員陳節如等19人擬具「藥事法部分條文修正草案」、（三）委員王育敏等30人擬具「藥事法增訂第四十八條之二條文草案」等3案。 五、審查（一）委員劉建國等20人擬具「醫學工程師法草案」、（二）委員趙天麟等21人擬具「醫學工程師法草案」、（三）委員江惠貞等26人擬具「醫學工程師法草案」等3案。 六、審查人民請願案1案。,趙天麟;江惠貞;陳節如;楊玉欣;田秋堇;吳育仁;徐少萍;王育敏;林鴻池;蘇清泉;劉建國;楊曜;尤美女;鄭汝芬;李俊俋;林淑芬;賴振昌;邱文彥;李貴敏,
104/05/14,紅樓302會議室,司法及法制委員會,無,立法院第8屆第7會期司法及法制委員會第17次全體委員會議,一、繼續併案審查（一）司法院函請審議「法律扶助法修正草案」、（二）委員潘孟安等17人擬具「法律扶助法第十六條條文修正草案」、（三）委員趙天麟等29人擬具「法律扶助法第三條及第十四條條文修正草案」、（四）委員潘孟安等21人擬具「法律扶助法第十六條條文修正草案」、（五）委員蔣乃辛等25人擬具「法律扶助法第三條及第十四條條文修正草案」、（六）委員李昆澤等22人擬具「法律扶助法第十四條條文修正草案」、（七）委員尤美女等29人擬具「法律扶助法部分條文修正草案」、（八）委員楊玉欣等29人擬具「法律扶助法第三條及第十四條條文修正草案」、（九）委員楊曜等19人擬具「法律扶助法第三條條文修正草案」、（十）委員陳其邁等18人擬具「法律扶助法修正第三條、第十四條及增訂第二十三條之一條文草案」及（十一）本院台灣團結聯盟黨團擬具「法律扶助法第三條及第十四條條文修正草案」案。二、繼續併案審查（一）委員黃文玲等18人擬具「公職人員財產申報法第七條條文修正草案」、（二）本院台灣團結聯盟黨團擬具「公職人員財產申報法第五條條文修正草案」、（三）本院台灣團結聯盟黨團擬具「公職人員財產申報法部分條文修正草案」及（四）委員廖正井等18人擬具「公職人員財產申報法第十二條及第二十條條文修正草案」案（第(四)案如經院會復議，則不予審查）。三、繼續併案審查委員黃文玲等23人、委員陳其邁等20人及委員吳宜臻等22人分別擬具「公職人員財產申報法第六條條文修正草案」案。四、審查委員莊瑞雄等18人擬具「公職人員財產申報法第十四條條文修正草案」案（本案如經院會復議，則不予審查）。,林滄敏;蔡其昌;紀國棟;王惠美;尤美女;李桐豪;莊瑞雄;吳宜臻;廖正井;楊麗環;管碧玲;周倪安;蕭美琴;黃國書;李貴敏;陳碧涵;邱文彥;簡東明;陳亭妃;鄭天財Sra．Kacaw;黃偉哲;葉津鈴;賴振昌;陳怡潔;邱志偉;陳歐珀;呂學樟,
104/05/14,紅樓301會議室,外交及國防委員會,無,立法院第8屆第7會期外交及國防委員會第15次全體委員會議,邀請國防部部長、教育部部長報告「軍事教育現況與策進」，並備質詢。,李桐豪;江啟臣;黃偉哲;陳鎮湘;林郁方;蕭美琴;蔡錦隆;陳唐山;邱志偉;詹凱臣;廖正井;黃國書;楊麗環;管碧玲;周倪安;陳歐珀;李貴敏;陳碧涵;邱文彥;簡東明;陳亭妃;鄭天財Sra．Kacaw;葉津鈴;賴振昌;陳怡潔;王惠美;蔡煌瑯;馬文君,
104/05/14,紅樓201會議室,交通委員會,無,立法院第8屆第7會期交通委員會第11次全體委員會議,邀請交通部部長陳建宇率同所屬列席就「促進台灣觀光環境發展規劃(包含觀光景點、觀光產業、交通運輸、載具等)」提出報告，並備質詢。(交通部、觀光局、公路總局、民航局、航港局、臺鐵局、高公局、桃機公司、港務公司、內政部航警局列席),李昆澤;葉宜津;管碧玲;陳歐珀;羅淑蕾;楊麗環;陳素月;簡東明;劉櫂豪;許智傑;段宜康;許淑華;王進士;吳育仁;周倪安;黃國書;李鴻鈞;蕭美琴;楊玉欣;王惠美;陳雪生;廖國棟;高金素梅;陳亭妃;鄭天財Sra．Kacaw;葉津鈴;賴振昌;黃偉哲;邱文彥;陳怡潔;陳碧涵;李貴敏;張慶忠;盧嘉辰;李桐豪;邱志偉;吳育昇;廖正井;林國正;江啟臣;林滄敏,
104/05/14,群賢樓101會議室,教育及文化委員會,無,「文化資產保存法」修法公聽會,「文化資產保存法」修法公聽會,,
104/05/14,紅樓101會議室,經濟委員會,無,立法院第8屆第7會期經濟委員會第11次全體委員會議,一、審查行政院函請審議「水利法部分條文修正草案」案。（詢答）【本案如經復議，則不予審查】二、審查行政院函請審議「自來水法部分條文修正草案」案。（詢答）【本案如經復議，則不予審查】5月13日、14日（二天一次會） ,邱議瑩;廖正井;黃昭順;高志鵬;楊瓊瓔;李貴敏;蘇震清;陳明文;林岱樺;葉津鈴;鄭天財Sra．Kacaw;張嘉郡;廖國棟;邱志偉;李桐豪;管碧玲;楊麗環;陳歐珀;周倪安;江啟臣;蕭美琴;吳育仁;簡東明;邱文彥;孔文吉;賴振昌;丁守中;陳亭妃;陳雪生;黃偉哲;高金素梅;王惠美;許淑華;翁重鈞;林滄敏;李昆澤,
104/05/14,紅樓202會議室,內政委員會,無,立法院第8屆第7會期內政委員會第19次全體委員會議,一、審查行政院函請審議「臺灣地區與大陸地區人民關係條例部分條文修正草案」案。 二、審查行政院函請審議「香港澳門關係條例部分條文修正草案」案。,段宜康;盧嘉辰;莊瑞雄;陳怡潔;李俊俋;鄭天財Sra．Kacaw;吳育昇;周倪安;陳歐珀;李桐豪;楊麗環;羅淑蕾;管碧玲;葉宜津;廖正井;蕭美琴;江啟臣;黃國書;吳育仁;李貴敏;陳碧涵;簡東明;陳亭妃;葉津鈴;賴振昌;黃偉哲;陳雪生;高金素梅;廖國棟;張慶忠;王惠美;許淑華;尤美女;邱志偉;邱文彥;陳其邁;姚文智,
104/05/14,群賢樓801會議室,社會福利及衛生環境委員會,無,立法院第8屆第7會期社會福利及衛生環境委員會第20次全體委員會議,一、請衛生福利部蔣部長丙煌等就「近期茶品安全事件查察情形提出查察報告及後續進度」列席報告，並備質詢。二、審查（一）委員趙天麟等19人擬具「傳染病防治法第三十八條條文修正草案」、（二）委員王育敏等20人擬具「傳染病防治法部分條文修正草案」等2案。三、審查（一）委員賴士葆等31人擬具「身心障礙者權益保障法部分條文修正草案」、（二）委員楊玉欣等32人擬具「身心障礙者權益保障法第三十三條條文修正草案」、（三）委員劉建國等23人擬具「身心障礙者權益保障法部分條文修正草案」、（四）委員楊玉欣等34人擬具「身心障礙者權益保障法部分條文修正草案」等4案。四、審查（一）行政院函請審議「藥事法增訂第四十八條之二條文草案」、（二）委員陳節如等19人擬具「藥事法部分條文修正草案」、（三）委員王育敏等30人擬具「藥事法增訂第四十八條之二條文草案」等3案。五、審查（一）委員劉建國等20人擬具「醫學工程師法草案」、（二）委員趙天麟等21人擬具「醫學工程師法草案」、（三）委員江惠貞等26人擬具「醫學工程師法草案」等3案。,,
104/05/18,紅樓202會議室,內政委員會,無,立法院第8屆第7會期內政委員會第20次全體委員會議,邀請內政部部長陳威仁、行政院消費者保護處處長劉清芳就「浮洲與A7合宜住宅辦理情形、工程品質監督與管理及承購戶權益保障等相關事宜」暨「青年生活宅政策規劃情形」提出專題報告並備質詢，另請法務部、金融監督管理委員會派員列席備詢。,莊瑞雄;張慶忠;李俊俋;鄭天財Sra．Kacaw;江惠貞;段宜康;陳怡潔;許添財;孔文吉;林鴻池;吳育昇;李桐豪;盧秀燕;羅淑蕾;呂學樟;江啟臣;薛凌;葉津鈴;陳明文;李貴敏;高金素梅;羅明才;何欣純;鄭汝芬;賴振昌;陳亭妃;田秋堇;簡東明;蔣乃辛;徐欣瑩;潘維剛;姚文智;陳其邁;管碧玲;尤美女;林德福;邱文彥;劉櫂豪;王惠美;姚文智,
104/05/18,紅樓202會議室,內政委員會,司法及法制委員會,立法院第8屆第7會期內政、司法及法制委員會第1次聯席會議,一、繼續審查本院委員魏明谷等22人擬具「地方制度法第四條條文修正草案」案。 二、繼續審查本院委員黃文玲等21人擬具「地方制度法第四條條文修正草案」案。 三、繼續審查本院委員鄭汝芬等26人擬具「地方制度法第四條條文條文修正草案」案。 四、繼續審查本院委員林滄敏等18人擬具「地方制度法第四條及第八十八條條文修正草案」案。 五、審查本院委員陳素月等16人擬具「地方制度法第四條條文修正草案」案。,,
104/05/18,群賢樓801會議室,社會福利及衛生環境委員會,無,立法院第8屆第7會期社會福利及衛生環境委員會第21次全體委員會議,一、處理中華民國104年度中央政府總預算有關行政院環境保護署主管預算解凍案29案。 二、繼續審查（一）行政院函請審議「溫室氣體減量法草案」、（二）委員徐少萍等21人擬具「溫室氣體減量法草案」、（三）委員田秋堇等27人擬具「溫室氣體減量法草案」、（四）委員陳根德等18人擬具「溫室氣體減量法草案」、（五）委員鄭汝芬等19人擬具「氣候變遷調適法草案」、（六）委員邱文彥等30人擬具「溫室氣體管理法草案」等6案。,江惠貞;鄭汝芬;王育敏;陳節如;田秋堇;吳育仁;徐少萍;楊曜;邱文彥;孔文吉;林淑芬;薛凌;林德福;潘維剛;劉建國;許添財;江啟臣;呂學樟;盧秀燕;葉津鈴;陳明文;賴振昌;李貴敏;陳亭妃;羅明才;簡東明;徐欣瑩;蔣乃辛;林鴻池;管碧玲;李桐豪;張慶忠;劉櫂豪;吳秉叡,
104/05/18,群賢樓101會議室,教育及文化委員會,無,立法院第8屆第7會期教育及文化委員會第12次全體委員會議,繼續審查104年度國立故宮博物院主管「故宮文物藝術發展基金附屬單位預算案」案。(處理)(5月18日、5月20日2天一次會),,
104/05/18,紅樓201會議室,交通委員會,無,立法院第8屆第7會期交通委員會,「大型車行車安全管理」公聽會,,
104/05/18,紅樓302會議室,司法及法制委員會,無,立法院第8屆第7會期司法及法制委員會第18次全體委員會議,一、審查本院台灣團結聯盟黨團擬具「立法院組織法第十八條條文修正草案」案。二、審查立法院秘書長函，為104年度中央政府總預算決議，檢送有關「研究無條件開放IVOD串流網址之可行性」、「改善IVOD影片畫質及錄音品質」及「檢討立法院採訪證件發放要點」等書面報告，請查照案。,呂學樟;王惠美;蔡其昌;吳宜臻;尤美女;賴振昌;鄭天財Sra．Kacaw;江惠貞;許添財;李桐豪;盧秀燕;潘維剛;林德福;江啟臣;邱文彥;薛凌;葉津鈴;李貴敏;陳明文;張慶忠;陳亭妃;簡東明;徐欣瑩;蔣乃辛;陳怡潔;謝國樑;紀國棟;劉櫂豪;柯建銘,
104/05/18,九樓大禮堂,財政委員會,無,立法院第8屆第7會期財政委員會第11次全體委員會議,一、審查監察院函請審議「審計法部分條文修正草案」案。二、審查行政院函請審議「海關進口稅則部分條文修正草案」案。(5月18日、20日及21日三天一次會),許添財;吳秉叡;林德福;賴士葆;盧秀燕;費鴻泰;潘維剛;薛凌;李應元;孫大千;羅明才;林淑芬;徐欣瑩;孔文吉;江惠貞;張慶忠;邱文彥;江啟臣;呂學樟;葉津鈴;賴振昌;陳明文;李桐豪;陳亭妃;鄭汝芬;簡東明;蔣乃辛;李貴敏,
104/05/18,紅樓101會議室,經濟委員會,無,立法院第8屆第7會期經濟委員會第12次全體委員會議,一、審查本院委員丁守中等41人擬具「公平交易法增訂第四十七條之一條文草案」案。二、審查行政院函請審議「有限合夥法草案」案。（5月18日、21日二天一次會）,丁守中;黃昭順;李慶華;蘇震清;李貴敏;高志鵬;陳明文;葉津鈴;張嘉郡;廖正井;江惠貞;許添財;張慶忠;林德福;呂學樟;孔文吉;江啟臣;李桐豪;潘維剛;廖國棟;盧秀燕;薛凌;黃國書;賴振昌;羅明才;何欣純;高金素梅;鄭汝芬;簡東明;陳亭妃;徐欣瑩;蔣乃辛;邱文彥;管碧玲;劉櫂豪;翁重鈞,
104/05/18,群賢樓802會議室,修憲委員會,無,立法院第8屆修憲委員會第2次全體委員會議,審查委員陳亭妃等33人擬具「中華民國憲法第一百三十條條文修正草案」等案討論議題：人民權利義務－人性尊嚴等項,李貴敏;李桐豪;呂學樟;丁守中;盧秀燕;李昆澤;江啟臣;吳育昇;高志鵬;陳亭妃;李俊俋;孔文吉;陳明文;吳育仁;管碧玲;林德福;尤美女;賴振昌;管碧玲;高志鵬;費鴻泰;張嘉郡;鄭麗君;李應元;許添財;孔文吉;林德福;尤美女;楊瓊瓔,
104/05/19,紅樓201會議室,程序委員會,無,第8屆第7會期程序委員會第13次會議,審定本院第8屆第7會期第13次會議議事日程及處理 人民請願案,陳碧涵,
104/05/20,紅樓301會議室,外交及國防委員會,無,立法院第8屆第7會期外交及國防委員會第16次全體委員會議,一、處理院會交付國家安全局104年度中央政府總預算決議凍結案等2案。 二、審查行政院函請審議「國家情報工作法部分條文修正草案」案。〈5月20日、21日二天一次會〉,黃偉哲;江啟臣;蔡煌瑯;楊應雄;林郁方;李桐豪;陳鎮湘;邱志偉;蔡錦隆;蕭美琴;管碧玲;薛凌;鄭天財Sra．Kacaw;許添財;李貴敏;吳育仁;蔡其昌;邱文彥;賴振昌;呂學樟;江惠貞;呂玉玲;陳淑慧;陳碧涵;楊瓊瓔,
104/05/20,群賢樓101會議室,教育及文化委員會,無,立法院第8屆第7會期教育及文化委員會第12次全體委員會議,(下午)邀請教育部部長就「如何結合政府與民間推動國家體育發展」及「專任運動教練及巡迴運動服務相關計畫之成效檢討」進行專題報告，並備質詢。(5月18日、5月20日2天一次會),許智傑;陳亭妃;何欣純;蔣乃辛;黃志雄;楊玉欣;徐欣瑩;鄭天財Sra．Kacaw,
104/05/20,群賢樓802會議室,財政委員會,無,立法院第8屆第7會期財政委員會第11次全體委員會議,一、邀請金融監督管理委員會曾主任委員銘宗就院會交付「強化存保風險及加強國際監理」進行專案報告，並備質詢。二、審查本院委員潘維剛等21人擬具「銀行法第三十四條之一及第一百三十一條條文修正草案」案。(本案如經院會復議，則不予審查) 三、審查行政院函請審議「電子票證發行管理條例部分條文修正草案」。(本案如經院會復議，則不予審查)、本院委員蔡其昌等23人擬具「電子票證發行管理條例第二十七條條文修正草案」、本院委員謝國樑等23人擬具「電子票證發行管理條例第三條、第十三條之一及第二十二條條文修正草案」、本院委員潘維剛等21人擬具「電子票證發行管理條例第十一條條文修正草案」、本院委員林德福等21人擬具「電子票證發行管理條例第二條條文修正草案」案等5案。(5月18日、20日及21日三天一次會),許添財;吳秉叡;林德福;盧秀燕;孫大千;薛凌;賴士葆;費鴻泰;潘維剛;賴振昌;羅明才;李應元;李桐豪;蔣乃辛;陳亭妃;邱文彥;邱志偉;黃偉哲;李貴敏;曾巨威,
104/05/20,紅樓202會議室,內政委員會,無,立法院第8屆第7會期內政委員會第21次全體委員會議,一、處理104年度中央政府總預算有關內政部消防署預算凍結項目報告案計1案。二、處理104年度中央政府總預算有關內政部移民署預算凍結項目報告案計5案。,莊瑞雄;段宜康;邱文彥;張慶忠;李俊俋;鄭天財Sra．Kacaw;黃偉哲;陳怡潔;江啟臣;李桐豪;許添財;賴振昌;李貴敏;邱志偉;何欣純;薛凌;呂學樟;陳淑慧;姚文智;楊應雄;陳其邁;吳育昇;林淑芬;楊瓊瓔;姚文智,
104/05/20,群賢樓801會議室,社會福利及衛生環境委員會,無,立法院第8屆第7會期社會福利及衛生環境委員會第21次全體委員會議,一、處理中華民國104年度中央政府總預算有關行政院環境保護署主管預算解凍案29案。二、繼續審查（一）行政院函請審議「溫室氣體減量法草案」、（二）委員徐少萍等21人擬具「溫室氣體減量法草案」、（三）委員田秋堇等27人擬具「溫室氣體減量法草案」、（四）委員陳根德等18人擬具「溫室氣體減量法草案」、（五）委員鄭汝芬等19人擬具「氣候變遷調適法草案」、（六）委員邱文彥等30人擬具「溫室氣體管理法草案」等6案。,,
104/05/20,群賢樓101會議室,教育及文化委員會,無,立法院第8屆第7會期教育及文化委員會第12次全體委員會議,（上午）邀請教育部部長就「國中教育會考試務嚴重疏失提出檢討」進行專題報告，並備質詢。(5月18日、5月20日2天一次會),黃國書;陳碧涵;賴振昌;蔣乃辛;陳亭妃;許智傑;何欣純;鄭麗君;黃志雄;陳淑慧;呂玉玲;盧秀燕;江啟臣;薛凌;邱志偉;林德福;楊應雄;黃偉哲;李貴敏;李桐豪;邱文彥;許添財;鄭天財Sra．Kacaw;蕭美琴;潘維剛;鄭汝芬;李昆澤,
104/05/20,九樓大禮堂,修憲委員會,無,立法院第8屆修憲委員會第3次全體委員會議,討論議題：選舉及被選舉年齡-選舉人及被選舉人年齡調降,林德福;江啟臣;盧秀燕;賴振昌;李貴敏;李桐豪;李俊俋;陳亭妃;賴士葆;呂學樟;徐少萍;江惠貞;李昆澤;管碧玲;林鴻池;許添財;費鴻泰;邱志偉;陳其邁;黃偉哲;李應元;鄭麗君;吳育昇;蔣乃辛;尤美女,
104/05/20,紅樓302會議室,司法及法制委員會,社會福利及衛生環境委員會,立法院第8屆第7會期司法及法制、社會福利及衛生環境委員會第1次聯席會議,一、審查委員劉建國等18人擬具「衛生福利部組織法增訂第六條之一條文草案」案。 二、併案審查（一）委員吳宜臻等17人擬具「財團法人國家衛生研究院設置條例部分條文修正草案」、（二）委員吳育仁等17人擬具「財團法人國家衛生研究院設置條例第八條條文修正草案」、（三）委員李桐豪等27人擬具「財團法人國家衛生研究院設置條例第三條及第七條條文修正草案」、（四）委員羅淑蕾等20人 擬具「財團法人國家衛生研究院設置條例第三條條文修正草案」、（五）委員羅淑蕾等20人 擬具「財團法人國家衛生研究院設置條例第七條條文修正草案」及（六）委員盧秀燕等16人擬具「財團法人國家衛生研究院設置條例第三條及第七條條文修正草案」案。 三、審查行政院函請審議廢止（一）「行政院衛生署組織法」、（二）「行政院衛生署疾病管制局組織條例」、（三）「行政院衛生署國民健康局組織條例」、（四）「行政院衛生署中醫藥委員會組織條例」、（五）「內政部兒童局組織條例」及（六）「國立中國醫藥研究所組織條例」案。 四、審查行政院函請審議廢止（一）「行政院勞工委員會組織條例」、（二）「行政院勞工委員會職業訓練局組織條例」、（三）「勞工保險監理委員會組織條例」、（四）「勞工保險局組織條例」、（五）「行政院勞工委員會勞工安全衛生研究所組織條例」、（六）「勞工退休基金監理會組織法」（附編制表）及（七）「行政院勞工委員會職業訓練局職業訓練中心組織通則」(附編制表)案。,紀國棟;柯建銘;楊應雄;蔡其昌;呂學樟;李貴敏;謝國樑;吳宜臻;黃偉哲;吳育仁;陳碧涵;鄭天財Sra．Kacaw;李桐豪;劉建國;賴振昌;江惠貞;邱志偉;邱文彥;蔡錦隆;薛凌;蕭美琴;徐少萍;陳淑慧;管碧玲;尤美女;許添財;楊瓊瓔,
104/05/21,群賢樓801會議室,社會福利及衛生環境委員會,無,立法院第8屆第7會期社會福利及衛生環境委員會第21次全體委員會議,一、處理中華民國104年度中央政府總預算有關行政院環境保護署主管預算解凍案29案。二、繼續審查（一）行政院函請審議「溫室氣體減量法草案」、（二）委員徐少萍等21人擬具「溫室氣體減量法草案」、（三）委員田秋堇等27人擬具「溫室氣體減量法草案」、（四）委員陳根德等18人擬具「溫室氣體減量法草案」、（五）委員鄭汝芬等19人擬具「氣候變遷調適法草案」、（六）委員邱文彥等30人擬具「溫室氣體管理法草案」等6案。,,
104/05/21,紅樓101會議室,經濟委員會,無,立法院第8屆第7會期經濟委員會第12次全體委員會議,繼續審查104年度中央政府總預算案附屬單位預算營業部分關於經濟部主管：台灣電力股份有限公司。（處理）（5月18日、21日二天一次會）,,
104/05/21,紅樓101會議室,經濟委員會,財政委員會,立法院第8屆第7會期經濟、財政兩委員會第1次聯席會議,一、繼續審查行政院函請審議「產業創新條例部分條文修正     草案」案。（詢答完畢） 二、繼續審查本院委員賴士葆等23人擬具「產業創新條例     部分條文修正草案」案。（詢答完畢） 三、繼續審查本院委員李桐豪等19人擬具「產業創新條例     增訂第六十七條之一條文草案」案。 四、繼續審查本院委員陳超明等17人擬具「產業創新條例     部分條文修正草案」案。（詢答完畢） 五、繼續審查本院委員陳淑慧等16人擬具「產業創新條例     第十條條文修正草案」案。（詢答完畢） 六、繼續審查本院委員李貴敏等29人擬具「產業創新條例     第十條條文修正草案」案。（詢答完畢） 七、繼續審查本院委員李貴敏等28人擬具「產業創新條例     第二十五條條文修正草案」案。（詢答完畢） 八、繼續審查本院委員李貴敏等31人擬具「產業創新條例     第三十二條條文修正草案」案。（詢答完畢） 九、繼續審查本院委員李貴敏等31人擬具「產業創新條例     第二十條之一及第七十二條條文修正草案」案。（詢答完畢） 十、繼續審查本院委員李貴敏等28人擬具「產業創新條例     增訂第十二條之一條文草案」案。（詢答完畢） 十一、繼續審查本院委員賴士葆等26人擬具「產業創新條       例第十條條文修正草案」案。（詢答完畢）,,
104/05/21,九樓大禮堂,修憲委員會,無,立法院第8屆修憲委員會第4次全體委員會議,討論議題：不在籍投票制度,李應元;丁守中;李桐豪;管碧玲;李貴敏;江惠貞;賴振昌;陳其邁;李俊俋;徐少萍;吳秉叡;林鴻池;李昆澤;黃偉哲;江啟臣;羅明才;邱文彥;廖國棟;陳唐山;高志鵬;費鴻泰;吳育昇;鄭麗君;鄭天財Sra．Kacaw;林德福;吳育仁;呂學樟;陳歐珀;尤美女;賴士葆,
104/05/21,紅樓201會議室,交通委員會,無,立法院第8屆第7會期交通委員會第12次全體委員會議,一、審查交通部函為104年度中央政府總預算該部主管第1項決議（三十一），需提出專案報告乙案。 二、繼續審查交通部函為103年度中央政府總預算該部主管第1項決議(五十七)，對於是否延長特許年期，須經本院交通委員會審查通過乙案，檢送「高鐵延長特許期報告」案。 三、繼續處理交通部函為103年度中央政府總預算該部主管第1項決議(五十九)，有關協調高鐵公司就未來營運計畫及財務改善方案向本院交通委員會提出報告，未經同意前不應同意延長該公司之特許年限乙案，檢送高鐵未來營運計畫及財務改善方案報告案。(第二、三案業已報告及詢答完畢，並於104年1月7日第8屆第6會期交通委員會第14次會議決議均暫不予處理),林國正;李昆澤;陳歐珀;李鴻鈞;葉宜津;陳素月;羅淑蕾;王進士;楊麗環;管碧玲;簡東明;許淑華;黃偉哲;李桐豪;吳育昇;江啟臣;蕭美琴;李貴敏;賴振昌;邱文彥;邱志偉;陳明文;羅明才;徐欣瑩;陳根德;鄭天財Sra．Kacaw;劉櫂豪,
104/05/21,群賢樓802會議室,財政委員會,無,立法院第8屆第7會期財政委員會第11次全體委員會議,一、繼續審查本院委員潘維剛等21人擬具「銀行法第三十四條之一及第一百三十一條條文修正草案」案。(本案如經院會復議，則不予審查)二、繼續審查行政院函請審議「電子票證發行管理條例部分條文修正草案」。(本案如經院會復議，則不予審查)、本院委員蔡其昌等23人擬具「電子票證發行管理條例第二十七條條文修正草案」、本院委員謝國樑等23人擬具「電子票證發行管理條例第三條、第十三條之一及第二十二條條文修正草案」、本院委員潘維剛等21人擬具「電子票證發行管理條例第十一條條文修正草案」、本院委員林德福等21人擬具「電子票證發行管理條例第二條條文修正草案」案等5案。(5月18日、20日及21日三天一次會),,
104/05/21,紅樓301會議室,外交及國防委員會,無,立法院第8屆第7會期外交及國防委員會第16次全體委員會議【報告秘密，詢答（先秘密、後公開）】 ,一、邀請國防部部長報告「要塞堡壘地帶法修正進度」，並備質詢。 二、處理院會交付國防部103及104年度中央政府總預算決議凍結案等3案。 三、審查院會交付國軍退除役官兵輔導委員會104年度中央政府總預算決議，檢送「志工服務照顧榮民作業」之「獎補助費」9205萬8000元，凍結十分之一書面報告案。〈5月20日、21日二天一次會〉,黃偉哲;蔡煌瑯;李桐豪;林郁方;陳鎮湘;江啟臣;蕭美琴;邱志偉;陳唐山;詹凱臣;陳歐珀;馬文君;鄭天財Sra．Kacaw;李貴敏;賴振昌;邱文彥;陳明文;簡東明;劉櫂豪;管碧玲,
104/05/25,群賢樓801會議室,社會福利及衛生環境委員會,無,立法院社會福利及衛生環境委員會,舉行「按讚也違法？！」餐廳打卡享折扣、部落客開箱文、分享化妝品試用心得是經驗分享還是廣告行銷？論網路平台薦證廣告如何規範管理公聽會 ,,
104/05/25,紅樓302會議室,司法及法制委員會,無,立法院第8屆第7會期司法及法制委員會第19次全體委員會議,一、繼續審查委員陳超明等31人擬具「民事訴訟法第二百五十四條條文修正草案」案。二、審查委員江啟臣等22人擬具「民事訴訟法第五百十一條及第五百十三條條文修正草案」案。三、併案審查（一）委員李俊俋等17人擬具「民事訴訟法第五百二十一條條文修正草案」及（二）委員林國正等25人擬具「民事訴訟法第五百十四條及第五百二十一條條文修正草案」案。四、併案審查（一）委員林國正等22人擬具「民事訴訟法施行法第四條之四及第十二條條文修正草案」、（二）委員李俊俋等16人擬具「民事訴訟法施行法第十二條條文修正草案」及（三）委員陳超明等25人擬具「民事訴訟法施行法第十二條條文修正草案」案。,柯建銘;林國正;蔡其昌;王惠美;尤美女;江啟臣;陳明文;盧秀燕;潘維剛;林德福;陳歐珀;周倪安;李貴敏;蘇清泉;葉津鈴;賴振昌;邱文彥;徐欣瑩;呂學樟;楊瓊瓔;陳怡潔,
104/05/25,紅樓202會議室,內政委員會,無,立法院第8屆第7會期內政委員會第22次全體委員會議,繼續審查行政院函請審議「原住民族自治暫行條例草案」案。,,
104/05/25,九樓大禮堂,修憲委員會,無,立法院第8屆修憲委員會第5次全體委員會議,討論議題：總統、副總統與行政院-內閣人事副署權、解散國會權、閣揆同意權、內閣官吏得由立法委員兼任等,盧秀燕;林德福;李貴敏;江惠貞;江啟臣;林鴻池;吳育昇;王育敏;賴振昌;李俊俋;管碧玲;陳明文;周倪安;李應元;葉津鈴;費鴻泰;羅明才;徐欣瑩;邱文彥;鄭麗君;賴士葆;徐少萍;李昆澤;楊瓊瓔;陳其邁;呂學樟;尤美女;陳歐珀;陳唐山;廖國棟;尤美女,
104/05/25,紅樓101會議室,經濟委員會,無,立法院第8屆第7會期經濟委員會第13次全體委員會議,一、邀請行政院農業委員會主任委員針對農業綠色補貼、對地補貼之推動現況及未來規劃，進行專案報告，並備質詢。二、邀請經濟部部長、行政院農業委員會主任委員、內政部、國家發展委員會針對工廠管理輔導法所定輔導規定執行現況進行專案報告，並備質詢。（5月25日、27日及28日三天一次會） ,林岱樺;陳明文;李慶華;丁守中;江啟臣;張嘉郡;邱議瑩;李貴敏;楊瓊瓔;王惠美;翁重鈞;葉津鈴;林德福;盧秀燕;潘維剛;呂學樟;周倪安;陳歐珀;蘇清泉;賴振昌;羅明才;邱文彥;徐欣瑩;田秋堇;蕭美琴;莊瑞雄;廖正井;費鴻泰;廖國棟,
104/05/25,群賢樓802會議室,財政委員會,無,立法院第8屆第7會期財政委員會第12次全體委員會議,併案審查行政院函請審議廢止「合作金庫條例」案及本院委員許忠信等23人擬廢止「合作金庫條例」案等2案。(5月25日、27日及28日三天一次會),吳秉叡;林德福;賴士葆;費鴻泰;盧秀燕;羅明才;李貴敏;楊瓊瓔;李應元;徐欣瑩;江啟臣;周倪安;呂學樟;陳歐珀;蘇清泉;潘維剛;賴振昌;葉津鈴;邱文彥;孫大千,
104/05/26,紅樓201會議室,程序委員會,無,第8屆第7會期程序委員會第14次會議,審定本院第8屆第7會期第14次會議議事日程及處理 人民請願案,黃志雄,
104/05/27,紅樓202會議室,內政委員會,無,立法院第8屆第7會期內政委員會第23次全體委員會議,一、處理104年度中央政府總預算有關客家委員會預算凍結項目報告案計8案。 二、處理104年度中央政府總預算有關內政部預算凍結項目報告案計13案。 三、處理104年度中央政府總預算有關內政部營建署及所屬預算凍結項目報告案計12案。 (5月27日、28日兩天一次會),段宜康;盧嘉辰;莊瑞雄;李俊俋;邱文彥;周倪安;鄭天財Sra．Kacaw;陳怡潔;薛凌;羅淑蕾;陳明文;黃偉哲;楊應雄;李桐豪;顏寬恒;賴振昌;楊麗環;林德福;葉宜津;孔文吉;李貴敏;陳歐珀;管碧玲;廖國棟;葉津鈴;潘維剛;羅明才;簡東明;張慶忠;陳其邁;徐欣瑩;王惠美;楊瓊瓔;張慶忠,
104/05/27,紅樓101會議室,經濟委員會,無,立法院第8屆第7會期經濟委員會第13次全體委員會議,邀請國家發展委員會主任委員、經濟部部長、行政院農業委員會主任委員針對近三年公共建設預算之執行情形，及明年度公共建設概算編製情形，及跨域加值公共建設財務規劃方案之推動情形，進行專案報告，並備質詢。（5月25日、27日及28日三天一次會）  ,林岱樺;陳明文;蘇震清;高志鵬;李貴敏;廖正井;翁重鈞;丁守中;楊瓊瓔;葉津鈴;廖國棟;蕭美琴;李昆澤;李桐豪;王廷升;張嘉郡;黃偉哲;江啟臣;陳歐珀;吳秉叡;林德福;孔文吉;黃國書;楊麗環;周倪安;邱文彥;薛凌;管碧玲;呂學樟;簡東明;楊應雄;羅明才;陳雪生;鄭汝芬;鄭天財Sra．Kacaw;盧嘉辰,
104/05/27,群賢樓801會議室,社會福利及衛生環境委員會,無,立法院第8屆第7會期社會福利及衛生環境委員會第22次全體委員會議,(5月27日) 一、邀請衛生福利部蔣部長丙煌、金融監督管理委員會曾主任委員銘宗等就「因應電子商務趨勢，如何推動醫療費用使用行動支付等非現金支付」列席報告，並備質詢。 二、邀請衛生福利部蔣部長丙煌就「虛擬世界法規調適:遠距健康照護(1)遠距照護(2)遠距診療(3)開放藥物網路販賣」列席報告，並備質詢。 (5月28日) 三、邀請行政院環境保護署魏署長國彥、衛生福利部、經濟部、教育部等就「我國室內空氣品質管理法第一波適法場域輔導設置管理計畫之進度與成效，及第二波預告適法場域與未來之規劃進程」列席報告，並備質詢。,王育敏;江惠貞;陳節如;楊玉欣;林鴻池;楊曜;蘇清泉;鄭汝芬;盧秀燕;劉建國;林德福;李昆澤;徐欣瑩;楊應雄;盧嘉辰;李桐豪;周倪安;楊麗環;江啟臣;李貴敏;邱文彥;薛凌;顏寬恒;廖國棟;葉津鈴;簡東明;陳怡潔;王廷升;羅明才;徐少萍;費鴻泰;吳秉叡;林淑芬;黃偉哲;楊瓊瓔,
104/05/27,九樓大禮堂,修憲委員會,無,立法院第8屆修憲委員會第6次全體委員會議,討論議題：立法院-立法委員席次選制、政黨門檻、原住民委員席次保障、立法委員兼任內閣官吏等,丁守中;李貴敏;李桐豪;顏寬恒;江啟臣;李昆澤;林德福;王育敏;江惠貞;盧秀燕;李俊俋;廖國棟;賴士葆;管碧玲;林鴻池;李應元;陳雪生;黃偉哲;盧嘉辰;楊應雄;楊麗環;周倪安;邱文彥;費鴻泰;葉津鈴;徐少萍;陳怡潔;鄭麗君;孔文吉;尤美女;賴振昌;陳唐山;楊瓊瓔;尤美女,
104/05/27,紅樓301會議室,外交及國防委員會,無,立法院第8屆第7會期外交及國防委員會第17次全體委員會議,一、審查行政院函請審議「條約締結法草案」案。 二、審查本院委員高志鵬等24人擬具「條約締結法草案」案。 三、審查本院委員江啟臣等19人擬具「條約締結法草案」案。〈5月27及28日二天一次會〉 ,黃偉哲;楊應雄;蔡煌瑯;蕭美琴;李桐豪;蔡錦隆;林郁方;江啟臣;詹凱臣;陳鎮湘;鄭天財Sra．Kacaw;盧嘉辰;尤美女;陳唐山;顏寬恒;賴振昌;林德福;周倪安;楊麗環;李貴敏;邱文彥;薛凌;廖國棟;葉津鈴;陳怡潔;呂學樟;簡東明;陳歐珀;陳明文;馬文君;楊瓊瓔,
104/05/27,紅樓201會議室,交通委員會,無,立法院第8屆第7會期交通委員會第13次全體委員會議,一、邀請交通部部長陳建宇、飛航安全調查委員會主任委員張有恆列席就「澎湖空難善後處理情況暨復興航空飛安檢討」提出報告，並備質詢。 二、審查委員葉宜津等20人擬具「氣象法第十八條、第十九條及第二十四條條文修正草案」案。,李昆澤;陳歐珀;羅淑蕾;楊麗環;葉宜津;楊曜;管碧玲;陳雪生;王進士;盧嘉辰;李鴻鈞;陳明文;黃偉哲;楊應雄;鄭天財Sra．Kacaw;李桐豪;周倪安;顏寬恒;賴振昌;林德福;孔文吉;李貴敏;邱文彥;薛凌;廖國棟;葉津鈴;陳怡潔;潘維剛;羅明才;陳素月;劉櫂豪;楊瓊瓔;林國正,
104/05/27,群賢樓802會議室,財政委員會,無,立法院第8屆第7會期財政委員會第12次全體委員會議,一、審查本院委員薛凌等18人擬具「房屋稅條例第五條條文修正草    案」案、委員李應元等18人擬具「房屋稅條例第十一條文修正草    案」案等2案。二、審查本院委員吳育仁等25人擬具「契稅條例第十四條條文修正草    案」案、委員黃文玲等22人擬具「契稅條例刪除第三十二條條文    草案」案等2案。三、審查本院委員江啟臣等32人擬具「海關緝私條例第三十六條及第    四十五條之一條文修正草案」案。四、審查本院委員蔡正元等16人擬具「促進民間參與公共建設法第三    十一條及第三十五條條文修正草案」案、台灣團結聯盟黨團及委    員林淑芬等22人分別擬具「促進民間參與公共建設法第三條條文    修正草案」案、委員廖正井等24人擬具「促進民間參與公共建設    法第五條條文修正草案」案等4案。五、審查本院委員江啟臣等20人、委員孫大千等20人、委員徐欣瑩等    25人及委員李貴敏等18人分別擬具「遺產及贈與稅法第二十條條    文修正草案」案、委員楊瓊瓔等22人擬具「遺產及贈與稅法第十    條之二條文修正草案」案、委員黃文玲等21人擬具「遺產及贈與    稅法刪除第四十三條條文草案」案、委員尤美女等28人擬具「遺    產及贈與稅法第六條及第二十三條條文修正草案」案、委員許添    財等18人擬具「遺產及贈與稅法第十三條條文修正草案」案、委    員羅明才等20人擬具「遺產及贈與稅法第三十條條文修正草案」    案(本案如經院會復議，則不予審查)等9案。六、審查委員王惠美等21人擬具「中國輸出入銀行條例第四條及第十    一條條文修正草案」案、委員蔡正元等16人擬具「中國輸出入銀    行條例第四條條文修正草案」案等2案。七、處理財政部函，為104年度中央政府總預算該部主管第9項決議    (六)，凍結「關稅業務」1億1579萬元預算五分之一案，請安    排報告案。(本案如經院會復議，則不予處理)八、處理行政院主計總處函，為104年度中央政府總預算決議，有關    預算凍結案計2案，俟向本院財政委員會報告後始得動支，檢送    專案報告，請安排報告案。(5月25日、27日及28日三天一次會),吳秉叡;林德福;費鴻泰;薛凌;盧秀燕;賴士葆;李應元;潘維剛;孫大千;曾巨威;賴振昌;徐欣瑩;黃偉哲;李桐豪;周倪安;楊麗環;簡東明;李貴敏;葉津鈴;羅明才;顏寬恒;林淑芬;尤美女;楊瓊瓔;江啟臣;盧嘉辰,
104/05/27,紅樓302會議室,司法及法制委員會,無,立法院第8屆第7會期司法及法制委員會第20次全體委員會議,一、審查委員潘維剛等38人擬具「性侵害犯罪防治法部分條文修正草案」案。二、併案審查（一）委員趙天麟等24人擬具「性侵害犯罪防治法第八條條文修正草案」、（二）委員李桐豪等27人擬具「性侵害犯罪防治法第三條、第二十條及第二十二條之一條文修正草案」及（三）委員李昆澤等23人擬具「性侵害犯罪防治法第三條及第八條條文修正草案」案。三、審查委員劉建國等19人擬具「性侵害犯罪防治法第二條條文修正草案」案。四、繼續併案審查（一）司法院、行政院函請審議「法院組織法部分條文修正草案」、（二）委員尤美女等23人擬具「法院組織法部分條文修正草案」及（三）委員謝國樑等22人擬具「法院組織法部分條文修正草案」案。五、審查司法院函請審議「行政法院組織法部分條文修正草案」案。（5月27日及28日兩天一次會）,呂學樟;紀國棟;蔡其昌;江啟臣;黃偉哲;楊應雄;鄭天財Sra．Kacaw;盧嘉辰;陳歐珀;陳明文;李桐豪;賴振昌;周倪安;林德福;楊麗環;顏寬恒;李貴敏;邱文彥;薛凌;廖國棟;葉津鈴;陳怡潔;簡東明;潘維剛;尤美女;吳宜臻;王惠美;楊瓊瓔,
104/05/27,群賢樓101會議室,教育及文化委員會,無,立法院第8屆第7會期教育及文化委員會第13次全體委員會議,繼續審查104年度行政院主管「行政院國家科學技術發展基金附屬單位預算案」(未處理完畢部分)。,,
104/05/28,群賢樓802會議室,財政委員會,無,立法院第8屆第7會期財政委員會第12次全體委員會議,一、繼續審查本院委員薛凌等18人擬具「房屋稅條例第五條條文修正    草案」案、委員李應元等18人擬具「房屋稅條例第十一條文修正    草案」案等2案。二、繼續審查本院委員吳育仁等25人擬具「契稅條例第十四條條文修    正草案」案、委員黃文玲等22人擬具「契稅條例刪除第三十二條    條文草案」案等2案。三、繼續審查本院委員江啟臣等32人擬具「海關緝私條例第三十六條    及第四十五條之一條文修正草案」案。四、繼續審查本院委員蔡正元等16人擬具「促進民間參與公共建設法    第三十一條及第三十五條條文修正草案」案、台灣團結聯盟黨團    及委員林淑芬等22人|分別擬具「促進民間參與公共建設法第三    條條文修正草案」案、委員廖正井等24人擬具「促進民間參    與公共建設法第五條條文修正草案」案等4案。五、繼續審查本院委員江啟臣等20人、委員孫大千等20人、委員徐欣    瑩等25人及委員李貴敏等18人分別擬具「遺產及贈與稅法第二十    條條文修正草案」案、委員楊瓊瓔等22人擬具「遺產及贈與稅法    第十條之二條文修正草案」案、委員黃文玲等21人擬具「遺產及    贈與稅法刪除第四十三條條文草案」案、委員尤美女等28人擬具   「遺產及贈與稅法第六條及第二十三條條文修正草案」案、委員許    添財等18人擬具「遺產及贈與稅法第十三條條文修正草案」案、    委員羅明才等20人擬具「遺產及贈與稅法第三十條條文修正案」    (本案如經院會復議，則不予審查)等9案。六、繼續審查委員王惠美等21人擬具「中國輸出入銀行條例第四條及    第十一條條文修正草案」案、委員蔡正元等16人擬具「中國輸出    入銀行條例第四條條文修正草案」案等2案。七、繼續處理財政部函，為104年度中央政府總預算該部主管第9項決    議（六），凍結「關稅業務」1億1579萬元預算五分之一案，    請安排報告案。(本案如經院會復議，則不予處理)八、繼續處理行政院主計總處函，為104年度中央政府總預算決議，    有關預算凍結案計2案，俟向本院財政委員會報告後始得動支，    檢送專案報告，請安排報告案。(5月25日、27日及28日三天一次會),,
104/05/28,紅樓101會議室,經濟委員會,無,立法院第8屆第7會期經濟委員會第13次全體委員會議,一、繼續審查行政院函請審議「水利法部分條文修正草案」案。（詢答完畢）二、繼續審查行政院函請審議「自來水法部分條文修正草案」案。（詢答完畢）三、審查本院委員鄭天財等20人擬具「自來水法第十二條之一及第十二條之二條文修正草案」案。（5月25日、27日及28日三天一次會）,,
104/05/28,九樓大禮堂,修憲委員會,無,立法院第8屆修憲委員會第7次全體委員會議,司法院-司法院大法官人數、任期等考試院-考試院廢止及其職權移轉、明定考試委員人數、考試委員任期等,江惠貞;李桐豪;江啟臣;丁守中;李貴敏;賴振昌;陳亭妃;蔡錦隆;呂學樟;徐少萍;趙天麟;黃偉哲;鄭天財Sra．Kacaw;邱文彥;周倪安;陳歐珀;陳明文;廖國棟;賴士葆;尤美女;鄭麗君;李昆澤;林鴻池;吳育昇;呂學樟,
104/05/28,群賢樓801會議室,社會福利及衛生環境委員會,無,立法院第8屆第7會期社會福利及衛生環境委員會第22次全體委員會議,(5月28日) 三、邀請行政院環境保護署魏署長國彥、衛生福利部、經濟部、教育部等就「我國室內空氣品質管理法第一波適法場域輔導設置管理計畫之進度與成效，及第二波預告適法場域與未來之規劃進程」列席報告，並備質詢。,江惠貞;蘇清泉;趙天麟;陳節如;黃偉哲;鄭天財Sra．Kacaw;李桐豪;江啟臣;邱文彥;周倪安;李貴敏;陳歐珀;賴振昌;陳明文;蔡錦隆;孔文吉;呂學樟;徐少萍;鄭汝芬;田秋堇;楊曜;林淑芬,
104/05/28,紅樓302會議室,司法及法制委員會,無,立法院第8屆第7會期司法及法制委員會第20次全體委員會議,一、審查委員潘維剛等38人擬具「性侵害犯罪防治法部分條文修正草案」案。二、併案審查（一）委員趙天麟等24人擬具「性侵害犯罪防治法第八條條文修正草案」、（二）委員李桐豪等27人擬具「性侵害犯罪防治法第三條、第二十條及第二十二條之一條文修正草案」及（三）委員李昆澤等23人擬具「性侵害犯罪防治法第三條及第八條條文修正草案」案。三、審查委員劉建國等19人擬具「性侵害犯罪防治法第二條條文修正草案」案。四、繼續併案審查（一）司法院、行政院函請審議「法院組織法部分條文修正草案」、（二）委員尤美女等23人擬具「法院組織法部分條文修正草案」及（三）委員謝國樑等22人擬具「法院組織法部分條文修正草案」案。五、審查司法院函請審議「行政法院組織法部分條文修正草案」案。（5月27日及28日兩天一次會）,呂學樟;紀國棟;蔡其昌;江啟臣;黃偉哲;楊應雄;鄭天財Sra．Kacaw;盧嘉辰;陳歐珀;陳明文;李桐豪;賴振昌;周倪安;林德福;楊麗環;顏寬恒;李貴敏;邱文彥;薛凌;廖國棟;葉津鈴;陳怡潔;簡東明;潘維剛;尤美女;吳宜臻;王惠美;楊瓊瓔,
104/05/28,紅樓202會議室,內政委員會,無,立法院第8屆第7會期內政委員會第23次全體委員會議,一、處理104年度中央政府總預算有關客家委員會預算凍結項目報告案計8案。二、處理104年度中央政府總預算有關內政部預算凍結項目報告案計13案。三、處理104年度中央政府總預算有關內政部營建署及所屬預算凍結項目報告案計12案。(5月27日、28日兩天一次會),,
104/05/28,紅樓301會議室,外交及國防委員會,無,立法院第8屆第7會期外交及國防委員會第17次全體委員會議,一、審查本院民進黨黨團擬具「陸海空軍軍官士官服役條例部分條文修正草案」案。 二、審查本院台灣團結聯盟黨團擬具「陸海空軍軍官士官服役條例第三十三條及第三十四條條文修正草案」案。 三、審查本院委員蕭美琴等20人擬具「陸海空軍軍官士官服役條例第三十四條條文修正草案」案。 四、審查本院委員周倪安等18人擬具「陸海空軍軍官士官服役條例第二十四條及第三十四條條文修正草案」案。 五、審查本院委員陳唐山等19人擬具「陸海空軍軍官士官服役條例第三十三條及第三十四條條文修正草案」案。 六、審查本院委員陳亭妃等22人擬具「陸海空軍軍官士官服役條例第三十四條條文修正草案」案。 七、審查本院委員薛凌等18人擬具「陸海空軍軍官士官服役條例第三十四條條文修正草案」案。 八、審查本院委員薛凌等19人擬具「陸海空軍軍官士官服役條例第三十四條條文修正草案」案。 九、本院委員姚文智等21人擬具「陸海空軍軍官士官服役條例第三十四條條文修正草案」案。 十、審查本院委員李昆澤等16人擬具「陸海空軍軍官士官服役條例第三十四條條文修正草案」案。 十一、審查本院委員陳其邁等19人擬具「陸海空軍軍官士官服役條例部分條文修正草案」案。 十二、審查本院委員馬文君等17人擬具「陸海空軍軍官士官服役條例第十四條、第十五條及第二十四條條文修正草案」案。 十三、審查本院台灣團結聯盟黨團擬具「陸海空軍軍官士官服役條例部分條文修正草案」案。〈5月27日及28日二天一次會〉,黃偉哲;李桐豪;蔡煌瑯;陳鎮湘;蕭美琴;詹凱臣;蔡錦隆;林郁方;江啟臣;鄭天財Sra．Kacaw;邱文彥;李貴敏;周倪安;陳歐珀;陳唐山;賴振昌;孔文吉;呂學樟;陳明文;馬文君,
104/06/01,九樓大禮堂,修憲委員會,無,立法院第8屆修憲委員會第8次全體委員會議,討論議題：監察院-監察院廢止及其職權移轉、監察委員任期、監察委員人數等省縣自治-省政府廢止,江惠貞;呂學樟;賴士葆;李貴敏;李俊俋;李昆澤;盧秀燕;黃昭順;賴振昌;林德福;吳育仁;陳亭妃;費鴻泰;鄭汝芬;鄭麗君;許添財;莊瑞雄;陳歐珀;陳明文;鄭天財Sra．Kacaw;潘維剛;邱文彥;王育敏;丁守中;蘇清泉;葉津鈴;簡東明;蔣乃辛;邱志偉;黃志雄;陳怡潔;周倪安;林鴻池;楊瓊瓔;陳其邁;徐少萍;顏寬恒;劉櫂豪;林德福;劉櫂豪;尤美女;管碧玲;許添財;林鴻池;林滄敏;丁守中;陳歐珀;林滄敏;葉宜津,
104/06/01,紅樓202會議室,內政委員會,無,立法院第8屆第7會期內政委員會第24次全體委員會議,(報告事項) 邀請內政部部長陳威仁、營建署署長許文龍、國防部部長高廣圻、國家發展委員會副主任委員、經濟部次長、教育部次長、財政部國有財產署署長針對「中央政府如何協助地方政府就土地撥用、住宅基金財源、專責機構等面向談當前社會住宅推動興辦問題」進行專題報告並備質詢。另請法務部、行政院主計總處、原住民族委員會、臺北市政府、新北市政府、桃園市政府、臺中市政府、臺南市政府、高雄市政府派員列席備詢及說明。(討論事項)一、審查本院委員李昆澤等21人擬具「住宅法第十二條及第四十六條條文修正草案」。二、審查本院委員李應元等17人擬具「住宅法部分條文修正草案」案。三、審查本院委員李昆澤等19人擬具「住宅法第四十六條條文修正草案」案。四、審查台灣團結聯盟黨團擬具「住宅法第四十六條及第五十四條條文修正草案」案。五、審查本院委員王育敏等23人擬具「住宅法第三條、第四條及第十二條條文修正草案」案。六、審查本院委員何欣純等18人擬具「住宅法第九條條文修正草案」。七、審查本院委員林國正等16人擬具「住宅法第三條及第十四條之一條文修正草案」案。八、審查行政院函請審議「住宅法第十二條之一及第五十四條條文修正草案」案。九、審查本院委員林國正等18人擬具「住宅法第三條及第二十七條條文修正草案」案。十、審查本院委員顏寬恒等19人擬具「住宅法第六條、第十二條之一及第五十四條條文修正草案」案。十一、審查本院委員陳節如等16人擬具「住宅法部分條文修正草案」案。十二、審查本院委員尤美女等19人擬具「住宅法部分條文修正草案」案。十三、審查本院委員黃志雄等17人擬具「住宅法第三條、第四條及第二十四條條文修正草案」案。十四、審查本院委員黃志雄等17人擬具「住宅法第十二條之一及第五十四條條文修正草案」案。十五、審查請願文書1案。,段宜康;莊瑞雄;鄭天財Sra．Kacaw;張慶忠;盧嘉辰;陳節如;李俊俋;陳怡潔;周倪安;劉櫂豪;陳超明;江惠貞;邱志偉;許添財;林德福;孔文吉;盧秀燕;呂學樟;潘維剛;許淑華;葉宜津;羅淑蕾;楊麗環;管碧玲;李貴敏;王育敏;黃昭順;蘇清泉;葉津鈴;陳亭妃;簡東明;賴振昌;何欣純;陳明文;蔣乃辛;鄭汝芬;高金素梅;楊瓊瓔;姚文智;尤美女;顏寬恒;邱文彥;陳歐珀;陳其邁;林滄敏;姚文智,
104/06/01,紅樓201會議室,交通委員會,無,立法院第8屆第7會期交通委員會第14次全體委員會議,一、邀請國家通訊傳播委員會主任委員石世豪列席就「網路塞車影響消費者權益」提出報告，並備質詢。 二、處理103年度中央政府總預算有關國家通訊傳播委員會主管附屬單位預算非營業部分預算動支1案。(以上二案合併報告詢答、分開處理)(6月1日及4日二天一次會),李昆澤;陳歐珀;葉宜津;羅淑蕾;楊麗環;陳素月;管碧玲;簡東明;鄭天財Sra．Kacaw;陳明文;孔文吉;江惠貞;許添財;林德福;盧秀燕;呂學樟;潘維剛;邱文彥;李貴敏;黃昭順;蘇清泉;葉津鈴;陳亭妃;賴振昌;何欣純;盧嘉辰;張慶忠;邱志偉;蔣乃辛;陳怡潔;鄭汝芬;高金素梅;周倪安;林淑芬;楊瓊瓔;王進士;許淑華;顏寬恒;劉櫂豪,
104/06/01,群賢樓802會議室,財政委員會,經濟委員會、內政委員會、司法及法制委員會、交通委員會、社會福利及衛生環境委員會、教育及文化委員會,立法院第8屆第7會期財政、內政、經濟、教育及文化、交通、司法及法制、社會福利及衛生環境委員會第1次聯席會議,審查行政院函請審議「103年度中央政府總預算第二預備金動支數額表」案等11案。,許添財;吳秉叡;林德福;賴士葆;盧秀燕;潘維剛;陳明文;黃志雄;孫大千;呂學樟;李貴敏;管碧玲;葉津鈴;陳亭妃;賴振昌;黃昭順;蘇清泉;盧嘉辰;蔣乃辛;孔文吉;鄭天財Sra．Kacaw;林淑芬;陳怡潔;陳其邁;周倪安;邱志偉;楊瓊瓔;許淑華;鄭汝芬;江惠貞;吳育仁;陳碧涵;林鴻池;楊玉欣;邱文彥;曾巨威;李昆澤;劉建國;鄭麗君;黃國書;趙天麟;何欣純;莊瑞雄;費鴻泰,
104/06/01,紅樓101會議室,經濟委員會,無,立法院第8屆第7會期經濟委員會第14次全體委員會議,一、邀請國家發展委員會主任委員、經濟部部長、財政部部長、中央銀行列席報告「如何拓展外銷提振我國（含機械、電子、工具機業等）出口產值」，並備質詢。二、審查行政院函請審議「公司法部分條文修正草案」案。三、審查本院委員賴士葆等28人擬具「公司法增訂第二百零八條之二及第二百零八條之三條文草案」案。四、審查本院委員賴士葆等22人擬具「公司法部分條文修正草案」案。五、審查行政院函請審議「專利師法部分條文修正草案」案。（6月1日、3日二天一次會）,林岱樺;陳明文;高志鵬;林德福;李貴敏;楊瓊瓔;丁守中;葉津鈴;黃昭順;孔文吉;邱志偉;邱議瑩;王育敏;許添財;劉櫂豪;江惠貞;呂學樟;陳歐珀;盧秀燕;葉宜津;邱文彥;潘維剛;蘇清泉;鄭天財Sra．Kacaw;簡東明;管碧玲;吳育仁;賴振昌;陳亭妃;何欣純;廖國棟;鄭汝芬;蔣乃辛;高金素梅;黃國書;許淑華;陳怡潔;林滄敏;李昆澤;莊瑞雄;周倪安;翁重鈞,
104/06/01,群賢樓101會議室,教育及文化委員會,無,立法院第8屆第7會期教育及文化委員會第14次全體委員會議,繼續審查104年度國立故宮博物院主管「故宮文物藝術發展基金附屬單位預算案」案。(處理),,
104/06/01,群賢樓801會議室,社會福利及衛生環境委員會,無,立法院第8屆第7會期社會福利及衛生環境委員會第23次全體委員會議,(6月1日) 一、審查(一)委員蘇清泉等18人擬具「勞工保險條例第四條條文修正草案」、(二)委員江惠貞等18人擬具「勞工保險條例第四條條文修正草案」、(三)委員吳育仁等17人擬具「勞工保險條例增訂第十七條之一條文草案」、(四)委員蔣乃辛等23人擬具「勞工保險條例第四條及第十七條之一條文修正草案」、(五)委員鄭汝芬等20人擬具「勞工保險條例第十七條條文修正草案」等5案。二、審查(一)委員鄭汝芬等22人擬具「勞動基準法第五十八條條文修正草案」、(二)委員江惠貞等20人擬具「勞動基準法增訂第五十六條之一條文草案」、(三)委員吳育仁等27人擬具「勞動基準法第七十四條及第七十九條條文修正草案」等3案。 三、審查(一)委員蘇清泉等19人擬具「工會法第三條條文修正草案」、(二)委員江惠貞等18人擬具「工會法第三條條文修正草案」、(三)委員盧秀燕等20人擬具「工會法第三條條文修正草案」等3案。 四、審查(一) 委員蘇清泉等18人擬具「勞資爭議處理法第四條條文修正草案」、(二)委員江惠貞等18人擬具「勞資爭議處理法第四條條文修正草案」等2案。 五、審查(一)委員蘇清泉等17人擬具「團體協約法第五條條文修正草案」、(二)委員江惠貞等17人擬具「團體協約法第五條條文修正草案」等2案。  六、審查(一)委員蘇清泉等20人擬具「大量解僱勞工保護法第三條及第十一條條文修正草案」、(二) 委員江惠貞等18人擬具「大量解僱勞工保護法第三條條文修正草案」、(三)委員盧秀燕等19人擬具「大量解僱勞工保護法第三條條文修正草案」等3案。 七、審查(一)委員蘇清泉等16人擬具「職業訓練法第二條條文修正草案」、(二)委員江惠貞等18人擬具「職業訓練法第二條條文修正草案」、(三) 委員盧秀燕等21人擬具「職業訓練法第二條條文修正草案」等3案。 八、審查(一)委員蘇清泉等19人擬具「勞工退休金條例第二條條文修正草案」、(二)委員江惠貞等18人擬具「勞工退休金條例第二條條文修正草案」、(三)委員盧秀燕等18人擬具「勞工退休金條例第二條條文修正草案」、(四)委員江惠貞等16人擬具「勞工退休金條例第二十九條條文修正草案」等4案。 九、審查委員蘇清泉等18人擬具「職工福利金條例第五條條文修正草案」案。 十、審查人民請願案1案。 (6月3日) 十一、處理中華民國104年度中央政府總預算有關行政院環境保護署主管預算解凍案18案。 (6月4日) 十二、處理中華民國104年度中央政府總預算有關衛生福利部主管預算解凍案25案。,江惠貞;蘇清泉;陳節如;鄭汝芬;吳育仁;楊曜;王育敏;李貴敏;劉建國;許添財;徐少萍;盧秀燕;趙天麟;管碧玲;林淑芬;楊玉欣;潘維剛;邱文彥;呂學樟;鄭天財Sra．Kacaw;陳歐珀;葉津鈴;黃昭順;陳亭妃;簡東明;賴振昌;蔣乃辛;盧嘉辰;邱志偉;陳怡潔;陳其邁;周倪安;楊瓊瓔;林鴻池;葉宜津;田秋堇;林德福;李昆澤;吳秉叡;劉櫂豪;陳明文,
104/06/01,紅樓302會議室,司法及法制委員會,無,立法院第8屆第7會期司法及法制委員會,「行政程序法第117條難道只是擺著好看？撤銷烏龍稅單」公聽會,,
104/06/02,紅樓201會議室,程序委員會,無,第8屆第7會期程序委員會第15次會議,審定本院第8屆第7會期第15次會議議事日程及處理 人民請願案,王育敏,
104/06/03,紅樓302會議室,司法及法制委員會,無,立法院第8屆第7會期司法及法制委員會第21次全體委員會議,6月3日（星期三）一、邀請法務部部長、法務部矯正署署長、衛生福利部次長、行政院主計總處副主計長、衛生福利部中央健康保險署署長就「監所自營與委託加工作業金差異過大、分配比例及健保費分擔等問題」列席專案報告，並備質詢。二、審查委員孫大千等20人擬具「監獄行刑法增訂第十一條之一條文草案」案。三、審查委員邱志偉等19人擬具「監獄行刑法第三十三條條文修正草案」案。四、審查本院台灣團結聯盟黨團擬具「監獄行刑法第三十二條及第五十七條之一條文修正草案」案。五、審查委員顏寬恒等19人擬具「監獄行刑法第十四條條文修正草案」案六、審查委員邱議瑩等25人擬具「監獄行刑法第五十八條條文修正草案」案。6月4日（星期四）七、併案審查（一）委員吳宜臻等36人擬具「民法親屬編部分條文修正草案」、（二）委員李慶華等18人擬具「民法第一千零五十三條條文修正草案」、（三）委員潘維剛等27人擬具「民法部分條文修正草案」、（四）委員李俊俋等17人擬具「民法第一千零五十二條條文修正草案」及（五）委員李俊俋等17人擬具「民法第一千零五十八條條文修正草案」案。（6月3日及4日兩天一次會),顏寬恒;蔡其昌;呂學樟;王惠美;廖正井;劉櫂豪;吳宜臻;李貴敏;林滄敏;尤美女;邱志偉;盧嘉辰;李桐豪;盧秀燕;許添財;周倪安;蔣乃辛;陳明文;蔡正元;邱文彥;蔡錦隆;陳亭妃;陳怡潔;葉津鈴;張慶忠;呂玉玲;賴振昌;莊瑞雄;黃偉哲;鄭天財Sra．Kacaw,
104/06/03,群賢樓101會議室,教育及文化委員會,無,立法院第8屆第7會期教育及文化委員會第15次全體委員會議,邀請教育部部長就「教育部訂出今年8月各大學學雜費可漲1.89%到5%申請案，為近10年來最大調幅，對弱勢學生所造成之影響衝擊」，提出專題報告，並備質詢。(6月3日、6月4日2天一次會),陳碧涵;黃國書;孔文吉;高金素梅;陳亭妃;蔣乃辛;賴振昌;何欣純;鄭麗君;黃志雄;高志鵬;江啟臣;管碧玲;周倪安;盧秀燕;王育敏;呂玉玲;許智傑;楊玉欣;陳學聖;王惠美;李桐豪;蔡正元;邱志偉;李貴敏;陳明文;邱文彥;葉津鈴;陳怡潔;許添財;呂學樟;林德福;鄭汝芬;姚文智;顏寬恒;陳素月;陳淑慧;鄭天財Sra．Kacaw;盧嘉辰;黃偉哲,
104/06/03,紅樓101會議室,經濟委員會,無,立法院第8屆第7會期經濟委員會第1次公聽會,「水土保持法部分條文修正草案」公聽會（必要時延長）,,
104/06/03,紅樓301會議室,外交及國防委員會,無,立法院第8屆第7會期外交及國防委員會第18次全體委員會議,一、邀請外交部部長報告「外交部駐外館處之館長統一指揮權暨各駐外單位協助辦理外交事務成果」，併請國防部、僑務委員會、教育部、法務部、經濟部、交通部、文化部、勞動部、科技部、中央銀行、金融監督管理委員會、內政部警政署及移民署派員列席，並備質詢。二、處理院會交付外交部104年度中央政府總預算決議凍結案等3案。三、審查本院委員林郁方等19人擬具「國防法增訂第六條之一條文草案」案。四、審查本院委員姚文智等19人擬具「國防法第十四條條文修正草案」案。〈6月3日及4日二天一次會〉,江啟臣;黃偉哲;蔡煌瑯;李桐豪;陳鎮湘;蔡錦隆;陳唐山;林郁方;詹凱臣;顏寬恒;邱志偉;周倪安;廖正井;盧嘉辰;李貴敏;盧秀燕;許添財;賴振昌;蔣乃辛;陳明文;陳亭妃;邱文彥;陳怡潔;葉津鈴;王惠美;呂學樟;張慶忠;莊瑞雄,
104/06/03,紅樓101會議室,經濟委員會,無,立法院第8屆第7會期經濟委員會第14次全體委員會議,一、審查政院函請審議「漁業法部分條文修正草案」案。二、審查本院委員王惠美等23人擬具「漁業法刪除第五十七條條文草案」案。三、審查本院委員邱文彥等39人擬具「森林法部分條文修正草案」案。（本案如無共識，則不予逐條審查）（6月1日、3日二天一次會）,廖正井;丁守中;蘇震清;高志鵬;陳明文;顏寬恒;李貴敏;葉津鈴;張嘉郡;黃偉哲;周倪安;黃昭順;許添財;孔文吉;林德福;江啟臣;陳碧涵;盧嘉辰;鄭天財Sra．Kacaw;賴振昌;高金素梅;盧秀燕;李桐豪;邱文彥;蔣乃辛;何欣純;陳亭妃;管碧玲;蔡錦隆;陳唐山;呂學樟;王惠美;姚文智;黃國書;邱志偉;翁重鈞,
104/06/03,群賢樓802會議室,財政委員會,無,立法院第8屆第7會期財政委員會第13次全體委員會議,一、邀請財政部張部長盛和、行政院主計總處石主計長    素梅、國家發展委員會杜主任委員紫軍、經濟部鄧    部長振中、交通部陳部長建宇就「公共私營合作模    式（PPP）之可行性，如何強化國家公共建設發展    策略」專題報告，並備質詢。二、繼續審查(一)本院委員葉宜津等19人擬具「土地稅    法第十五條及第十六條條文修正草案」案、(二)本    院委員李昆澤等19人擬具「土地稅法第十五條及第    十六條條文修正草案」案、(三)本院委員盧秀燕等    25人擬具「土地稅法第十五條及第十六條條文修正    草案」案、(四)本院委員許添財等18人擬具「土地    稅法第十五條及第十六條條文修正草案」案、(五)    本院委員蔡其昌等18人擬具「土地稅法第六條條文    修正草案」案、(六)本院委員陳超明等26人擬具「    土地稅法第二十二條條文修正草案」案、(七)本院    委員吳宜臻等23人擬具「土地稅法第十九條條文修    正草案」案、(八)本院委員潘孟安等18人擬具「土    地稅法第六條之一及第二十條條文修正草案」案、    (九)本院委員李應元等16人擬具「土地稅法第九條    條文修正草案」案等9案。三、審查(一)行政院函請審議「土地稅法第三十一條之    一條文修正草案」案、(二)本院委員李俊俋等16人    擬具「土地稅法第九條條文修正草案」案、(三)本    院委員江惠貞等23人擬具「土地稅法第三十九條條    文修正草案」案、(四)本院委員吳秉叡等21人擬具    「土地稅法第三十五條條文修正草案」案、(五)本    院委員吳秉叡等21人擬具「土地稅法第五十三條條    文修正草案」案、(六)本院委員吳秉叡等21人擬具    「土地稅法第三十九條條文修正草案」案等6案。    (6月3日及4日兩天一次會),許添財;吳秉叡;林德福;江啟臣;孫大千;賴士葆;費鴻泰;顏寬恒;賴振昌;潘維剛;鄭天財Sra．Kacaw;李桐豪;陳碧涵;李貴敏;黃偉哲;周倪安;蔣乃辛;邱文彥;管碧玲;葉津鈴;陳怡潔;王惠美;呂學樟;盧秀燕;邱志偉;蔡正元;林滄敏,
104/06/03,九樓大禮堂,修憲委員會,無,立法院第8屆修憲委員會第9次全體委員會議,討論議題：基本國策-延長接受國民教育年齡、離島地區居民權益保障、人權立國、基本權保障並與國際接軌、原住民權利保障等,李貴敏;李俊俋;賴振昌;徐少萍;高金素梅;江惠貞;呂學樟;盧秀燕;管碧玲;江啟臣;林德福;李昆澤;李桐豪;陳亭妃;孔文吉;許添財;盧嘉辰;鄭天財Sra．Kacaw;周倪安;蔣乃辛;顏寬恒;葉津鈴;陳怡潔;王育敏;王惠美;林鴻池;賴士葆;尤美女;鄭麗君;田秋堇;吳育昇,
104/06/03,群賢樓801會議室,社會福利及衛生環境委員會,無,立法院第8屆第7會期社會福利及衛生環境委員會第23次全體委員會議,(6月3日) 十一、處理中華民國104年度中央政府總預算有關行政院環境保護署主管預算解凍案18案。 ,王育敏;鄭汝芬;陳節如;徐少萍;江惠貞;蘇清泉;林淑芬;許添財;林鴻池;林德福;江啟臣;盧嘉辰;鄭天財Sra．Kacaw;周倪安;李桐豪;顏寬恒;李貴敏;黃偉哲;賴振昌;蔣乃辛;邱文彥;陳亭妃;何欣純;管碧玲;葉津鈴;蔡錦隆;王惠美;呂學樟;陳碧涵;盧秀燕;孔文吉;吳秉叡;劉建國,
104/06/03,紅樓202會議室,內政委員會,無,立法院第8屆第7會期內政委員會第25次全體委員會議,一、中央選舉委員會函為104年度中央政府總預算決議，檢送「公設開票錄影」專案報告，請安排報告案。 二、處理104年度中央政府總預算有關行政院大陸委員會預算凍結項目報告案計6案。 三、處理104年度中央政府總預算有關中央選舉委員會預算凍結項目報告案計3案。 四、處理104年度中央政府總預算有關內政部空中勤務總隊預算凍結項目報告案計5案。,盧嘉辰;莊瑞雄;鄭天財Sra．Kacaw;周倪安;李俊俋;陳怡潔;張慶忠;李貴敏;吳育昇;段宜康;邱志偉;孔文吉;陳明文;邱文彥;許添財;盧秀燕;賴振昌;蔣乃辛;李桐豪;何欣純;陳亭妃;葉津鈴;王惠美;呂學樟;姚文智;陳超明;黃偉哲;陳其邁;顏寬恒;林滄敏;姚文智,
104/06/04,紅樓202會議室,內政委員會,無,立法院第8屆第7會期內政委員會第26次全體委員會議,一、處理104年度中央政府總預算有關內政部警政署及所屬預算凍結項目報告案計15案。 二、處理104年度中央政府總預算有關內政部中央警察大學預算凍結項目報告案計1案。 三、審查本院委員林岱樺等19人擬具「鎖業法草案」案。,盧嘉辰;段宜康;莊瑞雄;鄭天財Sra．Kacaw;李俊俋;陳怡潔;林岱樺;姚文智;吳育昇;周倪安;李桐豪;江啟臣;徐志榮;簡東明;賴振昌;陳亭妃;黃偉哲;楊麗環;何欣純;蔣乃辛;呂學樟;廖國棟;呂玉玲;陳超明;陳歐珀;邱文彥;陳其邁;李貴敏;李昆澤;蘇清泉;劉建國;姚文智,
104/06/04,群賢樓801會議室,社會福利及衛生環境委員會,無,立法院第8屆第7會期社會福利及衛生環境委員會第23次全體委員會議,(6月4日)十二、處理中華民國104年度中央政府總預算有關衛生福利部主管預算解凍案25案。,楊玉欣;鄭汝芬;陳節如;徐少萍;蘇清泉;吳育仁;林淑芬;林鴻池;劉建國;楊曜;簡東明;田秋堇;賴振昌;陳亭妃;黃偉哲;蔣乃辛;呂玉玲;呂學樟;江啟臣;李桐豪;鄭天財Sra．Kacaw;陳歐珀;周倪安;李貴敏;邱文彥,
104/06/04,群賢樓101會議室,教育及文化委員會,無,立法院第8屆第7會期教育及文化委員會第15次全體委員會議,併案審查委員許智傑等18人擬具「國民教育法第四條、第九條及第十條條文修正草案」、委員蔣乃辛等29人、委員林佳龍等31人擬具「國民教育法第五條條文修正草案」、委員蔣乃辛等20人、委員陳亭妃等20人擬具「國民教育法第五條之一條文修正草案」、委員徐少萍等18人擬具「國民教育法第五條之一及第十條條文修正草案」、委員許添財等18人擬具「國民教育法第九條條文修正草案」、委員陳明文等22人、委員薛凌等21人擬具「國民教育法第十條條文修正草案」、委員陳亭妃等21人擬具「國民教育法第十一條條文修正草案」、委員許智傑等22人、委員丁守中等20人、委員許智傑等20人擬具「國民教育法第十二條條文修正草案」、委員許智傑等23人擬具「國民教育法第十五條條文修正草案」案。（除委員許智傑等18人擬具「國民教育法第四條、第九條及第十條條文修正草案」案及委員薛凌等21人擬具「國民教育法第十條條文修正草案」案尚未詢答，其餘12案均已詢答完畢）(6月3日、6月4日2天一次會),陳碧涵;黃國書;陳淑慧;許智傑;黃志雄;何欣純;鄭麗君;黃偉哲;呂玉玲;賴振昌;陳學聖;蔣乃辛;鄭天財Sra．Kacaw;陳歐珀;周倪安;江啟臣;李貴敏;簡東明;邱文彥;管碧玲;陳亭妃;鄭汝芬;徐少萍;廖國棟,
104/06/04,紅樓302會議室,司法及法制委員會,無,立法院第8屆第7會期司法及法制委員會第21次全體委員會議,6月3日（星期三）一、邀請法務部部長、法務部矯正署署長、衛生福利部次長、行政院主計總處副主計長、衛生福利部中央健康保險署署長就「監所自營與委託加工作業金差異過大、分配比例及健保費分擔等問題」列席專案報告，並備質詢。二、審查委員孫大千等20人擬具「監獄行刑法增訂第十一條之一條文草案」案。三、審查委員邱志偉等19人擬具「監獄行刑法第三十三條條文修正草案」案。四、審查本院台灣團結聯盟黨團擬具「監獄行刑法第三十二條及第五十七條之一條文修正草案」案。五、審查委員顏寬恒等19人擬具「監獄行刑法第十四條條文修正草案」案六、審查委員邱議瑩等25人擬具「監獄行刑法第五十八條條文修正草案」案。6月4日（星期四）七、併案審查（一）委員吳宜臻等36人擬具「民法親屬編部分條文修正草案」、（二）委員李慶華等18人擬具「民法第一千零五十三條條文修正草案」、（三）委員潘維剛等27人擬具「民法部分條文修正草案」、（四）委員李俊俋等17人擬具「民法第一千零五十二條條文修正草案」及（五）委員李俊俋等17人擬具「民法第一千零五十八條條文修正草案」案。（6月3日及4日兩天一次會),吳宜臻;蔡其昌;紀國棟;呂學樟;周倪安;簡東明;邱文彥;賴振昌;陳亭妃;黃偉哲;楊麗環;蔣乃辛;廖國棟;呂玉玲;吳育昇,
104/06/04,紅樓201會議室,交通委員會,無,立法院第8屆第7會期交通委員會第14次全體委員會議,一、邀請國家通訊傳播委員會主任委員石世豪列席就「網路塞車影響消費者權益」提出報告，並備質詢。二、處理103年度中央政府總預算有關國家通訊傳播委員會主管附屬單位預算非營業部分預算動支1案。(以上二案合併報告詢答、分開處理)(6月1日及4日二天一次會),李昆澤;陳歐珀;陳素月;羅淑蕾;楊麗環;簡東明;管碧玲;劉櫂豪;王進士;陳明文;孔文吉;江惠貞;許添財;林德福;盧秀燕;李鴻鈞;潘維剛;邱文彥;李貴敏;黃昭順;蘇清泉;葉津鈴;陳亭妃;賴振昌;何欣純;盧嘉辰;張慶忠;邱志偉;蔣乃辛;陳怡潔;鄭汝芬;高金素梅;周倪安;林淑芬;楊瓊瓔;鄭天財Sra．Kacaw;許淑華;顏寬恒;葉宜津;林國正;李桐豪;呂學樟;黃偉哲;廖國棟;呂玉玲;江啟臣,
104/06/04,群賢樓802會議室,財政委員會,無,立法院第8屆第7會期財政委員會第13次全體委員會議,繼續審查(一)行政院函請審議「土地稅法第三十一條之一條文修正草案」案、(二)本院委員葉宜津等19人擬具「土地稅法第十五條及第十六條條文修正草案」案、(三)本院委員李昆澤等19人擬具「土地稅法第十五條及第十六條條文修正草案」案、(四)本院委員盧秀燕等25人擬具「土地稅法第十五條及第十六條條文修正草案」案、(五)本院委員許添財等18人擬具「土地稅法第十五條及第十六條條文修正草案」案、(六)本院委員蔡其昌等18人擬具「土地稅法第六條條文修正草案」案、(七)本院委員陳超明等26人擬具「土地稅法第二十二條條文修正草案」案、(八)本院委員吳宜臻等23人擬具「土地稅法第十九條條文修正草案」案、(九)本院委員潘孟安等18人擬具「土地稅法第六條之一及第二十條條文修正草案」案、(十)本院委員李應元等16人擬具「土地稅法第九條條文修正草案」案等9案、(十一)本院委員李俊俋等16人擬具「土地稅法第九條條文修正草案」案、(十二)本院委員江惠貞等23人擬具「土地稅法第三十九條條文修正草案」案、(十三)本院委員吳秉叡等21人擬具「土地稅法第三十五條條文修正草案」案、(十四)本院委員吳秉叡等21人擬具「土地稅法第五十三條條文修正草案」案、(十五)本院委員吳秉叡等21人擬具「土地稅法第三十九條條文修正草案」案等15案。(6月3日及4日兩天一次會),,
104/06/04,紅樓301會議室,外交及國防委員會,無,立法院第8屆第7會期外交及國防委員會第18次全體委員會議,一、邀請外交部部長報告「外交部駐外館處之館長統一指揮權暨各駐外單位協助辦理外交事務成果」，併請國防部、僑務委員會、教育部、法務部、經濟部、交通部、文化部、勞動部、科技部、中央銀行、金融監督管理委員會、內政部警政署及移民署派員列席，並備質詢。二、處理院會交付外交部104年度中央政府總預算決議凍結案等3案。三、審查本院委員林郁方等19人擬具「國防法增訂第六條之一條文草案」案。四、審查本院委員姚文智等19人擬具「國防法第十四條條文修正草案」案。〈6月3日及4日二天一次會〉,,
104/06/04,九樓大禮堂,修憲委員會,無,立法院第8屆修憲委員會第10次全體委員會議,討論議題：憲法修正案之提出-憲法修正程序,呂學樟;李俊俋;徐少萍;江啟臣;吳育昇;李昆澤;陳唐山;陳亭妃;李桐豪;鄭天財Sra．Kacaw;陳歐珀;周倪安;簡東明;邱文彥;蔣乃辛;呂玉玲;管碧玲;姚文智;廖國棟;賴振昌;林德福;鄭麗君;陳其邁;賴士葆;呂學樟;李慶華;尤美女,
104/06/08,紅樓301會議室,外交及國防委員會,無,立法院第8屆第7會期外交及國防委員會第19次全體委員會議,審查國防部函送國家中山科學研究院104年度預算書案。,黃偉哲;蔡煌瑯;江啟臣;陳鎮湘;林郁方;李桐豪;蕭美琴;陳唐山;蔡錦隆;詹凱臣;楊應雄;馬文君;楊瓊瓔;林德福;周倪安;許添財;江惠貞;潘維剛;盧秀燕;呂學樟;邱文彥;蔣乃辛;李貴敏;蘇清泉;賴振昌;葉津鈴;陳怡潔;陳明文;盧嘉辰,
104/06/08,紅樓301會議室,外交及國防委員會,無,立法院第8屆第7會期外交及國防委員會第19次全體委員會議,一、繼續審查行政院函請審議「條約締結法草案」案。二、繼續審查本院委員高志鵬等24人擬具「條約締結法草案」案。三、繼續審查本院委員江啟臣等19人擬具「條約締結法草案」案。,,
104/06/08,群賢樓801會議室,社會福利及衛生環境委員會,無,立法院第8屆第7會期社會福利及衛生環境委員會第24次全體委員會議,（上午） 一、請衛生福利部蔣部長丙煌、教育部、交通部、法務部、勞動部、文化部、國家通訊傳播委員會、內政部警政署、內政部營建署、內政部消防署、經濟部標準檢驗局、經濟部商業司、經濟部水利署等就「『行政院兒童及少年安全實施方案』辦理成效，並就兒少食品安全、校園環境安全、兒少娛樂問題等面向對兒童安全保護之問題與對策」列席報告，並備質詢。 二、請衛生福利部蔣部長丙煌、行政院農業委員會等就「手搖杯標示相關期程」列席報告，並備質詢。 （下午） 三、請衛生福利部蔣部長丙煌、外交部、交通部等就「中東呼吸症候群冠狀病毒感染症(MERS)疫情概況及我國防疫工作（含部會職掌分工、因應與整備策略等）並請衛生福利部就醫療院所因應大量傷患或疑似MERS 病患時，如何落實醫院分級與動線分流管制，確保民眾安全」列席報告，並備質詢。 四、請衛生福利部蔣部長丙煌、勞動部等就「如何改善急診壅塞、重症病人滯留無法於6小時內轉入加護病房、各醫學中心住院床位管控調度制度、國內急重症醫護人力短缺及關床現況」列席報告，並備質詢。,蘇清泉;陳節如;吳育仁;江惠貞;鄭汝芬;劉建國;王育敏;徐少萍;趙天麟;楊瓊瓔;何欣純;田秋堇;王惠美;許添財;林淑芬;潘維剛;江啟臣;盧嘉辰;黃偉哲;陳明文;李桐豪;周倪安;邱文彥;陳碧涵;呂學樟;蔣乃辛;管碧玲;蔡錦隆;葉津鈴;賴振昌;李貴敏;吳秉叡;陳怡潔;羅明才;陳其邁;盧秀燕;呂玉玲;李昆澤;吳育昇;林德福,
104/06/08,紅樓302會議室,司法及法制委員會,無,立法院第8屆第7會期司法及法制委員會第22次全體委員會議,一、繼續併案審查（一）司法院、行政院函請審議「法院組織法部分條文修正草案」、（二）委員尤美女等23人擬具「法院組織法部分條文修正草案」及（三）委員謝國樑等22人擬具「法院組織法部分條文修正草案」案。二、繼續審查司法院函請審議「行政法院組織法部分條文修正草案」案。,,
104/06/08,紅樓101會議室,經濟委員會,無,立法院第8屆第7會期經濟委員會第15次全體委員會議,邀請經濟部部長、國家安全局、行政院大陸委員會、內政部列席報告「陸資在台投資現況暨陸資投資後稽查工作落實情形」，並備質詢。,邱議瑩;段宜康;楊瓊瓔;黃昭順;葉津鈴;蘇震清;李貴敏;陳明文;陳唐山;管碧玲;江惠貞;鄭汝芬;江啟臣;黃偉哲;丁守中;許添財;呂學樟;盧嘉辰;黃國書;李桐豪;蕭美琴;潘維剛;盧秀燕;周倪安;陳碧涵;邱文彥;蘇清泉;吳育仁;蔣乃辛;廖國棟;莊瑞雄;賴振昌;何欣純;費鴻泰;羅明才;陳怡潔;林德福;翁重鈞;陳其邁;吳育昇;王惠美;蔡錦隆;高志鵬;廖正井;林滄敏,
104/06/08,群賢樓802會議室,財政委員會,無,立法院第8屆第7會期財政委員會第14次全體委員會議,一、邀請金融監督管理委員會曾主任委員銘宗就院會交付「加強上市    (櫃)公司食品安全之內    部控制並落實公司治理」專案報告，並備質詢。二、審查本院委員李應元等32人擬具「會計法第九十九條之一條文修    正草案」案、委員蔡正元等29人擬具「會計法增訂第九十九條之    二條文草案」案等2案。三、審查本院委員陳根德等16人擬具「金融消費者保護法第二十四條    條文修正草案」案。四、審查本院委員李桐豪等19人擬具「金融控股公司法第五十三條條    文修正草案」案。五、審查本院委員李貴敏等17人擬具「證券交易法第二十條之一條文    修正草案」案、委員丁守中等19人擬具「證券交易法第四十三條    之六條文修正草案」案、委員李昆澤等17人擬具「證券交易法第    十四條之六及第一百七十八條條文修正草案」案、委員李俊俋等     17人、委員李應元等17人分別擬具「證券交易法第二十六條之三    條文修正草案」案、委員孫大千等21人擬具 「證券交易法第一    百七十八條條文修正草案」案、委員盧秀燕等17人擬具「證券交    易法第六條及第二十二條條文修正草案」案、委員許添財等19人    擬具「證券交易法第一百五十六條條文修正草案」案、委員許智    傑等29人、委員劉建國等16人、委員盧秀燕等17人及委員吳育    仁等19人（如經院會復議，則不予審查）分別擬具「證券交易法    增訂第十四條之七條文草案」案、委員蔣乃辛等24人擬具「證券    交易法第十四條之七條文草案」案、委員李應元等18人擬具「證    券交易法第四十三條之一及第四十三條之三條文修正草案」案、    委員周倪安等18人擬具「證券交易法第十四條之二條文修正草案    案」案、委員蔣乃辛等23人擬具「證券交易法第十四條之六條文    修正草案」案、委員呂學樟等29人擬具「證券交易法第一百五十    五條條文修正草案」案等17案。	,許添財;吳秉叡;林德福;賴士葆;盧秀燕;孫大千;潘維剛;費鴻泰;羅明才;吳育仁;徐欣瑩;盧嘉辰;黃偉哲;李桐豪;周倪安;邱文彥;陳碧涵;呂學樟;蔣乃辛;蘇清泉;管碧玲;許智傑;葉津鈴;賴振昌;李貴敏;田秋堇;楊瓊瓔;劉建國;江啟臣;曾巨威,
104/06/08,群賢樓801會議室,社會福利及衛生環境委員會,無,立法院第8屆第7會期社會福利及衛生環境委員會第24次全體委員會議,（下午） 三、請衛生福利部蔣部長丙煌、外交部、交通部等就「中東呼吸症候群冠狀病毒感染症(MERS)疫情概況及我國防疫工作（含部會職掌分工、因應與整備策略等）並請衛生福利部就醫療院所因應大量傷患或疑似MERS 病患時，如何落實醫院分級與動線分流管制，確保民眾安全」列席報告，並備質詢。 四、請衛生福利部蔣部長丙煌、勞動部等就「如何改善急診壅塞、重症病人滯留無法於6小時內轉入加護病房、各醫學中心住院床位管控調度制度、國內急重症醫護人力短缺及關床現況」列席報告，並備質詢。,楊曜;鄭汝芬;田秋堇;趙天麟;江惠貞;陳節如;王育敏;林淑芬;陳其邁;徐少萍;蘇清泉;劉建國;周倪安,
104/06/08,九樓大禮堂,修憲委員會,無,立法院第8屆修憲委員會第11次全體委員會議,立法院第8屆修憲委員會第11次全體委員會議(總結並完成審查),王育敏;管碧玲;賴振昌;楊瓊瓔;江啟臣;盧秀燕;尤美女;李貴敏;李俊俋;林德福;蔡錦隆;吳育仁;呂學樟;李桐豪;費鴻泰;徐少萍;趙天麟;許添財;潘維剛;莊瑞雄;盧嘉辰;黃偉哲;陳明文;邱文彥;陳碧涵;周倪安;蔣乃辛;蘇清泉;葉津鈴;何欣純;陳怡潔;黃志雄;江惠貞;陳其邁;鄭麗君;李昆澤;陳唐山;吳育昇;李俊俋;葉津鈴;吳育仁;楊瓊瓔;姚文智;林滄敏;江惠貞;陳碧涵;林德福,
104/06/08,群賢樓101會議室,教育及文化委員會,無,立法院第8屆第7會期教育及文化委員會第16次全體委員會議,邀請教育部、內政部及警政署、法務部、衛生福利部就「如何強化與建構校園安全防護機制，以確保師生安全」，提出專題報告，並備質詢。,陳亭妃;黃國書;陳碧涵;何欣純;蔣乃辛;許智傑;賴振昌;管碧玲;盧嘉辰;呂玉玲;江惠貞;林德福;陳明文;許添財;潘維剛;楊瓊瓔;江啟臣;盧秀燕;李桐豪;周倪安;邱文彥;蕭美琴;呂學樟;蘇清泉;鄭麗君;葉津鈴;李貴敏;陳怡潔;鄭汝芬;黃志雄;陳淑慧;吳育昇;徐欣瑩,
104/06/08,紅樓202會議室,內政委員會,無,立法院第8屆第7會期內政委員會第27次全體委員會議,邀請行政院秘書長簡太郎、內政部部長陳威仁、中央選舉委員會主任委員劉義周、法務部政務次長就「中華民國第14任總統、副總統與第9屆立法委員合併選舉衍生之憲政危機問題」進行專題報告，並備質詢；另請司法院列席備詢。,盧嘉辰;李俊俋;莊瑞雄;陳明文;黃偉哲;周倪安;陳怡潔;邱文彥;段宜康;陳其邁;李桐豪;楊瓊瓔;林德福;許添財;江惠貞;潘維剛;盧秀燕;呂學樟;蔣乃辛;蘇清泉;李貴敏;賴振昌;葉津鈴;何欣純;羅明才;張慶忠;吳育昇,
104/06/09,紅樓201會議室,程序委員會,無,第8屆第7會期程序委員會第16次會議,審定本院第8屆第7會期第16次會議議事日程及處理 人民請願案,鄭麗君;陳鎮湘;蔡煌瑯;尤美女;田秋堇;廖國棟;周倪安,
104/06/10,九樓大禮堂,,無,第8屆第7會期第1次全院委員會會議,「行使司法院大法官同意權」公聽會,李桐豪;吳秉叡;江惠貞;周倪安;尤美女;林滄敏;呂學樟,
104/08/04,紅樓201會議室,程序委員會,無,第8屆第7會期程序委員會第17次會議,審定本院第8屆第7會期第1次臨時會第1次會議議事日程,,
104/08/26,紅樓101會議室,經濟委員會,無,立法院第8屆第7會期第16次經濟委員會,104年青年國會研習營初級班發言系統模擬,丁守中;李慶華;翁重鈞;黃昭順;廖國棟;楊瓊瓔;張嘉郡;廖正井;李貴敏;蘇震清;陳明文;林岱樺;高志鵬;邱議瑩;葉津鈴,
104/09/04,群賢樓101會議室,經濟委員會,無,立法院「針對核能發電後端營運基金『核一、核二廠用過核子燃料小規模國外再處理計畫』組成專案決策小組」第1次小組會議 ,一、選舉立法院「針對核能發電後端營運基金『核一、核二廠用過核子燃料小規模國外再處理計畫』組成專案決策小組」之召集人1人。二、審查立法院「針對核能發電後端營運基金『核一、核二廠用過核子燃料小規模國外再處理計畫』組成專案決策小組」運作要點。三、審查核能發電後端營運基金「核一、核二廠用過核子燃料小規模國外再處理計畫」預算照列，全數凍結案。,,
104/09/08,紅樓201會議室,程序委員會,無,第8屆第8會期程序委員會第1次會議,審定本院第8屆第8會期第1次會議議事日程,葉津鈴;王育敏;陳碧涵;鄭麗君,
104/09/15,紅樓201會議室,程序委員會,無,第8屆第8會期程序委員會第2次會議,審定本院第8屆第8會期第2次會議議事日程,李貴敏,
104/09/17,紅樓202會議室,內政委員會,無,立法院第8屆第8會期內政委員會第1次全體委員會議,選舉本會召集委員,,
104/09/17,紅樓101會議室,經濟委員會,無,立法院第8屆第8會期經濟委員會第1次全體委員會議,選舉立法院第8屆第8會期本會召集委員,,
104/09/17,群賢樓101會議室,教育及文化委員會,無,立法院第8屆第8會期教育及文化委員會第1次全體委員會議,選舉第8屆第8會期本會召集委員,,
104/09/17,紅樓201會議室,交通委員會,無,立法院第8屆第8會期交通委員會第1次全體委員會議,選舉本會召集委員,,
104/09/17,群賢樓801會議室,社會福利及衛生環境委員會,無,立法院第8屆第8會期社會福利及衛生環境委員會第1次全體委員會議,選舉第8屆第8會期本會召集委員,,
104/09/17,紅樓301會議室,外交及國防委員會,無,立法院第8屆第8會期外交及國防委員會第1次全體委員會議,選舉第8屆第8會期本會召集委員,,
104/09/17,紅樓302會議室,司法及法制委員會,無,立法院第8屆第8會期司法及法制委員會第1次全體委員會議,選舉第8屆第8會期本會召集委員,,
104/09/17,九樓大禮堂,財政委員會,無,立法院第8屆第8會期財政委員會第2次全體委員會議,討論中華民國105年度中央政府總預算案（含附屬單位預算及綜計表－營業及非營業部分）審查日程暨審查分配表草案。,,
104/09/17,九樓大禮堂,財政委員會,無,立法院第8屆第8會期財政委員會第1次全體委員會議,選舉立法院第8屆第8會期本會召集委員,,
104/09/22,紅樓201會議室,程序委員會,無,第8屆第8會期程序委員會第3次會議,審定本院第8屆第8會期第3次會議議事日程,,
104/09/23,紅樓202會議室,內政委員會,無,立法院第8屆第8會期內政委員會第2次全體委員會議,一、「國土計畫法草案」： （一）審查行政院函請審議「國土計畫法草案」案。 （二）審查本院委員林淑芬等20人擬具「國土計畫法草案」案。 （三）審查本院委員邱文彥等44人擬具「國土計畫法草案」案。 二、審查本院委員黃昭順等25人擬具「國土復育條例草案」案。 三、審查本院委員邱文彥等44人擬具「海域管理法草案」案。（9月23日全天、9月24日下午，為一次會）,段宜康;莊瑞雄;吳育昇;鄭天財Sra．Kacaw;周倪安;李俊俋;陳怡潔;陳其邁;盧嘉辰;呂學樟;林淑芬;陳歐珀;簡東明;李桐豪;黃偉哲;許添財;李貴敏;張慶忠;林德福;江惠貞;盧秀燕;蕭美琴;蔣乃辛;孔文吉;葉宜津;管碧玲;潘維剛;賴振昌;陳亭妃;陳明文;葉津鈴;黃昭順;蘇清泉;徐少萍;羅淑蕾;楊麗環;劉櫂豪;田秋堇;薛凌;邱文彥,
104/09/23,群賢樓101會議室,教育及文化委員會,無,立法院第8屆第8會期教育及文化委員會第2次全體委員會議,邀請文化部部長率所屬機關首長列席報告業務概況，並備質詢。(9月23日、9月24日2天一次會),陳碧涵;黃國書;蔣乃辛;鄭麗君;陳亭妃;賴振昌;高金素梅;陳學聖;楊麗環;許添財;吳秉叡;林德福;盧秀燕;江惠貞;李昆澤;黃偉哲;李桐豪;陳歐珀;周倪安;簡東明;李貴敏;邱文彥;吳育昇;潘維剛;葉津鈴;蘇清泉;黃昭順;陳明文;管碧玲;徐少萍;呂學樟;孔文吉;陳怡潔;劉櫂豪,
104/09/23,群賢樓801會議室,社會福利及衛生環境委員會,無,立法院第8屆第8會期社會福利及衛生環境委員會第2次全體委員會議,一、邀請登革熱中央流行疫情指揮中心蔣副指揮官丙煌、魏副指揮官國彥、衛生福利部、行政院環境保護署等就「登革熱疫情概況及防疫工作(含部會職掌分工、因應與整備策略等)」列席報告，並備質詢。 二、審查(一)本院委員楊麗環等30人擬具「醫療法第十條條文修正草案」、(二)委員江惠貞等22人擬具「醫療法第十條條文修正草案」、(三)委員蘇清泉等21人擬具「醫療法第十條條文修正草案」、(四)委員江惠貞等22人擬具「醫療法第十一條條文修正草案」、(五)委員李桐豪等27人擬具「醫療法第十一條條文修正草案」、(六)委員羅淑蕾等16人擬具「醫療法第十一條條文修正草案」、(七)委員盧秀燕等16人擬具「醫療法第十一條條文修正草案」、(八)委員黃昭順等25人擬具「醫療法第二十二條條文修正草案」、(九)委員楊玉欣等35人擬具「醫療法第六十六條條文修正草案」等9案。 三、審查本院委員楊玉欣等31人擬具「病人自主權利法草案」案。,陳節如;王育敏;江惠貞;蘇清泉;林鴻池;楊曜;楊玉欣;徐少萍;許添財;林德福;盧秀燕;趙天麟;黃偉哲;田秋堇;管碧玲;林淑芬;周倪安;李貴敏;劉建國;簡東明;蔣乃辛;吳育昇;邱文彥;賴振昌;陳亭妃;葉津鈴;黃昭順;李桐豪;陳明文;潘維剛;楊麗環;呂學樟;陳怡潔;劉櫂豪;薛凌;吳育仁;李應元;陳歐珀;吳秉叡;李昆澤,
104/09/23,紅樓201會議室,交通委員會,無,立法院第8屆第8會期交通委員會第2次全體委員會議,邀請交通部部長陳建宇列席報告業務概況，並備質詢。(9月23日、24日二天一次會),李昆澤;簡東明;陳歐珀;陳素月;葉宜津;管碧玲;羅淑蕾;楊麗環;劉櫂豪;蕭美琴;王進士;鄭天財Sra．Kacaw;周倪安;黃偉哲;李桐豪;許添財;莊瑞雄;林德福;江惠貞;盧秀燕;吳育昇;薛凌;蔣乃辛;孔文吉;邱文彥;潘維剛;賴振昌;陳亭妃;王廷升;陳明文;葉津鈴;蘇清泉;黃昭順;徐少萍;陳怡潔;呂學樟;李貴敏;陳雪生;林國正,
104/09/23,紅樓301會議室,外交及國防委員會,無,立法院第8屆第8會期外交及國防委員會第2次全體委員會議,邀請外交部部長林永樂報告業務概況，並備質詢。,蔡錦隆;黃偉哲;蔡煌瑯;李桐豪;林郁方;蕭美琴;陳鎮湘;陳唐山;詹凱臣;李貴敏;陳歐珀;簡東明;周倪安;盧秀燕;許添財;江惠貞;林德福;吳育昇;薛凌;蔣乃辛;孔文吉;邱文彥;陳亭妃;賴振昌;管碧玲;陳明文;潘維剛;葉津鈴;蘇清泉;徐少萍;楊麗環;陳怡潔;詹滿容;呂學樟;江啟臣,
104/09/23,九樓大禮堂,財政委員會,無,立法院第8屆第8會期財政委員會第3次全體委員會議,邀請中央銀行彭總裁淮南率所屬單位主管暨財金資訊股份有限公司董事長列席業務報告，並備質詢。【9月23日上午及24日上午2天1次會】,吳秉叡;許添財;林德福;賴士葆;盧秀燕;蔡正元;李應元;費鴻泰;薛凌;潘維剛;曾巨威;李桐豪;黃偉哲;賴振昌;簡東明;周倪安;李貴敏;蔣乃辛;吳育昇;邱文彥;陳歐珀;陳亭妃;葉津鈴;蘇清泉;黃昭順;徐少萍;管碧玲;陳明文;楊麗環;呂學樟;陳怡潔;劉櫂豪;江惠貞;羅明才,
104/09/23,紅樓101會議室,經濟委員會,無,立法院第8屆第8會期經濟委員會第2次全體委員會議,一、審查李憲佐先生之人民請願案1案。二、邀請公平交易委員會主任委員列席報告業務概況，並備質詢。(9月23日、24日二天一次會),丁守中;李貴敏;蘇震清;陳明文;黃昭順;葉津鈴;高志鵬;許添財;賴振昌;吳秉叡;林德福;江惠貞;李昆澤;李桐豪;盧秀燕;陳歐珀;黃國書;簡東明;薛凌;蔣乃辛;邱文彥;呂學樟;吳育昇;孔文吉;蘇清泉;葉宜津;陳亭妃;潘維剛;徐少萍;黃偉哲;楊麗環;陳怡潔;張嘉郡;廖國棟,
104/09/23,紅樓302會議室,司法及法制委員會,無,立法院第8屆第8會期司法及法制委員會第2次全體委員會議,一、繼續併案審查（一）司法院、行政院函請審議「法院組織法部分條文修正草案」、（二）委員尤美女等23人擬具「法院組織法部分條文修正草案」及（三）委員謝國樑等22人擬具「法院組織法部分條文修正草案」案。二、繼續審查司法院函請審議「行政法院組織法部分條文修正草案」案。,,
104/09/24,九樓大禮堂,財政委員會,無,財政委員會第8屆第1會期公聽會 ,召開「投資台灣運動」公聽會,,
104/09/24,紅樓101會議室,經濟委員會,無,立法院第8屆第8會期經濟委員會第2次全體委員會議,一、審查高成炎君之人民請願案等8案。二、邀請經濟部部長列席報告業務概況，並備質詢。(9月23日、24日二天一次會),林岱樺;丁守中;楊瓊瓔;邱議瑩;蘇震清;葉津鈴;黃昭順;陳明文;張嘉郡;蕭美琴;田秋堇;詹滿容;李貴敏;許添財;黃偉哲;李桐豪;林德福;孔文吉;薛凌;簡東明;邱文彥;蔣乃辛;陳亭妃;賴振昌;陳淑慧;潘維剛;何欣純;高金素梅;費鴻泰;周倪安;楊麗環;羅明才;江啟臣;高志鵬;翁重鈞;盧秀燕,
104/09/24,紅樓301會議室,外交及國防委員會,無,立法院第8屆第8會期外交及國防委員會第3次全體委員會議,邀請僑務委員會委員長陳士魁報告業務概況，並備質詢。,蔡錦隆;邱志偉;黃偉哲;蔡煌瑯;楊應雄;李桐豪;陳唐山;蕭美琴;陳鎮湘;林郁方;詹凱臣;許添財;李貴敏;楊瓊瓔;孔文吉;陳明文;薛凌;簡東明;邱文彥;蔣乃辛;陳亭妃;潘維剛;陳淑慧;葉津鈴;賴振昌;何欣純;楊麗環;周倪安;江啟臣,
104/09/24,紅樓202會議室,內政委員會,無,立法院第8屆第8會期內政委員會第2次全體委員會議,一、審查本院委員邱文彥等78人擬具「景觀法草案」案。 二、審查本院委員邱文彥等50人擬具「景觀師法草案」案。（9月23日全天、9月24日下午，為一次會）,莊瑞雄;姚文智;陳怡潔;陳其邁;盧嘉辰;李俊俋;鄭天財Sra．Kacaw;周倪安;賴振昌;田秋堇;邱文彥;盧嘉辰;段宜康,
104/09/24,群賢樓101會議室,教育及文化委員會,無,立法院第8屆第8會期教育及文化委員會第2次全體委員會議,一、邀請教育部部長率所屬機關首長列席報告業務概況，並備質詢。二、邀請教育部部長及內政部警政署署長就「七二三反黑箱課綱陳抗事件處理不當之檢討」進行專案報告，並備質詢。三、邀請教育部部長就「教育部就今年八月四日有關課綱檢討之立法院朝野黨團協商結論執行情形」以及「十二年國民基本教育領域/科目/群科課程綱要研擬情形」進行專案報告，並備質詢。(9月23日、9月24日2天一次會),孔文吉;許智傑;陳碧涵;蔣乃辛;陳亭妃;鄭麗君;陳淑慧;賴振昌;何欣純;高金素梅;黃國書;黃志雄;蕭美琴;盧秀燕;薛凌;黃偉哲;李桐豪;楊應雄;林德福;許添財;陳明文;邱文彥;葉津鈴;潘維剛;楊麗環;周倪安;林淑芬;楊瓊瓔;陳學聖;李貴敏,
104/09/24,九樓大禮堂,財政委員會,無,立法院第8屆第8會期財政委員會第3次全體委員會議,一、邀請金融監督管理委員會曾主任委員銘宗率所屬機關首長暨中央存款保險股份有限公司董事長、總經理、監管相關機構有關之財團法人、臺灣證券交易所股份有限公司、臺灣期貨交易所股份有限公司、臺灣集中保管結算所股份有限公司負責人等列席業務報告，並備質詢。二、處理104年度中央政府總預算案有關金融監督管理委員會主管營業及非營業部分預算凍結請安排報告案計3案。【9月23日上午及24日上午二天一次會】,許添財;吳秉叡;盧秀燕;蔡正元;林德福;李應元;賴士葆;孫大千;薛凌;潘維剛;費鴻泰;楊瓊瓔;曾巨威;李桐豪;江啟臣;楊應雄;陳明文;蔣乃辛;邱文彥;陳亭妃;葉津鈴;陳淑慧;賴振昌;楊麗環;周倪安;李貴敏;黃偉哲;羅明才,
104/09/24,紅樓202會議室,內政委員會,無,立法院第8屆第8會期內政委員會,「景觀法」、「景觀師法」公聽會,,
104/09/24,紅樓201會議室,交通委員會,無,立法院第8屆第8會期交通委員會第2次全體委員會議,一、邀請國家通訊傳播委員會主任委員石世豪、公平交易委員會主任委員吳秀明、經濟部投資審議委員會主任委員沈榮津列席就「從中嘉有線系統釋股案看，未來如何避免中資比照介入而壟斷我國媒體？以維護我國言論自由、公眾利益及國家安全」提出報告，並備質詢。二、邀請國家通訊傳播委員會主任委員石世豪列席針對「高鐵沿線、北迴鐵路沿線多處收訊微弱，如何藉由4G技術升級，督促業者儘速改善，提升民眾通信收訊品質」提出報告，並備質詢。(9月23日、24日二天一次會),羅淑蕾;葉宜津;楊麗環;李昆澤;陳歐珀;高志鵬;管碧玲;陳素月;黃偉哲;周倪安;賴振昌;簡東明;孔文吉;李貴敏;陳明文;林德福;薛凌;邱文彥;蔣乃辛;陳亭妃;葉津鈴;陳淑慧;潘維剛;楊瓊瓔;高金素梅;何欣純;李桐豪;許添財,
104/09/29,紅樓201會議室,程序委員會,無,第8屆第8會期程序委員會第4次會議,審定本院第8屆第8會期第4次會議議事日程,,
104/09/30,九樓大禮堂,財政委員會,無,立法院第8屆第8會期財政委員會第4次全體委員會議,一、邀請財政部張部長盛和率所屬機關首長暨國營事業    董事長、總經理(含各轉投資事業機構公股代表之    董、監事)列席業務報告，並備質詢。二、處理104年度中央政府總預算案有關財政部主管營    業部分預算凍結請安排報告案計5案。三、審查台灣區車體工業同業公會等30件人民請願案。(9月30日及10月1日兩天一次會),許添財;吳秉叡;林德福;賴士葆;盧秀燕;蔡正元;費鴻泰;潘維剛;李應元;羅明才;李桐豪;薛凌;蕭美琴;曾巨威;賴振昌;羅淑蕾;黃偉哲;吳育仁;蔣乃辛;何欣純;蘇清泉;簡東明;邱志偉;陳明文;周倪安;葉津鈴;陳亭妃;江惠貞;李貴敏,
104/09/30,群賢樓101會議室,教育及文化委員會,無,立法院第8屆第8會期教育及文化委員會第3次全體委員會議,一、邀請科技部部長率所屬機關單位首長列席報告業務概況，並備質詢。二、處理104年度科技部及所屬單位預算凍結項目須經報告後始得動支案7案。(9月30日、10月1日2天一次會),陳碧涵;蔣乃辛;孔文吉;黃國書;何欣純;陳亭妃;陳淑慧;賴振昌;鄭麗君;高金素梅;薛凌;李貴敏;吳秉叡;許添財;盧秀燕;李桐豪;羅淑蕾;李昆澤;陳明文;黃偉哲;蕭美琴;林德福;羅明才;吳育仁;蘇清泉;簡東明;潘維剛;管碧玲;邱志偉;周倪安;葉津鈴;江惠貞;黃志雄,
104/09/30,紅樓201會議室,交通委員會,無,立法院第8屆第8會期交通委員會第3次全體委員會議,邀請國家通訊傳播委員會主任委員石世豪列席報告業務概況，並備質詢。(9月30日及10月1日二天一次會),李昆澤;陳根德;羅淑蕾;葉宜津;簡東明;劉櫂豪;管碧玲;黃偉哲;賴振昌;盧秀燕;許添財;林德福;陳歐珀;王進士;羅明才;林國正;邱文彥;吳育仁;孔文吉;蔣乃辛;邱志偉;周倪安;何欣純;蘇清泉;潘維剛;李桐豪;高金素梅;葉津鈴;張慶忠;陳亭妃;李貴敏;蕭美琴;陳明文;楊麗環;江惠貞,
104/09/30,紅樓101會議室,經濟委員會,無,立法院第8屆第8會期經濟委員會第3次全體委員會議,一、審查朱榮忠君之人民請願案等2案。二、邀請國家發展委員會主任委員列席報告業務概況，並備質詢。(9月30日、10月1日二天一次會),李慶華;陳明文;邱議瑩;黃昭順;李貴敏;林岱樺;蘇震清;張嘉郡;葉津鈴;蕭美琴;江惠貞;陳碧涵;薛凌;段宜康;陳歐珀;李昆澤;羅明才;盧秀燕;李桐豪;林德福;邱文彥;羅淑蕾;黃偉哲;孔文吉;蔣乃辛;蘇清泉;簡東明;管碧玲;吳秉叡;賴振昌;何欣純;邱志偉;周倪安;潘維剛;高金素梅;陳亭妃;田秋堇;廖國棟;劉櫂豪;許添財;丁守中;廖正井;楊瓊瓔,
104/09/30,紅樓302會議室,程序委員會,無,第8屆第8會期程序委員會第4次會議,審定本院第8屆第8會期第4次會議議事日程,,
104/09/30,群賢樓801會議室,社會福利及衛生環境委員會,無,立法院第8屆第8會期社會福利及衛生環境委員會第3次全體委員會議,一、邀請勞動部陳部長雄文列席報告業務概況，並備質詢。 二、審查中華民國105年度中央政府總預算案有關勞動部主管預算(公務部分)案(預算詢答)。 三、邀請勞動部陳部長雄文、教育部次長、衛生福利部次長、科技部次長、原住民族委員會副主任委員等就「『專科以上學校兼任助理勞動權益保障指導原則』及『專科以上學校強化學生兼任助理學習與勞動權益保障處理原則』實施後，專科以上學校兼任助理勞動權益保障暨定額進用之人力與經費預估、協調過程、執行情形及改善措施」列席報告，並備質詢。,江惠貞;陳節如;吳育仁;楊玉欣;王育敏;蘇清泉;趙天麟;林鴻池;徐少萍;楊曜;盧秀燕;許添財;林淑芬;林德福;田秋堇;李貴敏;蕭美琴;尤美女;羅淑蕾;劉建國;羅明才;蔣乃辛;何欣純;簡東明;邱志偉;潘維剛;賴振昌;周倪安;葉津鈴;陳亭妃;張慶忠;陳明文;李桐豪;李昆澤;劉櫂豪;楊麗環;吳秉叡;黃偉哲,
104/09/30,紅樓202會議室,內政委員會,無,立法院第8屆第8會期內政委員會第3次全體委員會議,一、邀請行政院海岸巡防署署長王崇儀率同所屬列席報告業務概況，並備質詢。二、處理104年度中央政府總預算有關行政院海岸巡防署預算凍結項目報告案計1案。,盧嘉辰;莊瑞雄;李俊俋;段宜康;陳其邁;鄭天財Sra．Kacaw;陳怡潔;周倪安;姚文智;邱文彥,
104/09/30,紅樓202會議室,內政委員會,無,立法院第8屆第8會期內政委員會第3次全體委員會議,邀請客家委員會主任委員劉慶中率同所屬列席報告業務概況，並備質詢。,盧嘉辰;莊瑞雄;段宜康;李俊俋;陳其邁;周倪安;邱文彥;張慶忠;陳怡潔;劉櫂豪;羅淑蕾;黃偉哲;李昆澤;盧秀燕;李桐豪;林德福;羅明才;蕭美琴;江惠貞;李貴敏;吳育仁;葉宜津;蔣乃辛;管碧玲;邱志偉;何欣純;蘇清泉;簡東明;潘維剛;賴振昌;葉津鈴;高金素梅;陳明文;陳亭妃;姚文智;許添財;陳歐珀;楊麗環,
104/09/30,紅樓301會議室,外交及國防委員會,無,立法院第8屆第8會期外交及國防委員會第4次全體委員會議,邀請國軍退除役官兵輔導委員會主任委員董翔龍報告業務概況，並備質詢。,黃偉哲;蔡煌瑯;蕭美琴;林郁方;蔡錦隆;李桐豪;陳鎮湘;邱志偉;陳唐山;詹凱臣;楊應雄;陳明文;馬文君;林德福;許添財;江惠貞;李貴敏;吳育仁;孔文吉;蔣乃辛;周倪安;簡東明;羅淑蕾;潘維剛;賴振昌;葉津鈴;高金素梅;田秋堇;張慶忠;陳亭妃;盧秀燕;楊麗環;蘇清泉,
104/10/01,紅樓202會議室,內政委員會,無,立法院第8屆第8會期內政委員會第4次全體委員會議,邀請行政院大陸委員會主任委員夏立言、行政院資通安全辦公室主任蕭秀琴、內政部移民署署長莫天虎、國家安全局局長楊國強針對「中國大陸宣布實施卡式臺胞證之溝通過程及後續因應」進行專題報告，並備質詢。,盧嘉辰;莊瑞雄;吳育昇;段宜康;邱文彥;李俊俋;陳其邁;陳怡潔;周倪安;楊麗環;邱志偉;羅淑蕾;陳歐珀;蕭美琴;陳明文;黃偉哲;許添財;蔡錦隆;楊應雄;李桐豪;李貴敏;楊瓊瓔;江啟臣;孔文吉;葉宜津;賴振昌;管碧玲;李昆澤;潘維剛;簡東明;呂學樟;陳雪生;許淑華;鄭天財Sra．Kacaw;姚文智,
104/10/01,紅樓101會議室,經濟委員會,無,立法院第8屆第8會期經濟委員會第3次全體委員會議,一、審查中華民國獸醫師協會之人民請願案等10案。二、邀請行政院農業委員會主任委員列席報告業務概況，並備質詢。(9月30日、10月1日二天一次會),林岱樺;陳明文;丁守中;邱議瑩;楊瓊瓔;黃昭順;蘇震清;高志鵬;江啟臣;張嘉郡;葉津鈴;蕭美琴;李貴敏;許添財;翁重鈞;蔡錦隆;薛凌;廖正井;黃偉哲;李桐豪;楊應雄;吳育昇;盧秀燕;孔文吉;邱文彥;林德福;黃國書;賴振昌;周倪安;管碧玲;邱志偉;簡東明;潘維剛;呂學樟;何欣純;陳歐珀;楊麗環;陳淑慧;劉櫂豪;許淑華;廖國棟;羅明才,
104/10/01,紅樓302會議室,司法及法制委員會,無,立法院第8屆第8會期司法及法制委員會第2次全體委員會議,一、審查中華民國105年度中央政府總預算案關於總統府主管收支部分。二、審查中華民國104年度中央政府總預算案關於總統府、國家安全會議預算凍結項目共2案。三、審查國家安全會議函送「國家安全會議借調問題檢討報告」，請查照案。,呂學樟;蔡其昌;謝國樑;詹滿容;尤美女;黃偉哲;江啟臣;楊應雄;楊麗環;李桐豪;陳明文;許添財;李貴敏;楊瓊瓔;吳育昇;孔文吉;邱文彥;邱志偉;賴振昌;周倪安;潘維剛;陳雪生;陳怡潔;陳歐珀;蕭美琴;劉櫂豪;陳淑慧,
104/10/01,紅樓201會議室,交通委員會,無,立法院第8屆第8會期交通委員會第3次全體委員會議,審查105年度中央政府總預算案關於交通部單位預算。(詢答及處理)(9月30日及10月1日二天一次會),李昆澤;陳歐珀;羅淑蕾;楊麗環;葉宜津;劉櫂豪;陳素月;管碧玲;簡東明;蕭美琴;林國正;段宜康;李桐豪;邱志偉;蔡錦隆;陳雪生;李貴敏;楊瓊瓔;吳育昇;江啟臣;許添財;孔文吉;邱文彥;賴振昌;蔡其昌;黃偉哲;周倪安;潘維剛;呂學樟;陳明文;陳淑慧;楊應雄;許淑華,
104/10/01,九樓大禮堂,教育及文化委員會,無,立法院第8屆第8會期教育及文化委員會第3次全體委員會議,一、處理104年度教育部及所屬單位預算凍結項目須經報告後始得動支案43案。二、審查105年度教育部及所屬單位預算案。三、審查105年度教育部主管51所國立大學校院校務基金、國立臺灣大學附設醫院作業基金、國立成功大學附設醫院作業基金、國立陽明大學附設醫院作業基金、國立社教機構作業基金、國立高級中等學校校務基金、學產基金及運動發展基金預算案。四、審查105年度行政法人國家運動訓練中心預算案。（如經院會復議，則不予審查）(9月30日、10月1日2天一次會),陳亭妃;孔文吉;蔣乃辛;黃國書;陳碧涵;許智傑;鄭麗君;何欣純;管碧玲;黃志雄;賴振昌;陳淑慧;陳學聖;段宜康;許添財;邱志偉;劉櫂豪;陳歐珀;周倪安;黃偉哲;楊瓊瓔;盧秀燕;吳育昇;邱文彥;高金素梅;潘維剛;楊應雄;江啟臣;呂學樟;蕭美琴;陳雪生;李貴敏;陳明文;楊麗環;李應元;鄭天財Sra．Kacaw;尤美女,
104/10/01,紅樓301會議室,外交及國防委員會,無,立法院第8屆第8會期外交及國防委員會第5次全體委員會議,審查105年度中央政府總預算案關於國軍退除役官兵輔導委員會主管收支部分。,蔡錦隆;黃偉哲;江啟臣;楊應雄;李桐豪;蔡煌瑯;林郁方;邱志偉;陳鎮湘;陳唐山;詹凱臣;楊麗環;蕭美琴;許添財;李貴敏;楊瓊瓔;吳育昇;孔文吉;邱文彥;蔡其昌;賴振昌;周倪安;潘維剛;呂學樟;陳怡潔;陳雪生;陳歐珀;陳明文;馬文君,
104/10/01,群賢樓101會議室,財政委員會,無,立法院第8屆第8會期財政委員會第4次全體委員會議,邀請行政院主計總處石主計長素梅、審計部林審計長慶隆率所屬單位主管列席業務報告，並備質詢。(9月30日及10月1日兩天一次會),許添財;吳秉叡;賴士葆;林德福;盧秀燕;薛凌;費鴻泰;蔡正元;孫大千;潘維剛;羅明才;鄭天財Sra．Kacaw;曾巨威;李應元;蕭美琴;楊麗環;黃偉哲;李桐豪;楊應雄;段宜康;孔文吉;吳育昇;邱文彥;蔣乃辛;黃國書;賴振昌;管碧玲;邱志偉;周倪安;鄭麗君;何欣純;高金素梅;呂學樟;劉櫂豪;陳歐珀;李貴敏;江啟臣;楊瓊瓔,
104/10/05,紅樓202會議室,內政委員會,無,立法院第8屆第8會期內政委員會第5次全體委員會議,一、審查105年度中央政府總預算案關於行政院收支部分。二、審查105年度中央政府總預算案關於省市地方政府（臺灣省政府、臺灣省諮議會、福建省政府）主管收支部分。三、審查行政院近3年「辦理政策宣導相關之廣告彙整表」共11案。四、審查臺灣省政府近3年「辦理政策宣導相關之廣告彙整表」共1案。五、審查臺灣省政府近3年「補、捐（獎）助其他政府機關、團體或個人經費報告表」共10案。六、審查臺灣省諮議會近3年「辦理政策宣導相關之廣告彙整表」共8案。七、審查福建省政府近3年「補、捐（獎）助其他政府機關、團體或個人經費報告表」共9案。,段宜康;鄭天財Sra．Kacaw;莊瑞雄;陳其邁;李俊俋;陳怡潔;姚文智;邱文彥;周倪安;顏寬恒;李桐豪;黃偉哲;羅明才;盧秀燕;蕭美琴;呂學樟;潘維剛;楊瓊瓔;葉宜津;陳歐珀;賴振昌;葉津鈴;蘇清泉;蔣乃辛;何欣純;陳亭妃;林滄敏;張慶忠;楊麗環;吳育昇;劉櫂豪;許添財;邱文彥,
104/10/05,九樓大禮堂,財政委員會,無,立法院第8屆第8會期財政委員會第5次全體委員會議,審查中華民國105年度中央政府總預算案行政院歲入預算有關中央銀行股息紅利繳庫部分、財政部及所屬單位歲入預算部分。(10月5日、7日及8日三天一次會),吳秉叡;許添財;賴士葆;盧秀燕;費鴻泰;薛凌;羅明才;潘維剛;孫大千;鄭天財Sra．Kacaw;李桐豪;楊麗環;黃偉哲;邱文彥;楊瓊瓔;呂學樟;賴振昌;蘇清泉;陳歐珀;蔣乃辛;葉宜津;陳亭妃;吳育仁;陳怡潔;顏寬恒;林德福;曾巨威,
104/10/05,群賢樓101會議室,教育及文化委員會,無,立法院第8屆第8會期教育及文化委員會第4次全體委員會議,邀請國立故宮博物院院長列席報告業務概況，並備質詢。(10月5、7、8日3天一次會),黃國書;鄭麗君;蔣乃辛;陳淑慧;賴振昌;許智傑;黃志雄;陳亭妃;陳碧涵;何欣純;陳明文;羅明才;黃偉哲;李昆澤;許添財;李桐豪;顏寬恒;邱文彥;楊瓊瓔;蕭美琴;呂學樟;蘇清泉;葉津鈴;陳歐珀;吳育仁;潘維剛;姚文智;孔文吉;高金素梅;楊麗環;劉櫂豪;周倪安;盧秀燕,
104/10/05,紅樓301會議室,外交及國防委員會,無,立法院第8屆第8會期外交及國防委員會第6次全體委員會議【報告秘密，詢答（先秘密、後公開）】,邀請國家安全局局長楊國強率相關情報機關首長提出「國家情報工作暨國家安全局業務報告」，並備質詢。(10月5日及7日二天一次會),蔡錦隆;黃偉哲;蔡煌瑯;李桐豪;林郁方;蕭美琴;陳鎮湘;陳唐山;楊應雄;許添財;盧秀燕;羅明才;呂學樟;詹滿容;邱文彥;潘維剛;楊瓊瓔;陳歐珀;賴振昌;葉津鈴;蘇清泉;蔣乃辛;陳亭妃;陳怡潔;林滄敏;姚文智;楊麗環;顏寬恒;周倪安,
104/10/05,紅樓201會議室,交通委員會,無,立法院第8屆第8會期交通委員會第4次全體委員會議,邀請行政院公共工程委員會主任委員許俊逸列席報告業務概況，並備質詢。(10月5日、7日及8日三天一次會),李昆澤;管碧玲;陳根德;葉宜津;陳歐珀;陳素月;羅淑蕾;王進士;劉櫂豪;簡東明;黃偉哲;許添財;潘維剛;羅明才;盧秀燕;蕭美琴;呂學樟;邱文彥;楊瓊瓔;賴振昌;葉津鈴;蘇清泉;蔣乃辛;何欣純;陳亭妃;陳怡潔;姚文智;林滄敏;顏寬恒;楊麗環;鄭天財Sra．Kacaw;李桐豪,
104/10/05,紅樓101會議室,經濟委員會,無,立法院第8屆第8會期經濟委員會第4次全體委員會議,一、處理或審查104年度中央政府總預算案附屬單位預算，經濟部主管部分預算凍結案等9案。二、審查105年度中央政府總預算案關於經濟部及所屬單位預算部分。（詢答）(10月5日、7日及8日三天一次會),丁守中;邱議瑩;黃昭順;李慶華;楊瓊瓔;高志鵬;葉津鈴;張嘉郡;蘇震清;蕭美琴;李貴敏;陳明文;廖國棟;簡東明;李昆澤;費鴻泰;李桐豪;許添財;盧秀燕;呂學樟;黃國書;邱文彥;葉宜津;潘維剛;蘇清泉;鄭麗君;賴振昌;王廷升;陳歐珀;蔣乃辛;何欣純;吳育仁;陳亭妃;林滄敏;鄭天財Sra．Kacaw;顏寬恒;黃偉哲;陳淑慧;王惠美;楊麗環;劉櫂豪;周倪安;薛凌;羅明才,
104/10/05,紅樓302會議室,司法及法制委員會,無,立法院第8屆第8會期司法及法制委員會第3次全體委員會議,10月5日、7日（星期一、三）一、審查105年度中央政府總預算案關於法務部及所屬主管收支部分。10月8日（星期四）二、審查105年度中央政府總預算案關於考試院及所屬主管收支部分。三、併案審查考試院函請審議及委員蔣乃辛等22人擬具「公務人員退休法第六條及第十一條條文修正草案」等2案。四、併案審查考試院、行政院函請審議及委員蔣乃辛等20人擬具「公教人員保險法部分條文修正草案」等2案。五、審查考試院、行政院函請審議「政務人員退職撫卹條例第十一條及第二十一條條文修正草案」案。（10月5日、7日及8日三天一次會）,顏寬恒;詹滿容;呂學樟;謝國樑;蔡其昌;王惠美;林滄敏;劉櫂豪;段宜康;許添財;李桐豪;黃偉哲;蘇清泉;羅明才;李俊俋;邱文彥;潘維剛;楊瓊瓔;陳歐珀;賴振昌;葉津鈴;盧秀燕;蔣乃辛;蕭美琴;陳亭妃;陳怡潔;尤美女;王廷升;楊麗環;姚文智;周倪安,
104/10/05,群賢樓801會議室,社會福利及衛生環境委員會,無,立法院第8屆第8會期社會福利及衛生環境委員會第4次全體委員會議,(10月5日) 一、邀請衛生福利部蔣部長丙煌列席報告業務概況，並備質詢。 二、審查105年中央政府總預算案有關衛生福利部主管預算(公務部分)案。(預算詢答) 三、審查(一)本院委員王育敏等21人擬具「兒童及少年福利與權益保障法第七條條文修正草案」、(二)委員王育敏等19人擬具「兒童及少年福利與權益保障法部分條文修正草案」、(三)委員盧秀燕等21人擬具「兒童及少年福利與權益保障法第二十九條條文修正草案」、(四)委員陳亭妃等16人擬具「兒童及少年福利與權益保障法第三十三條條文修正草案」、(五)委員黃志雄等18人擬具「兒童及少年福利與權益保障法第三十三條條文修正草案」、(六)委員王育敏等33人擬具「兒童及少年福利與權益保障法增訂部分條文草案」、(七)委員王育敏等26人擬具「兒童及少年福利與權益保障法第四十六條之一條文修正草案」等7案。(本日第一、二、三案採綜合詢答)。 (10月7日下午及10月8日) 一、繼續審查本院委員楊玉欣等31人擬具「病人自主權利法草案」案。 二、繼續審查本院委員江惠貞等18人擬具「人體研究法第十九條條文修正草案」案。 三、繼續審查(一)本院委員王育敏等21人擬具「兒童及少年福利與權益保障法第七條條文修正草案」、(二)委員王育敏等19人擬具「兒童及少年福利與權益保障法部分條文修正草案」、(三)委員盧秀燕等21人擬具「兒童及少年福利與權益保障法第二十九條條文修正草案」、(四)委員陳亭妃等16人擬具「兒童及少年福利與權益保障法第三十三條條文修正草案」、(五)委員黃志雄等18人擬具「兒童及少年福利與權益保障法第三十三條條文修正草案」、(六)委員王育敏等33人擬具「兒童及少年福利與權益保障法增訂部分條文草案」、(七)委員王育敏等26人擬具「兒童及少年福利與權益保障法第四十六條之一條文修正草案」等7案。(逐條審查),,
104/10/07,群賢樓801會議室,社會福利及衛生環境委員會,無,立法院社會福利及衛生環境委員會,舉行《病人自主權利法草案》公聽會。,,
104/10/07,紅樓201會議室,交通委員會,無,立法院第8屆第8會期交通委員會第4次全體委員會議,審查105年度中央政府總預算案關於交通部公路總局及所屬單位預算。(詢答及處理)(10月5日、7日及8日三天一次會),葉宜津;李昆澤;羅淑蕾;陳歐珀;管碧玲;陳素月;簡東明;楊麗環;費鴻泰;孔文吉;王進士;許添財;許淑華;鄭天財Sra．Kacaw;楊瓊瓔;周倪安;蔣乃辛;陳亭妃;許智傑;陳明文;何欣純;潘維剛;賴振昌;邱文彥;李桐豪;盧秀燕,
104/10/07,紅樓101會議室,經濟委員會,無,立法院第8屆第8會期經濟委員會第4次全體委員會議,繼續審查105年度中央政府總預算案關於經濟部及所屬單位預算部分。（處理）(10月5日、7日及8日三天一次會),,
104/10/07,紅樓302會議室,司法及法制委員會,無,立法院第8屆第8會期司法及法制委員會第3次全體委員會議,10月5日、7日（星期一、三）一、審查105年度中央政府總預算案關於法務部及所屬主管收支部分。10月8日（星期四）二、審查105年度中央政府總預算案關於考試院及所屬主管收支部分。三、併案審查考試院函請審議及委員蔣乃辛等22人擬具「公務人員退休法第六條及第十一條條文修正草案」等2案。四、併案審查考試院、行政院函請審議及委員蔣乃辛等20人擬具「公教人員保險法部分條文修正草案」等2案。五、審查考試院、行政院函請審議「政務人員退職撫卹條例第十一條及第二十一條條文修正草案」案。（10月5日、7日及8日三天一次會）,,
104/10/07,紅樓202會議室,內政委員會,無,立法院第8屆第8會期內政委員會第6次全體委員會議,一、審查105年度中央政府總預算案關於行政院海岸巡防署主管─海岸巡防署、海洋巡防總局、海岸巡防總局及所屬主管收支部分。二、審查行政院海岸巡防署及所屬近3年「補、捐（獎）助其他政府機關、團體或個人經費報告表」共3案。三、審查行政院海岸巡防署及所屬近3年「辦理政策宣導相關之廣告彙整表」共11案。四、處理104年度中央政府總預算有關行政院海岸巡防署預算凍結項目報告案計1案。,段宜康;莊瑞雄;李俊俋;陳怡潔;盧嘉辰;邱文彥;許添財;周倪安;蘇清泉;李桐豪;管碧玲;陳鎮湘;盧秀燕;楊瓊瓔;葉宜津;張慶忠;蔣乃辛;陳亭妃;陳明文;何欣純;潘維剛;賴振昌;簡東明;陳歐珀;孔文吉;陳其邁;楊麗環;許淑華,
104/10/07,群賢樓101會議室,教育及文化委員會,無,立法院第8屆第8會期教育及文化委員會第4次全體委員會議,一、審查105年度中央政府總預算案關於文化部及所屬單位預算案。(進行詢答)二、審查105年度行政法人國家表演藝術中心預算案。(進行詢答)(10月5、7、8日3天一次會),陳碧涵;高金素梅;孔文吉;賴振昌;黃國書;蔣乃辛;陳亭妃;何欣純;許智傑;黃志雄;鄭麗君;陳淑慧;段宜康;鄭天財Sra．Kacaw;陳歐珀;許添財;管碧玲;盧秀燕;楊瓊瓔;邱文彥;李桐豪;薛凌;楊麗環;陳明文;潘維剛;田秋堇;周倪安,
104/10/07,群賢樓801會議室,社會福利及衛生環境委員會,無,立法院第8屆第8會期社會福利及衛生環境委員會第4次全體委員會議,(10月7日下午及10月8日) 一、繼續審查本院委員楊玉欣等31人擬具「病人自主權利法草案」案。 二、繼續審查本院委員江惠貞等18人擬具「人體研究法第十九條條文修正草案」案。 三、繼續審查(一)本院委員王育敏等21人擬具「兒童及少年福利與權益保障法第七條條文修正草案」、(二)委員王育敏等19人擬具「兒童及少年福利與權益保障法部分條文修正草案」、(三)委員盧秀燕等21人擬具「兒童及少年福利與權益保障法第二十九條條文修正草案」、(四)委員陳亭妃等16人擬具「兒童及少年福利與權益保障法第三十三條條文修正草案」、(五)委員黃志雄等18人擬具「兒童及少年福利與權益保障法第三十三條條文修正草案」、(六)委員王育敏等33人擬具「兒童及少年福利與權益保障法增訂部分條文草案」、(七)委員王育敏等26人擬具「兒童及少年福利與權益保障法第四十六條之一條文修正草案」等7案。(逐條審查),,
104/10/07,紅樓301會議室,外交及國防委員會,無,立法院第8屆第8會期外交及國防委員會第6次全體委員會議【報告秘密，詢答（先秘密、後公開）】,邀請國家安全局局長楊國強率相關情報機關首長提出「國家情報工作暨國家安全局業務報告」，並備質詢。(10月5日及7日二天一次會),,
104/10/07,九樓大禮堂,財政委員會,無,立法院第8屆第8會期財政委員會第5次全體委員會議,一、審查中華民國105年度中央政府總預算案有關金融監督管理委員會、銀行局、證券期貨局、保險局、檢查局部分。二、審查中華民國105年度中央政府總預算案附屬單位預算非營業部分有關特別收入基金－金融監督管理基金部分。(10月5日、7日及8日三天一次會),許添財;吳秉叡;賴士葆;盧秀燕;林德福;薛凌;楊瓊瓔;費鴻泰;李應元;羅明才;潘維剛;周倪安;賴振昌;楊麗環;曾巨威;李桐豪;陳明文;何欣純;陳歐珀;蔣乃辛;簡東明;鄭天財Sra．Kacaw;管碧玲;邱文彥,
104/10/08,九樓大禮堂,財政委員會,無,立法院第8屆第8會期財政委員會第5次全體委員會議,審查中華民國105年度中央政府總預算案有關主計總處。審計部、審計部臺北市審計處、審計部新北市審計處、審計部桃園市審計處、審計部臺中市審計處、審計部臺南市審計處、審計部高雄市審計處部分。(10月5日、7日及8日三天一次會),許添財;吳秉叡;盧秀燕;賴士葆;林德福;薛凌;孫大千;潘維剛;李應元;曾巨威;費鴻泰;楊瓊瓔;蔣乃辛;陳歐珀;賴振昌;邱文彥;陳明文;葉津鈴;顏寬恒;李貴敏,
104/10/08,紅樓202會議室,內政委員會,司法及法制委員會,立法院第8屆第8會期內政、司法及法制委員會第1次聯席會議,審查行政院函，為提名林慈玲、劉嘉薇、江大樹、張淑中及林偕得為中央選舉委員會委員，檢送提名名單，請同意案。,莊瑞雄;段宜康;盧嘉辰;陳怡潔;李俊俋;尤美女;吳育昇;陳其邁;邱文彥;許添財;盧秀燕;李貴敏;楊瓊瓔;蔣乃辛;陳明文;賴振昌;潘維剛;葉津鈴;羅淑蕾;謝國樑;周倪安;蔡其昌;姚文智;顏寬恒;邱文彥;張慶忠,
104/10/08,群賢樓101會議室,教育及文化委員會,無,立法院第8屆第8會期教育及文化委員會第4次全體委員會議,邀請行政院原子能委員會主任委員率所屬單位列席報告業務概況，並備質詢。(10月5、7、8日3天一次會),黃國書;黃志雄;鄭麗君;蔣乃辛;陳碧涵;賴振昌;何欣純;李貴敏;許添財;林德福;盧秀燕;顏寬恒;薛凌;楊瓊瓔;陳歐珀;邱文彥;陳明文;潘維剛;葉津鈴;田秋堇,
104/10/08,紅樓101會議室,經濟委員會,無,立法院第8屆第8會期經濟委員會第4次全體委員會議,審查105年度中央政府總預算案關於公平交易委員會單位預算及附屬單位預算非營業部分關於公平交易委員會主管：反托拉斯基金。（詢答）(10月5日、7日及8日三天一次會),丁守中;李貴敏;楊瓊瓔;蘇震清;廖國棟;陳明文;葉津鈴;高志鵬;顏寬恒;許添財;盧秀燕;黃國書;薛凌;邱文彥;陳歐珀;陳碧涵;賴振昌;蔣乃辛;呂學樟;潘維剛;黃昭順,
104/10/08,紅樓201會議室,交通委員會,無,立法院第8屆第8會期交通委員會第4次全體委員會議,審查105年度中央政府總預算案關於交通部公路總局及所屬單位預算。(詢答及處理)(10月5日、7日及8日三天一次會),,
104/10/08,群賢樓801會議室,社會福利及衛生環境委員會,無,立法院第8屆第8會期社會福利及衛生環境委員會第4次全體委員會議,(10月7日下午及10月8日)一、繼續審查本院委員楊玉欣等31人擬具「病人自主權利法草案」案。二、繼續審查本院委員江惠貞等18人擬具「人體研究法第十九條條文修正草案」案。三、繼續審查(一)本院委員王育敏等21人擬具「兒童及少年福利與權益保障法第七條條文修正草案」、(二)委員王育敏等19人擬具「兒童及少年福利與權益保障法部分條文修正草案」、(三)委員盧秀燕等21人擬具「兒童及少年福利與權益保障法第二十九條條文修正草案」、(四)委員陳亭妃等16人擬具「兒童及少年福利與權益保障法第三十三條條文修正草案」、(五)委員黃志雄等18人擬具「兒童及少年福利與權益保障法第三十三條條文修正草案」、(六)委員王育敏等33人擬具「兒童及少年福利與權益保障法增訂部分條文草案」、(七)委員王育敏等26人擬具「兒童及少年福利與權益保障法第四十六條之一條文修正草案」等7案。(逐條審查),,
104/10/08,紅樓302會議室,司法及法制委員會,無,立法院第8屆第8會期司法及法制委員會第3次全體委員會議,10月5日、7日（星期一、三）一、審查105年度中央政府總預算案關於法務部及所屬主管收支部分。10月8日（星期四）二、審查105年度中央政府總預算案關於考試院及所屬主管收支部分。三、併案審查考試院函請審議及委員蔣乃辛等22人擬具「公務人員退休法第六條及第十一條條文修正草案」等2案。四、併案審查考試院、行政院函請審議及委員蔣乃辛等20人擬具「公教人員保險法部分條文修正草案」等2案。五、審查考試院、行政院函請審議「政務人員退職撫卹條例第十一條及第二十一條條文修正草案」案。（10月5日、7日及8日三天一次會）,顏寬恒;呂學樟;蔡其昌;詹滿容;謝國樑;尤美女;盧秀燕;許添財;李貴敏;楊瓊瓔;邱文彥;蔣乃辛;陳明文;陳歐珀;賴振昌;潘維剛;葉津鈴;吳宜臻,
104/10/12,紅樓201會議室,交通委員會,無,立法院第8屆第8會期交通委員會第5次全體委員會議,審查105年度中央政府總預算案關於國家通訊傳播委員會單位預算。(詢答及處理)(10月12日、14日及15日三天一次會),陳歐珀;羅淑蕾;楊麗環;葉宜津;李昆澤;管碧玲;陳素月;王進士;簡東明;賴振昌;許添財;鄭天財Sra．Kacaw;呂學樟;邱文彥;廖國棟;陳亭妃;蘇清泉;陳明文;陳怡潔;葉津鈴;楊瓊瓔;張慶忠;高金素梅;周倪安;何欣純;李貴敏;吳育昇;黃偉哲;陳根德;周倪安;林國正,
104/10/12,紅樓101會議室,經濟委員會,無,立法院第8屆第8會期經濟委員會第5次全體委員會議,審查105年度中央政府總預算案行政院歲入預算有關行政院國家發展基金折減基金繳庫及賸餘繳庫部分暨國家發展委員會及所屬單位預算部分。（詢答）(10月12日、14日二天一次會),林岱樺;丁守中;陳明文;楊瓊瓔;葉津鈴;蘇震清;蕭美琴;廖國棟;張嘉郡;鄭天財Sra．Kacaw;李貴敏;許添財;羅淑蕾;蘇清泉;楊麗環;管碧玲;陳亭妃;李昆澤;王進士;邱議瑩;陳怡潔;簡東明;張慶忠;周倪安;高金素梅;何欣純;邱文彥;黃昭順;翁重鈞;黃偉哲;吳育昇;呂學樟,
104/10/12,群賢樓101會議室,教育及文化委員會,無,立法院第8屆第8會期教育及文化委員會第5次全體委員會議,一、邀請中央研究院院長列席報告業務概況，並備質詢。二、審查105年度中央政府總預算案有關中央研究院公務預算案。(詢答及處理)。三、審查105年度中央政府總預算案有關中央研究院所屬科學研究基金附屬單位預算案。(詢答及處理) 【有關中央研究院公務預算案及中央研究院所屬科學研究基金附屬單位預算案，請各委員辦公室於10月12日上午10時前，將提案送交教育及文化委員會蔡科長(分機5072)彙整以利處理。】,陳亭妃;賴振昌;黃國書;蔣乃辛;高金素梅;何欣純;陳碧涵;鄭麗君;許添財;鄭天財Sra．Kacaw;陳歐珀;楊麗環;呂學樟;邱文彥;廖國棟;管碧玲;蘇清泉;李昆澤;王進士;葉津鈴;楊瓊瓔;蕭美琴;陳怡潔;張慶忠;簡東明;周倪安;陳明文;陳淑慧;吳育昇;黃偉哲,
104/10/12,九樓大禮堂,財政委員會,無,第8屆第8會期財政委員會考察業務概況,考察財金資訊股份有限公司,,
104/10/12,紅樓302會議室,司法及法制委員會,無,立法院第8屆第8會期司法及法制委員會第4次全體委員會議,10月12日（星期一）上午9時至12時一、審查105年度中央政府總預算案關於監察院主管收支部分（不含審計部及所屬）。下午1時至5時30分二、審查105年度中央政府總預算案關於立法院主管收支部分。10月14日（星期三）、15日（星期四）三、邀請司法院秘書長列席說明立法計畫。四、審查105年度中央政府總預算案關於司法院及所屬主管收支部分。（10月12日、14日及15日三天一次會）,呂學樟;蔡其昌;尤美女;詹滿容;王廷升;許添財;王廷升;林滄敏;許添財;鄭天財Sra．Kacaw;陳明文;陳歐珀;楊麗環;邱文彥;廖國棟;陳亭妃;蘇清泉;王進士;陳怡潔;賴振昌;葉津鈴;楊瓊瓔;張慶忠;簡東明;周倪安;高金素梅;何欣純;李貴敏;王惠美;吳育昇;謝國樑;謝國樑,
104/10/12,紅樓202會議室,內政委員會,無,立法院第8屆第8會期內政委員會第7次全體委員會議,一、邀請行政院大陸委員會主任委員夏立言於第四次兩岸事務首長會議前，就會談議題及預期成果進行專題報告，並備質詢。二、邀請行政院大陸委員會主任委員夏立言、財團法人海峽交流基金會董事長林中森率同所屬列席報告業務概況（含上會期臨時提案辦理情形），並備質詢，並備質詢。三、邀請蒙藏委員會委員長蔡玉玲率同所屬列席報告業務概況，並備質詢。四、處理104年度中央政府總預算有關蒙藏委員會預算凍結項目報告案計1案。 ,莊瑞雄;李俊俋;鄭天財Sra．Kacaw;段宜康;陳怡潔;邱文彥;張慶忠;周倪安;陳其邁;王廷升;許添財;陳歐珀;陳明文;楊麗環;呂學樟;葉宜津;管碧玲;廖國棟;陳亭妃;蘇清泉;李昆澤;王進士;賴振昌;葉津鈴;楊瓊瓔;簡東明;姚文智;高金素梅;何欣純;吳育昇;李貴敏;尤美女;羅淑蕾;黃偉哲;盧嘉辰,
104/10/12,群賢樓801會議室,社會福利及衛生環境委員會,無,立法院第8屆第8會期社會福利及衛生環境委員會第5次全體委員會議,一、邀請行政院環境保護署魏署長國彥列席報告業務概況，並備質詢。 二、審查105年度中央政府總預算案有關行政院環境保護署主管預算(公務部分)案。(預算詢答) 三、邀請行政院環境保護署魏署長國彥、經濟部次長；臺北市、臺中市、高雄市、彰化縣及雲林縣環保局代表等就「檢討現行垃圾焚化爐現況；如何建立全國可偕同調度、合理收費之家戶垃圾及一般事業廢棄物之焚化體系」列席報告，並備質詢。,蘇清泉;王育敏;陳節如;蔡煌瑯;劉建國;趙天麟;楊曜;楊麗環;許添財;呂學樟;鄭天財Sra．Kacaw;廖國棟;林淑芬;田秋堇;王進士;賴振昌;葉津鈴;蕭美琴;楊瓊瓔;陳怡潔;高金素梅;簡東明;何欣純;張慶忠;周倪安;李貴敏;陳歐珀;陳亭妃;吳育昇;黃偉哲;江惠貞;邱文彥;吳育仁;陳明文;李昆澤;徐少萍,
104/10/12,紅樓302會議室,司法及法制委員會,無,立法院第8屆第8會期司法及法制委員會第4次全體委員會議,10月12日（星期一）下午1時至5時30分二、審查105年度中央政府總預算案關於立法院主管收支部分。10月14日（星期三）、15日（星期四）三、邀請司法院秘書長列席說明立法計畫。四、審查105年度中央政府總預算案關於司法院及所屬主管收支部分。(10月12日、14日及15日三天一次會),蔡其昌;呂學樟;詹滿容;尤美女;王廷升,
104/10/13,紅樓201會議室,程序委員會,無,第8屆第8會期程序委員會第5次會議,審定本院第8屆第8會期第5次會議議事日程,,
104/10/14,紅樓301會議室,外交及國防委員會,無,立法院第8屆第8會期外交及國防委員會第7次全體委員會議,一、邀請國防部部長高廣圻報告業務概況，並備質詢。二、審查105年度中央政府總預算案關於國防部及所屬主管收支機密及公開部分﹙不含國安局部分﹚。【報告秘密，詢答及審查（先秘密、後公開）】(10月14及15日二天一次會),陳鎮湘;江啟臣;黃偉哲;李桐豪;蔡錦隆;陳鎮湘;林郁方;陳唐山;蕭美琴;詹凱臣;邱志偉;蔡煌瑯;盧秀燕;陳雪生;楊應雄;孔文吉;林德福;陳歐珀;楊麗環;楊瓊瓔;賴振昌;蔣乃辛;管碧玲;陳明文;蔡正元;吳育昇;蘇清泉;邱文彥;簡東明;潘維剛;許添財;周倪安;馬文君;顏寬恒;劉櫂豪;盧秀燕,
104/10/14,群賢樓801會議室,社會福利及衛生環境委員會,無,立法院第8屆第8會期社會福利及衛生環境委員會第6次全體委員會議,(10月14日)一、審查(一)本院委員李俊俋等21人擬具「老人福利法第四十九條條文修正草案」、(二)委員蔣乃辛等27人擬具「老人福利法第二十三條條文修正草案」、(三)委員楊玉欣等29人擬具「老人福利法增訂第五十二條之一條文草案」、(四)委員許智傑等32人擬具「老人福利法增訂第三十一條之一條文草案」、(五)委員賴士葆等22人擬具「老人福利法增訂第三十一條之一條文草案」、(六)委員陳亭妃等22人擬具「老人福利法增訂第七條之一條文草案」、(七)本院委員李桐豪等27人擬具「老人福利法第三條條文修正草案」、(八)委員黃志雄等16人擬具「老人福利法第四十二條條文修正草案」、(九)委員潘孟安等21人擬具「老人福利法增訂第三十一條之一條文草案」、(十)委員謝國樑等21人擬具「老人福利法第三十三條條文修正草案」、(十一)委員劉建國等19人擬具「老人福利法部分條文修正草案」、(十二)委員顏寬恒等30人擬具「老人福利法增訂第三十四條之一條文草案」、(十三)委員陳歐珀等20人擬具「老人福利法第四十二條條文修正草案」、(十四)委員陳節如等17人擬具「老人福利法部分條文修正草案」、(十五)委員王育敏等22人擬具「老人福利法增訂第十二條之一條文草案」、(十六)委員顏寬恒等21人擬具「老人福利法第三條及第二十三條之一條文修正草案」、(十七)委員陳素月等17人擬具「老人福利法第二十三條條文修正草案」、(十八)委員許智傑等16人擬具「老人福利法第三條條文修正草案」、(十九)委員盧嘉辰等26人擬具「老人福利法第三條條文修正草案」等19案。(詢答)二、繼續審查(一)本院委員邱志偉等18人擬具「藥事法部分條文修正草案」、(二)委員姚文智等17人擬具「藥事法部分條文修正草案」、(三)委員江惠貞等21人擬具「藥事法第二條條文修正草案」、(四)委員李桐豪等27人擬具「藥事法第二條條文修正草案」、(五)委員羅淑蕾等16人擬具「藥事法第二條條文修正草案」、(六)委員盧秀燕等18人擬具「藥事法第二條條文修正草案」、(七)行政院函請審議「藥事法增訂第四十八條之二條文草案」案、 (八)委員陳節如等19人擬具「藥事法部分條文修正草案」、(九)委員王育敏等30人擬具「藥事法增訂第四十八條之二條文草案」、(十)委員趙天麟等16人擬具「藥事法第八十五條及第九十條條文修正草案」、(十一)委員李貴敏等31人擬具「藥事法第八十八條條文修正草案」、(十二)委員李貴敏等32人擬具「藥事法部分條文修正草案」、(十三)委員李貴敏等31人擬具「藥事法部分條文修正草案」等13案。(逐條審查),王育敏;蘇清泉;江惠貞;徐少萍;林鴻池;陳節如;楊曜;劉建國;盧秀燕;林德福;陳歐珀;趙天麟;許添財;林淑芬;顏寬恒;楊麗環;楊瓊瓔;賴振昌;蔣乃辛;邱志偉;姚文智;邱文彥;吳育昇;潘維剛;李貴敏;吳育仁;黃偉哲;周倪安;李桐豪;劉櫂豪;吳秉叡,
104/10/14,紅樓302會議室,司法及法制委員會,無,立法院第8屆第8會期司法及法制委員會第4次全體委員會議,10月14日（星期三）、15日（星期四）三、邀請司法院秘書長列席說明立法計畫。四、審查105年度中央政府總預算案關於司法院及所屬主管收支部分。（10月12日、14日及15日三天一次會）,顏寬恒;謝國樑;蔡其昌;詹滿容;尤美女;林滄敏;李桐豪;蔡錦隆;陳歐珀;吳秉叡;孔文吉;林德福;盧秀燕;許添財;楊麗環;楊瓊瓔;賴振昌;蕭美琴;蔣乃辛;邱志偉;管碧玲;陳明文;江啟臣;吳育昇;蘇清泉;邱文彥;簡東明;潘維剛;黃偉哲;蔡正元;周倪安;劉櫂豪,
104/10/14,紅樓101會議室,經濟委員會,無,立法院第8屆第8會期經濟委員會第5次全體委員會議,審查105年度中央政府總預算案有關行政院農業委員會及所屬單位預算部分。（詢答）（10月12日、14日二天一次會）,林岱樺;李貴敏;李慶華;丁守中;楊瓊瓔;葉津鈴;蘇震清;高志鵬;陳明文;翁重鈞;江啟臣;蕭美琴;廖國棟;劉櫂豪;孔文吉;簡東明;高金素梅;黃偉哲;林德福;顏寬恒;許添財;楊麗環;葉宜津;管碧玲;邱志偉;賴振昌;蘇清泉;姚文智;陳歐珀;蔣乃辛;邱文彥;吳育昇;何欣純;李桐豪;盧秀燕;潘維剛;陳雪生;林滄敏;邱議瑩;黃昭順;周倪安;黃國書,
104/10/14,紅樓202會議室,內政委員會,無,立法院第8屆第8會期內政委員會第8次全體委員會議,一、審查105年度中央政府總預算案關於中央選舉委員會及所屬收支部分。 二、審查中央選舉委員會及所屬近3年「辦理政策宣導相關之廣告彙整表」共5案。,莊瑞雄;鄭天財Sra．Kacaw;李俊俋;段宜康;陳其邁;吳育昇;盧嘉辰;陳怡潔;陳明文;黃偉哲;李桐豪;孔文吉;顏寬恒;許添財;江啟臣;林德福;楊麗環;盧秀燕;李貴敏;葉宜津;楊瓊瓔;賴振昌;蔣乃辛;姚文智;管碧玲;邱志偉;蕭美琴;蘇清泉;何欣純;簡東明;潘維剛;陳雪生;高金素梅;張慶忠;羅淑蕾;陳歐珀;邱文彥;周倪安;劉櫂豪,
104/10/14,紅樓201會議室,交通委員會,無,立法院第8屆第8會期交通委員會第5次全體委員會議,一、審查105年度中央政府總預算案關於交通部民用航空局單位預算。二、審查105年度中央政府總預算案附屬單位預算非營業部分關於交通部主管交通作業基金－民航事業作業基金分預算。(以上合併詢答，分開處理)(10月12日、14日及15日三天一次會),李昆澤;陳歐珀;羅淑蕾;楊麗環;葉宜津;陳素月;管碧玲;簡東明;李鴻鈞;劉櫂豪;陳雪生;顏寬恒;黃偉哲;許淑華;孔文吉;許添財;江啟臣;林德福;盧秀燕;李貴敏;楊瓊瓔;賴振昌;蔣乃辛;蕭美琴;陳明文;邱志偉;姚文智;吳育昇;邱文彥;蘇清泉;何欣純;潘維剛;高金素梅;尤美女;鄭天財Sra．Kacaw;周倪安;李桐豪;王進士;尤美女,
104/10/14,九樓大禮堂,財政委員會,無,立法院第8屆第8會期財政委員會第6次全體委員會議,一、邀請財政部張部長盛和就「財政部暨所屬投資或經營    之事業近五年之經營績效」專題報告，並備質詢。二、處理財政部函，為104年度中央政府總預算案附屬單位    預算決議，印刷廠統一發票銷售成本4億7298萬    1000元凍結五分之一乙案，請安排報告案。,許添財;吳秉叡;林德福;賴士葆;盧秀燕;費鴻泰;孫大千;薛凌;蔡正元;李應元;潘維剛;李桐豪;曾巨威;顏寬恒;黃偉哲;邱志偉;楊麗環;楊瓊瓔;賴振昌;蔣乃辛;蘇清泉;邱文彥;吳育昇;李貴敏;羅明才;陳歐珀,
104/10/14,群賢樓101會議室,教育及文化委員會,無,立法院第8屆第8會期教育及文化委員會第6次全體委員會議,（星期三上午）一、審查105年度中央政府總預算案有關科技部及所屬單位預算案。(進行詢答)二、審查105年度行政院主管國家科學技術發展基金、科技部主管科學工業園區管理局作業基金等附屬單位預算案。(進行詢答)。三、審查105年度行政法人國家災害防救科技中心預算案。(進行詢答)(10月14日及10月15日2天一次會),孔文吉;陳碧涵;黃國書;黃志雄;蔣乃辛;陳淑慧;賴振昌;何欣純;高金素梅;許添財;李貴敏;盧秀燕;江啟臣;鄭麗君;李桐豪;陳歐珀;顏寬恒;林德福;楊麗環;楊瓊瓔;蘇清泉;邱志偉;管碧玲;邱文彥;陳明文;姚文智;吳育昇;潘維剛;簡東明;許智傑;黃偉哲;周倪安,
104/10/14,群賢樓101會議室,教育及文化委員會,無,立法院第8屆第8會期教育及文化委員會第6次全體委員會議,（星期三下午）處理104年度行政院原子能委員會及所屬單位預算報告後始得動支案等18案。(10月14日及10月15日2天一次會),蔣乃辛;陳碧涵;陳亭妃;呂玉玲,
104/10/15,紅樓201會議室,交通委員會,無,立法院第8屆第8會期交通委員會第5次全體委員會議,審查105年度中央政府總預算案關於交通部中央氣象局單位預算。（詢答及處理）(10月12日、14日及15日三天一次會),李昆澤;陳歐珀;楊麗環;管碧玲;羅淑蕾;葉宜津;李鴻鈞;劉櫂豪;李桐豪;李貴敏;蔣乃辛;賴振昌;葉津鈴;潘維剛;邱文彥;何欣純;許添財,
104/10/15,群賢樓101會議室,教育及文化委員會,無,立法院第8屆第8會期教育及文化委員會第6次全體委員會議,（星期四下午）繼續審查105年度中央政府總預算案有關教育部及所屬單位預算案。(處理）(10月14日及10月15日2天一次會),,
104/10/15,群賢樓101會議室,教育及文化委員會,無,立法院第8屆第8會期教育及文化委員會第6次全體委員會議,（星期四上午）處理104年度文化部及所屬單位預算專案報告後始得動支案等10案。(10月14日及10月15日2天一次會),蔣乃辛;陳碧涵;黃國書;賴振昌;何欣純;陳亭妃;李桐豪;薛凌;盧秀燕;管碧玲;林德福;陳歐珀;李貴敏;楊麗環;潘維剛;邱文彥;葉津鈴;許添財;鄭麗君;周倪安,
104/10/15,紅樓301會議室,外交及國防委員會,無,立法院第8屆第8會期外交及國防委員會第7次全體委員會議,一、邀請國防部部長高廣圻報告業務概況，並備質詢。二、審查105年度中央政府總預算案關於國防部及所屬主管收支機密及公開部分﹙不含國安局部分﹚。【報告秘密，詢答及審查（先秘密、後公開）】(10月14及15日二天一次會),,
104/10/15,九樓大禮堂,財政委員會,經濟委員會、內政委員會,立法院第8屆第8會期財政、內政、經濟委員會第1次聯席會議,一、審查「105年度至106年度中央政府流域綜合治理計畫第2期特別預算案」。二、審查內政部函，為103年度至104年度中央政府流域綜合治理計畫第1期特別預算決議，針對主管經費凍結十分之一，俟向本院財政、內政、經濟三委員會提出報告經同意後始得動支乙案，檢送解凍報告案。,許添財;吳秉叡;林德福;盧秀燕;賴士葆;費鴻泰;薛凌;李貴敏;葉津鈴;李應元;羅明才;翁重鈞;潘維剛;李桐豪;陳歐珀;邱文彥;蔣乃辛;賴振昌;何欣純;周倪安;曾巨威;盧嘉辰;楊麗環,
104/10/15,群賢樓801會議室,社會福利及衛生環境委員會,無,立法院第8屆第8會期社會福利及衛生環境委員會第6次全體委員會議,(10月15日)繼續審查(一)本院委員邱志偉等18人擬具「藥事法部分條文修正草案」、(二)委員姚文智等17人擬具「藥事法部分條文修正草案」、(三)委員江惠貞等21人擬具「藥事法第二條條文修正草案」、(四)委員李桐豪等27人擬具「藥事法第二條條文修正草案」、(五)委員羅淑蕾等16人擬具「藥事法第二條條文修正草案」、(六)委員盧秀燕等18人擬具「藥事法第二條條文修正草案」、(七)行政院函請審議「藥事法增訂第四十八條之二條文草案」案、 (八)委員陳節如等19人擬具「藥事法部分條文修正草案」、(九)委員王育敏等30人擬具「藥事法增訂第四十八條之二條文草案」、(十)委員趙天麟等16人擬具「藥事法第八十五條及第九十條條文修正草案」、(十一)委員李貴敏等31人擬具「藥事法第八十八條條文修正草案」、(十二)委員李貴敏等32人擬具「藥事法部分條文修正草案」、(十三)委員李貴敏等31人擬具「藥事法部分條文修正草案」等13案。(逐條審查),,
104/10/15,紅樓302會議室,司法及法制委員會,無,立法院第8屆第8會期司法及法制委員會第4次全體委員會議,10月14日（星期三）、15日（星期四）三、邀請司法院秘書長列席說明立法計畫。四、審查105年度中央政府總預算案關於司法院及所屬主管收支部分。（10月12日、14日及15日三天一次會）,,
104/10/19,九樓大禮堂,財政委員會,無,立法院第8屆第8會期財政委員會第7次全體委員會議,一、審查院會交付財政部函送「建構財政雲端服務網計畫」之備選方案成本效益分析，與相關財源籌措及資金運用說明案。二、審查張常平先生等人民請願案計40件。(10月19日及22日兩天一次會) ,許添財;吳秉叡;賴士葆;盧秀燕;林德福;羅明才;費鴻泰;薛凌;李應元;賴振昌;孫大千;曾巨威;黃偉哲;李桐豪;楊麗環;陳明文;邱文彥;呂學樟;蘇清泉;王惠美;陳歐珀;楊瓊瓔;林滄敏;葉津鈴;潘維剛;顏寬恒;李貴敏,
104/10/19,紅樓301會議室,外交及國防委員會,無,立法院第8屆第8會期外交及國防委員會第8次全體委員會議,審查105年度中央政府總預算案關於僑務委員會主管收支部分。,蔡錦隆;黃偉哲;江啟臣;蔡煌瑯;李桐豪;邱志偉;陳鎮湘;蕭美琴;陳唐山;林郁方;詹凱臣;楊應雄;陳歐珀;葉津鈴;盧秀燕;陳明文;林德福;楊麗環;呂學樟;潘維剛;李貴敏;薛凌;邱文彥;王惠美;蘇清泉;賴振昌;楊瓊瓔;孔文吉;林滄敏;許添財;顏寬恒,
104/10/19,群賢樓801會議室,社會福利及衛生環境委員會,無,立法院第8屆第8會期社會福利及衛生環境委員會第7次全體委員會議,(10月19日及21日) 繼續審查中華民國105年度中央政府總預算案有關衛生福利部主管預算(公務部分)案。(預算處理) (10月22日) 一、處理中華民國104年度中央政府總預算有關行政院環境保護署主管預算(公務預算)解凍案2案。(詢答及處理) 二、處理中華民國104年度中央政府總預算有關行政院環境保護署主管預算(非營業基金)解凍案11案。(詢答及處理) 三、處理中華民國104年度中央政府總預算有關勞動部主管預算(公務預算)解凍案17案。(詢答及處理) 四、處理中華民國104年度中央政府總預算有關勞動部主管預算(非營業基金)解凍案17案。(詢答及處理),,
104/10/19,紅樓201會議室,交通委員會,無,立法院第8屆第8會期交通委員會第6次全體委員會議,審查105年度中央政府總預算案關於交通部運輸研究所單位預算。(詢答及處理)(10月19日、21日及22日三天一次會),楊麗環;羅淑蕾;葉宜津;李昆澤;管碧玲;陳歐珀;李鴻鈞;蕭美琴;許淑華;江啟臣;顏寬恒;黃偉哲;陳明文;李桐豪;林德福;盧秀燕;潘維剛;李貴敏;陳素月;呂學樟;薛凌;邱文彥;王惠美;邱志偉;蘇清泉;賴振昌;孔文吉;楊瓊瓔;林滄敏;葉津鈴;許添財,
104/10/19,紅樓202會議室,內政委員會,無,考察, 考察北方海域海巡勤務狀況、台北港港區消防救災業務及淡海新市鎮開發情形,,
104/10/19,紅樓302會議室,司法及法制委員會,無,立法院第8屆第8會期司法及法制委員會第5次全體委員會議,10月19日（星期一）一、審查105年度中央政府總預算案附屬單位預算非營業部分關於考試院考選部主管「考選業務基金」收支部分。二、審查105年度中央政府總預算案附屬單位預算非營業部分關於考試院銓敘部主管「公務人員退休撫卹基金」收支部分。10月21日（星期三）三、審查105年度中央政府總預算案關於行政院人事行政總處及所屬主管收支部分。四、審查105年度中央政府總預算案附屬單位預算非營業部分關於行政院人事行政總處主管「中央公教人員急難救助基金」收支部分。10月22日（星期四）五、審查105年度中央政府總預算案附屬單位預算非營業部分關於法務部主管「法務部矯正機關作業基金」收支部分。六、審查法務部函送財團法人臺灣更生保護會、財團法人福建更生保護會及財團法人犯罪被害人保護協會105年度預算書案。(10月19日、21日及22日三天一次會),王惠美;顏寬恒;尤美女;蔡其昌;林滄敏;詹滿容;黃偉哲;蔡錦隆;陳歐珀;李桐豪;許添財;盧秀燕;陳明文;林德福;楊麗環;潘維剛;蕭美琴;李貴敏;薛凌;邱文彥;邱志偉;蘇清泉;賴振昌;楊瓊瓔;孔文吉;葉津鈴;呂學樟;廖國棟,
104/10/19,紅樓101會議室,經濟委員會,無,立法院第8屆第8會期經濟委員會第6次全體委員會議,繼續審查105年度中央政府總預算案關於經濟部及所屬單位預算部分。（處理經濟部未審竣部分、工業局、國際貿易局及所屬、標準檢驗局及所屬等單位）(10月19日、21日及22日三天一次會),,
104/10/20,紅樓201會議室,程序委員會,無,第8屆第8會期程序委員會第6次會議,審定本院第8屆第8會期第6次會議議事日程,,
104/10/21,紅樓302會議室,司法及法制委員會,無,立法院第8屆第8會期司法及法制委員會第5次全體委員會議,10月19日（星期一）一、審查105年度中央政府總預算案附屬單位預算非營業部分關於考試院考選部主管「考選業務基金」收支部分。二、審查105年度中央政府總預算案附屬單位預算非營業部分關於考試院銓敘部主管「公務人員退休撫卹基金」收支部分。10月21日（星期三）三、審查105年度中央政府總預算案關於行政院人事行政總處及所屬主管收支部分。四、審查105年度中央政府總預算案附屬單位預算非營業部分關於行政院人事行政總處主管「中央公教人員急難救助基金」收支部分。10月22日（星期四）五、審查105年度中央政府總預算案附屬單位預算非營業部分關於法務部主管「法務部矯正機關作業基金」收支部分。六、審查法務部函送財團法人臺灣更生保護會、財團法人福建更生保護會及財團法人犯罪被害人保護協會105年度預算書案。(10月19日、21日及22日三天一次會),謝國樑;蔡其昌;呂學樟;詹滿容;尤美女;許添財;黃偉哲;林滄敏;蔣乃辛;陳明文;周倪安;何欣純;邱文彥;楊瓊瓔;楊麗環;陳怡潔;賴振昌;陳歐珀;簡東明,
104/10/21,紅樓201會議室,交通委員會,無,立法院第8屆第8會期交通委員會第6次全體委員會議,審查105年度中央政府總預算案關於交通部觀光局及所屬單位預算。(詢答及處理)(10月19日、21日及22日三天一次會),葉宜津;羅淑蕾;陳歐珀;簡東明;陳素月;李昆澤;管碧玲;楊麗環;陳雪生;李鴻鈞;劉櫂豪;蕭美琴;陳明文;鄭天財Sra．Kacaw;楊應雄;李桐豪;許添財;黃偉哲;周倪安;何欣純;高金素梅;邱文彥;楊瓊瓔;呂學樟;賴振昌;陳怡潔;姚文智;蔣乃辛;廖國棟,
104/10/21,紅樓301會議室,外交及國防委員會,無,立法院第8屆第8會期外交及國防委員會第9次全體委員會議。【報告秘密，詢答及處理（先秘密、後公開）】,一、審查105年度中央政府總預算案關於外交部主管收支機密及公開部分。二、處理院會交付財團法人國際合作發展基金會104年度「業務支出」凍結1億元書面報告案。(10月21日及22日二天一次會),黃偉哲;蕭美琴;楊應雄;蔡煌瑯;李桐豪;林郁方;陳鎮湘;陳唐山;詹凱臣;周倪安;陳歐珀;簡東明;蔣乃辛;蔡其昌;陳明文;賴振昌;何欣純;邱文彥;呂學樟;楊瓊瓔;楊麗環;許添財;陳怡潔;詹滿容,
104/10/21,紅樓101會議室,經濟委員會,無,立法院第8屆第8會期經濟委員會第6次全體委員會議,繼續審查105年度中央政府總預算案關於經濟部及所屬單位預算部分。（處理10月19日未審竣部分、智慧財產局、水利署及所屬、中小企業處、加工出口區管理處及所屬、中央地質調查所、能源局等單位）(10月19日、21日及22日三天一次會),,
104/10/21,紅樓202會議室,內政委員會,無,立法院第8屆第8會期內政委員會第9次全體委員會議,一、邀請原住民族委員會主任委員林江義率同所屬列席報告業務概況，並備質詢。二、處理104年度中央政府總預算有關原住民族委員會及所屬預算凍結項目報告案計7案。三、審查原住民族委員會及所屬近3年「辦理政策宣導相關之廣告彙整表」共4案。四、審查原住民族委員會及所屬近3年「補、捐（獎）助其他政府機關、團體或個人經費報告表」共5案。五、審查105年度中央政府總預算案關於原住民族委員會主管收支部分。六、審查105年度中央政府總預算案關於行政院原住民族委員會文化園區管理局主管收支部分。七、審查105年度中央政府總預算案（含附屬單位預算及綜計表─非營業部分）關於原住民族委員會主管「原住民族綜合發展基金」收支部分。八、審查原住民族委員會函送「財團法人原住民族文化事業基金會105年度預算、業務計畫書案」案。九、審查本院委員鄭天財等18人擬具「原住民族基本法增訂第2條之1條文草案」案。十、審查本院委員鄭天財等18人擬具「原住民族基本法增訂第20條之1條文草案」案。,莊瑞雄;高金素梅;鄭天財Sra．Kacaw;陳怡潔;賴振昌;許添財;簡東明;姚文智;廖國棟;李桐豪;黃偉哲;周倪安;羅淑蕾;楊應雄;葉宜津;蔣乃辛;陳明文;管碧玲;何欣純;楊麗環;楊瓊瓔;呂學樟;陳雪生;陳歐珀;陳其邁;蕭美琴;張慶忠;盧嘉辰;李俊俋;段宜康;邱文彥,
104/10/21,群賢樓101會議室,教育及文化委員會,無,立法院第8屆第8會期教育及文化委員會第7次全體委員會議,一、審查105年度中央政府總預算案有關國立故宮博物院單位預算案。(進行詢答)二、邀請國立故宮博物院院長就「國立故宮博物院南部分院-亞洲藝術文化博物館籌建現況暨年底開館試營運籌備進度」進行專案報告。(10月21日及10月22日2天一次會),蔣乃辛;陳碧涵;鄭麗君;何欣純;高金素梅;賴振昌;許添財;黃偉哲;楊應雄;李桐豪;陳歐珀;簡東明;邱文彥;周倪安;楊瓊瓔;呂學樟;楊麗環;姚文智,
104/10/21,群賢樓801會議室,社會福利及衛生環境委員會,無,立法院第8屆第8會期社會福利及衛生環境委員會第7次全體委員會議,(10月19日及21日)繼續審查中華民國105年度中央政府總預算案有關衛生福利部主管預算(公務部分)案。(預算處理)(10月22日)一、處理中華民國104年度中央政府總預算有關行政院環境保護署主管預算(公務預算)解凍案2案。(詢答及處理)二、處理中華民國104年度中央政府總預算有關行政院環境保護署主管預算(非營業基金)解凍案11案。(詢答及處理)三、處理中華民國104年度中央政府總預算有關勞動部主管預算(公務預算)解凍案17案。(詢答及處理)四、處理中華民國104年度中央政府總預算有關勞動部主管預算(非營業基金)解凍案17案。(詢答及處理),,
104/10/22,紅樓101會議室,經濟委員會,無,立法院第8屆第8會期經濟委員會第6次全體委員會議,一、繼續審查105年度中央政府總預算案關於公平交易委員會單位預算及附屬單位預算非營業部分關於公平交易委員會主管：反托拉斯基金。（處理）二、繼續審查105年度中央政府總預算案關於經濟部及所屬單位預算未審竣部分。（處理）(10月19日、21日及22日三天一次會),,
104/10/22,紅樓302會議室,司法及法制委員會,無,立法院第8屆第8會期司法及法制委員會第5次全體委員會議,10月19日（星期一）一、審查105年度中央政府總預算案附屬單位預算非營業部分關於考試院考選部主管「考選業務基金」收支部分。二、審查105年度中央政府總預算案附屬單位預算非營業部分關於考試院銓敘部主管「公務人員退休撫卹基金」收支部分。10月21日（星期三）三、審查105年度中央政府總預算案關於行政院人事行政總處及所屬主管收支部分。四、審查105年度中央政府總預算案附屬單位預算非營業部分關於行政院人事行政總處主管「中央公教人員急難救助基金」收支部分。10月22日（星期四）五、審查105年度中央政府總預算案附屬單位預算非營業部分關於法務部主管「法務部矯正機關作業基金」收支部分。六、審查法務部函送財團法人臺灣更生保護會、財團法人福建更生保護會及財團法人犯罪被害人保護協會105年度預算書案。(10月19日、21日及22日三天一次會),呂學樟;蔡其昌;詹滿容;黃偉哲;林滄敏;孔文吉;許添財;尤美女;李貴敏;李桐豪;薛凌;蔣乃辛;邱志偉;蕭美琴;潘維剛;邱文彥;吳育昇;周倪安;賴振昌;陳歐珀;鄭天財Sra．Kacaw;謝國樑,
104/10/22,群賢樓101會議室,教育及文化委員會,無,立法院第8屆第8會期教育及文化委員會第7次全體委員會議,審查105年度中央政府總預算案有關原子能委員會及所屬單位預算案。(進行詢答)(10月21日及10月22日2天一次會),孔文吉;蔣乃辛;黃國書;陳碧涵;鄭麗君;何欣純;賴振昌;陳亭妃;許添財;田秋堇;薛凌;黃偉哲;林德福;鄭天財Sra．Kacaw;陳歐珀;邱志偉;邱文彥;潘維剛;吳育昇;許智傑;高金素梅;李桐豪,
104/10/22,紅樓202會議室,內政委員會,無,立法院第8屆第8會期內政委員會第10次全體委員會議,一、邀請內政部部長陳威仁率同所屬列席報告業務概況（含上會期臨時提案辦理情形），並備質詢。 二、處理104年度中央政府總預算有關內政部預算凍結項目報告案計7案。,段宜康;鄭天財Sra．Kacaw;李俊俋;莊瑞雄;高金素梅;陳怡潔;孔文吉;許添財;吳育昇;蕭美琴;林德福;邱志偉;黃偉哲;羅淑蕾;李桐豪;薛凌;蔣乃辛;姚文智;周倪安;潘維剛;張慶忠;呂學樟;賴振昌;李貴敏;陳歐珀;劉櫂豪;黃國書;陳其邁;邱文彥;盧嘉辰,
104/10/22,群賢樓801會議室,社會福利及衛生環境委員會,無,立法院第8屆第8會期社會福利及衛生環境委員會第7次全體委員會議,(10月22日)一、處理中華民國104年度中央政府總預算有關行政院環境保護署主管預算(公務預算)解凍案2案。(詢答及處理)二、處理中華民國104年度中央政府總預算有關行政院環境保護署主管預算(非營業基金)解凍案11案。(詢答及處理)三、處理中華民國104年度中央政府總預算有關勞動部主管預算(公務預算)解凍案17案。(詢答及處理)四、處理中華民國104年度中央政府總預算有關勞動部主管預算(非營業基金)解凍案17案。(詢答及處理),劉建國;王育敏;許添財;楊曜;陳節如;江惠貞;徐少萍;黃偉哲;蘇清泉;鄭天財Sra．Kacaw;孔文吉;薛凌;陳歐珀;蔣乃辛;邱志偉;潘維剛;邱文彥;何欣純;賴振昌;呂學樟;李貴敏;林德福;李桐豪;吳秉叡;林滄敏,
104/10/22,紅樓301會議室,外交及國防委員會,無,立法院第8屆第8會期外交及國防委員會第9次全體委員會議。【報告秘密，詢答及處理（先秘密、後公開）】,審查105年度中央政府總預算案關於國家安全局主管收支機密及公開部分。(10月21日及22日二天一次會),黃偉哲;楊應雄;蔡煌瑯;陳鎮湘;李桐豪;林郁方;邱志偉;蕭美琴;詹凱臣;鄭天財Sra．Kacaw;孔文吉;馬文君;李貴敏;薛凌;陳歐珀;蔣乃辛;潘維剛;呂學樟;邱文彥;周倪安;陳唐山;賴振昌;許添財;吳育昇,
104/10/22,九樓大禮堂,財政委員會,無,立法院第8屆第8會期財政委員會第7次全體委員會議,審查中華民國105年度中央政府總預算案有關補助直轄市及縣市政府、災害準備金、第二預備金部分。(10月19日及22日兩天一次會),許添財;吳秉叡;林德福;賴士葆;李應元;薛凌;費鴻泰;潘維剛;李貴敏;曾巨威;李桐豪;蕭美琴;鄭天財Sra．Kacaw;孔文吉;黃偉哲;蔣乃辛;邱志偉;邱文彥;何欣純;賴振昌;呂學樟;吳育昇;林滄敏;陳歐珀;孫大千,
104/10/22,紅樓201會議室,交通委員會,無,立法院第8屆第8會期交通委員會第6次全體委員會議,一、邀請飛航安全調查委員會主任委員沈啟列席報告業務概況，並備質詢。二、審查105年度中央政府總預算案關於飛航安全調查委員會單位預算。三、處理104年度中央政府總預算關於飛航安全調查委員會單位預算動支案2案。(以上各案合併詢答，二、三、分開處理)(10月19日、21日及22日三天一次會),葉宜津;羅淑蕾;李昆澤;管碧玲;李鴻鈞;劉櫂豪;孔文吉;鄭天財Sra．Kacaw;黃偉哲;李貴敏;許添財;林德福;李桐豪;薛凌;蔣乃辛;邱志偉;潘維剛;蕭美琴;邱文彥;高金素梅;呂學樟;吳育昇;周倪安;賴振昌;陳歐珀,
104/10/26,紅樓202會議室,內政委員會,無,立法院第8屆第8會期內政委員會第11次全體委員會議,一、審查105年度中央政府總預算案關於客家委員會及所屬收支部分。 二、審查客家委員會近3年「補、捐（獎）助其他政府機關、團體或個人經費報告表」共11案。 三、審查客家委員會近3年「辦理政策宣導相關之廣告彙整表」共11案。,莊瑞雄;盧嘉辰;陳其邁;李俊俋;段宜康;陳怡潔;邱文彥;周倪安;楊麗環;蕭美琴;許添財;盧秀燕;楊瓊瓔;李桐豪;林德福;潘維剛;陳歐珀;呂學樟;張慶忠;葉津鈴;陳明文;孔文吉;李昆澤;賴振昌;林滄敏;何欣純;高金素梅;黃偉哲;劉櫂豪;吳育昇,
104/10/26,群賢樓801會議室,社會福利及衛生環境委員會,無,立法院第8屆第8會期社會福利及衛生環境委員會第8次全體委員會議,繼續審查中華民國105年度中央政府總預算案有關行政院環境保護署主管預算(公務部分)案。(預算處理) ,,
104/10/26,紅樓201會議室,交通委員會,無,立法院第8屆第8會期交通委員會第7次全體委員會議,審查105年度中央政府總預算案附屬單位預算營業部分關於交通部主管桃園國際機場股份有限公司營業預算。(詢答及處理)(10月26日、28日及29日三天一次會),陳歐珀;楊麗環;羅淑蕾;李昆澤;劉櫂豪;管碧玲;許淑華;李鴻鈞;許添財;王進士;周倪安;楊瓊瓔;莊瑞雄;林德福;潘維剛;呂學樟;張慶忠;邱文彥;葉津鈴;李桐豪;孔文吉;蕭美琴;賴振昌;林滄敏;何欣純;高金素梅;黃偉哲;段宜康;陳怡潔;陳明文;盧嘉辰;盧秀燕;林國正;簡東明,
104/10/26,九樓大禮堂,財政委員會,無,立法院第8屆第8會期財政委員會第8次全體委員會議,一、審查中華民國105年度中央政府總預算案有關財政部、國庫署、關務署及所屬、國有財產署及所屬、財政資訊中心歲出預算部分、融資財源調度部分。二、邀請財政部張部長盛和、行政院主計總處石主計長素梅就「後六都時代地方財政困境及如何建立有效均衡各級政府間垂直與水平之財政收支劃分機制」專題報告，並備質詢。(10月26日、28日及29日三天一次會),吳秉叡;許添財;林德福;盧秀燕;賴士葆;潘維剛;劉櫂豪;孫大千;費鴻泰;羅明才;曾巨威;薛凌;楊麗環;楊瓊瓔;呂學樟;邱文彥;葉津鈴;張慶忠;賴振昌;何欣純;林滄敏;黃偉哲;陳歐珀;周倪安;盧嘉辰;李桐豪,
104/10/26,群賢樓101會議室,教育及文化委員會,無,立法院第8屆第8會期教育及文化委員會第8次全體委員會議,一、處理105年度中央政府總預算案有關科技部及所屬單位預算案。二、處理105年度行政法人國家災害防救科技中心預算案。(10月26日、28日、29日3天一次會),,
104/10/26,紅樓302會議室,司法及法制委員會,無,立法院第8屆第8會期司法及法制委員會第6次全體委員會議,一、審查司法院函送「財團法人法律扶助基金會105年度預算書」案。二、審查委員李桐豪等24人擬具「仲裁法第四十七條條文修正草案」案。（10月26日及28日兩天一次會）,呂學樟;蔡其昌;林滄敏;王廷升;詹滿容;盧嘉辰;楊麗環;尤美女;盧秀燕;許添財;林德福;李桐豪;楊瓊瓔;潘維剛;張慶忠;邱文彥;葉津鈴;陳明文;孔文吉;賴振昌;高金素梅;周倪安;陳怡潔;陳歐珀;黃偉哲,
104/10/26,紅樓101會議室,經濟委員會,無,立法院第8屆第8會期經濟委員會第7次全體委員會議,審查105年度中央政府總預算案附屬單位預算非營業部分關於行政院主管：行政院國家發展基金、離島建設基金及花東地區永續發展基金。（詢答）（10月26日、29日二天一次會）,林岱樺;黃昭順;高志鵬;楊瓊瓔;蘇震清;葉津鈴;廖國棟;陳明文;蕭美琴;廖正井;許添財;李桐豪;潘維剛;盧秀燕;盧嘉辰;林德福;呂學樟;陳歐珀;楊麗環;李昆澤;張慶忠;邱文彥;邱議瑩;賴振昌;孔文吉;林滄敏;何欣純;黃偉哲;高金素梅;劉櫂豪;王廷升;簡東明;周倪安;李貴敏;羅明才,
104/10/27,紅樓201會議室,程序委員會,無,第8屆第8會期程序委員會第7次會議,審定本院第8屆第8會期第7次會議議事日程及處理 人民請願案,,
104/10/28,群賢樓101會議室,教育及文化委員會,無,立法院第8屆第8會期教育及文化委員會第8次全體委員會議,一、繼續處理105年度中央政府總預算案有關教育部及所屬單位預算案。(公務部分)二、繼續處理105年度行政法人國家運動訓練中心預算案。(10月26日、28日、29日3天一次會),,
104/10/28,群賢樓801會議室,社會福利及衛生環境委員會,無,立法院第8屆第8會期社會福利及衛生環境委員會第9次全體委員會議,(10月28日及29日) 繼續審查(一)本院委員李俊俋等21人擬具「老人福利法第四十九條條文修正草案」、(二)委員蔣乃辛等27人擬具「老人福利法第二十三條條文修正草案」、(三)委員楊玉欣等29人擬具「老人福利法增訂第五十二條之一條文草案」、(四)委員許智傑等32人擬具「老人福利法增訂第三十一條之一條文草案」、(五)委員賴士葆等22人擬具「老人福利法增訂第三十一條之一條文草案」、(六)委員陳亭妃等22人擬具「老人福利法增訂第七條之一條文草案」、(七)委員李桐豪等27人擬具「老人福利法第三條條文修正草案」、(八)委員黃志雄等16人擬具「老人福利法第四十二條條文修正草案」、(九)委員潘孟安等21人擬具「老人福利法增訂第三十一條之一條文草案」、(十)委員謝國樑等21人擬具「老人福利法第三十三條條文修正草案」、(十一)委員劉建國等19人擬具「老人福利法部分條文修正草案」、(十二)委員顏寬恒等30人擬具「老人福利法增訂第三十四條之一條文草案」、(十三)委員陳歐珀等20人擬具「老人福利法第四十二條條文修正草案」、(十四)委員陳節如等17人擬具「老人福利法部分條文修正草案」、(十五)委員王育敏等22人擬具「老人福利法增訂第十二條之一條文草案」、(十六)委員顏寬恒等21人擬具「老人福利法第三條及第二十三條之一條文修正草案」、(十七)委員陳素月等17人擬具「老人福利法第二十三條條文修正草案」、(十八)委員許智傑等16人擬具「老人福利法第三條條文修正草案」、(十九)委員盧嘉辰等26人擬具「老人福利法第三條條文修正草案」、(二十) 台灣團結聯盟黨團擬具「老人福利法第二十三條條文修正草案」等20案。(逐條審查)。 ,,
104/10/28,九樓大禮堂,財政委員會,無,立法院第8屆第8會期財政委員會第8次全體委員會議,繼續審查中華民國105年度中央政府總預算案有關財政部、國庫署、關務署及所屬、國有財產署及所屬、財政資訊中心歲出預算部分、融資財源調度部分。(10月26日、28日及29日三天一次會),,
104/10/28,紅樓301會議室,外交及國防委員會,無,立法院第8屆第8會期外交及國防委員會第10次全體委員會議,邀請國防部部長、國軍退除役官兵輔導委員會主任委員、考選部部長、內政部部長、經濟部部長、教育部部長、勞動部部長、行政院公共工程委員會主任委員、行政院主計總處主計長、行政院人事行政總處人事長、行政院外交國防法務處處長就「推動募兵制暫行條例後續推動配套法案」專案報告，並備質詢。,黃偉哲;蔡煌瑯;李桐豪;蔡錦隆;蕭美琴;邱志偉;陳唐山;林郁方;楊應雄;江啟臣;陳鎮湘;詹凱臣;蘇清泉;周倪安;陳明文;馬文君;王惠美;陳雪生;賴振昌;陳怡潔;陳歐珀;鄭天財Sra．Kacaw;邱文彥;吳育昇,
104/10/28,紅樓202會議室,內政委員會,無,立法院第8屆第8會期內政委員會第12次全體委員會議,一、審查105年度中央政府總預算案關於內政部主管收支部分。 二、審查105年度中央政府總預算案關於內政部營建署及所屬、建築研究所主管收支部分。 三、審查105年度中央政府總預算案（含附屬單位預算及綜計表─非營業部分）關於內政部主管「營建建設基金」收支部分。 四、審查105年度中央政府總預算案（含附屬單位預算及綜計表─非營業部分）關於內政部主管「黃瑞景先生獎學基金」、「胡原洲女士獎(助)學基金」、「警察及消防人員安全濟助基金」、「內政部空勤三勇士子女生活照顧基金」收支部分。 五、審查105年度財團法人預算案關於內政部函送「財團法人二二八事件紀念基金會」、「財團法人台灣建築中心」、「財團法人臺灣營建研究院」、「財團法人國土規劃及不動產資訊中心」、「財團法人中央營建技術顧問研究社」預算書案。 六、審查內政部近3年「補、捐（獎）助其他政府機關、團體或個人經費報告表」共12案。 七、審查內政部近3年「辦理政策宣導相關之廣告彙整表」共13案。 ,邱文彥;鄭天財Sra．Kacaw;段宜康;莊瑞雄;吳育昇;李俊俋;蕭美琴;陳怡潔;邱志偉;蘇清泉;尤美女;李桐豪;張慶忠;陳其邁;周倪安;管碧玲;陳明文;葉宜津;陳雪生;賴振昌;陳歐珀;黃偉哲;羅淑蕾;羅明才;姚文智,
104/10/28,紅樓201會議室,交通委員會,無,立法院第8屆第8會期交通委員會第7次全體委員會議,一、審查行政院函請審議「民用航空法部分條文修正草案」案。二、審查委員羅淑蕾等18人擬具「民用航空法第九十三條條文修正草案」案。(以上2案合併詢答，第1案若經院會復議，則不予列入討論事項)(10月26日、28日及29日三天一次會),陳歐珀;葉宜津;羅淑蕾;李昆澤;管碧玲;陳素月;陳雪生;鄭天財Sra．Kacaw;邱文彥;李桐豪;邱志偉;張慶忠;蕭美琴;陳明文;黃偉哲;吳育昇;王惠美;賴振昌;江啟臣,
104/10/28,紅樓302會議室,司法及法制委員會,無,立法院第8屆第8會期司法及法制委員會第6次全體委員會議,一、審查司法院函送「財團法人法律扶助基金會105年度預算書」案。二、審查委員李桐豪等24人擬具「仲裁法第四十七條條文修正草案」案。（10月26日及28日兩天一次會）,,
104/10/29,紅樓202會議室,內政委員會,無,立法院第8屆第8會期內政委員會第12次全體委員會議,一、審查105年度中央政府總預算案關於內政部主管收支部分。 二、審查105年度中央政府總預算案關於內政部營建署及所屬、建築研究所主管收支部分。 三、審查105年度中央政府總預算案（含附屬單位預算及綜計表─非營業部分）關於內政部主管「營建建設基金」收支部分。 四、審查105年度中央政府總預算案（含附屬單位預算及綜計表─非營業部分）關於內政部主管「黃瑞景先生獎學基金」、「胡原洲女士獎(助)學基金」、「警察及消防人員安全濟助基金」、「內政部空勤三勇士子女生活照顧基金」收支部分。 五、審查105年度財團法人預算案關於內政部函送「財團法人二二八事件紀念基金會」、「財團法人台灣建築中心」、「財團法人臺灣營建研究院」、「財團法人國土規劃及不動產資訊中心」、「財團法人中央營建技術顧問研究社」預算書案。 六、審查內政部近3年「補、捐（獎）助其他政府機關、團體或個人經費報告表」共12案。 七、審查內政部近3年「辦理政策宣導相關之廣告彙整表」共13案。 ,,
104/10/29,紅樓301會議室,外交及國防委員會,無,立法院第8屆第8會期外交及國防委員會第11次全體委員會議,一、審查105年度中央政府總預算案附屬單位預算關於國防部主管非營業基金： （一）作業基金：1、國軍生產及服務作業基金。2、國軍老舊眷村改建基金。 （二）資本計畫基金－國軍營舍及設施改建基金。 二、處理院會交付國防部104年度中央政府總預算決議，提出書面報告凍結案等3案。,蔡錦隆;黃偉哲;陳鎮湘;林郁方;蔡煌瑯;蕭美琴;李桐豪;江啟臣;詹凱臣;陳唐山;邱志偉;許添財;楊瓊瓔;盧秀燕;林德福;邱文彥;楊麗環;潘維剛;賴振昌;陳歐珀;馬文君;李貴敏,
104/10/29,紅樓201會議室,交通委員會,無,立法院第8屆第8會期交通委員會第7次全體委員會議,審查105年度中央政府總預算案附屬單位預算非營業部分關於交通部主管交通作業基金－高速鐵路相關建設基金分預算。(詢答及處理）(10月26日、28日及29日三天一次會),陳根德;陳歐珀;葉宜津;李昆澤;羅淑蕾;管碧玲;李鴻鈞;楊麗環;黃偉哲;鄭天財Sra．Kacaw;許添財;李貴敏;林德福;盧秀燕;邱文彥;李桐豪;潘維剛;賴振昌;邱志偉;周倪安;楊瓊瓔,
104/10/29,九樓大禮堂,財政委員會,無,立法院第8屆第8會期財政委員會第8次全體委員會議,審查中華民國105年度中央政府總預算案有關賦稅署、臺北國稅局、高雄國稅局、北區國稅局及所屬、中區國稅局及所屬、南區國稅局及所屬歲出預算部分。財政部及所屬單位預算未處理完竣部分。(10月26日、28日及29日三天一次會),吳秉叡;許添財;賴士葆;林德福;盧秀燕;薛凌;費鴻泰;孫大千;潘維剛;李應元;李貴敏;黃偉哲;邱文彥;楊麗環;李桐豪;賴振昌;羅明才;曾巨威,
104/10/29,群賢樓801會議室,社會福利及衛生環境委員會,無,立法院第8屆第8會期社會福利及衛生環境委員會第9次全體委員會議,(10月28日及29日) 繼續審查(一)本院委員李俊俋等21人擬具「老人福利法第四十九條條文修正草案」、(二)委員蔣乃辛等27人擬具「老人福利法第二十三條條文修正草案」、(三)委員楊玉欣等29人擬具「老人福利法增訂第五十二條之一條文草案」、(四)委員許智傑等32人擬具「老人福利法增訂第三十一條之一條文草案」、(五)委員賴士葆等22人擬具「老人福利法增訂第三十一條之一條文草案」、(六)委員陳亭妃等22人擬具「老人福利法增訂第七條之一條文草案」、(七)委員李桐豪等27人擬具「老人福利法第三條條文修正草案」、(八)委員黃志雄等16人擬具「老人福利法第四十二條條文修正草案」、(九)委員潘孟安等21人擬具「老人福利法增訂第三十一條之一條文草案」、(十)委員謝國樑等21人擬具「老人福利法第三十三條條文修正草案」、(十一)委員劉建國等19人擬具「老人福利法部分條文修正草案」、(十二)委員顏寬恒等30人擬具「老人福利法增訂第三十四條之一條文草案」、(十三)委員陳歐珀等20人擬具「老人福利法第四十二條條文修正草案」、(十四)委員陳節如等17人擬具「老人福利法部分條文修正草案」、(十五)委員王育敏等22人擬具「老人福利法增訂第十二條之一條文草案」、(十六)委員顏寬恒等21人擬具「老人福利法第三條及第二十三條之一條文修正草案」、(十七)委員陳素月等17人擬具「老人福利法第二十三條條文修正草案」、(十八)委員許智傑等16人擬具「老人福利法第三條條文修正草案」、(十九)委員盧嘉辰等26人擬具「老人福利法第三條條文修正草案」、(二十) 台灣團結聯盟黨團擬具「老人福利法第二十三條條文修正草案」等20案。(逐條審查)。 ,,
104/10/29,群賢樓101會議室,教育及文化委員會,無,立法院第8屆第8會期教育及文化委員會第8次全體委員會議,一、繼續處理105年度中央政府總預算案有關教育部及所屬單位預算案。(公務部分)二、繼續處理105年度行政法人國家運動訓練中心預算案。(10月26日、28日、29日3天一次會),,
104/10/29,紅樓101會議室,經濟委員會,無,立法院第8屆第8會期經濟委員會第7次全體委員會議,上午9時至10時30分：邀請經濟部部長率所屬水利署、台灣自來水股份有限公司、標準檢驗局及行政院主計總處、行政院環境保護署、衛生福利部、臺北自來水事業處，針對全國鉛水管之分布、後續處理及水資源整合之研議，進行報告，並備質詢。上午10時30分至12時、下午2時30分至5時30分：繼續審查105年度中央政府總預算案行政院歲入預算關於行政院國家發展基金折減基金繳庫及賸餘繳庫部分暨國家發展委員會及所屬單位預算部分。（處理）（10月26日、29日二天一次會）,丁守中;李貴敏;葉津鈴;高志鵬;蘇震清;邱議瑩;鄭天財Sra．Kacaw;許添財;黃偉哲;林德福;邱文彥;盧秀燕;陳歐珀;薛凌;楊麗環;潘維剛;李桐豪;賴振昌;鄭麗君;江啟臣,
104/11/02,紅樓202會議室,內政委員會,無,立法院第8屆第8會期內政委員會第13次全體委員會議,一、審查105年度中央政府總預算案關於行政院大陸委員會主管收支部分。二、審查行政院大陸委員會函送財團法人海峽交流基金會105年度預算書及相關資料案。三、審查行政院大陸委員會函送財團法人臺港經濟文化合作策進會105年度預算書案。四、審查行政院大陸委員會近3年「補、捐（獎）助其他政府機關、團體或個人經費報告表」共15案。五、審查行政院大陸委員會近3年「辦理政策宣導相關之廣告彙整表」共15案。六、審查105年度中央政府總預算案關於蒙藏委員會收支部分。七、審查蒙藏委員會函送財團法人蒙藏基金會105年度預算書案。八、審查蒙藏委員會近3年「補、捐（獎）助其他政府機關、團體或個人經費報告表」共5案。九、審查蒙藏委員會近3年「辦理政策宣導相關之廣告彙整表」共5案。,段宜康;鄭天財Sra．Kacaw;莊瑞雄;李俊俋;盧嘉辰;姚文智;陳怡潔;孔文吉;賴振昌;許添財;李桐豪;周倪安;林德福;盧秀燕;羅淑蕾;呂學樟;楊瓊瓔;陳雪生;張慶忠;潘維剛;蘇清泉;葉津鈴;葉宜津;高金素梅;陳歐珀;陳明文;陳其邁;邱文彥,
104/11/02,紅樓101會議室,經濟委員會,無,立法院第8屆第8會期經濟委員會第8次全體委員會議,一、處理或審查104年度中央政府總預算案附屬單位預算，關於經濟部主管部分預算凍結案等5案。二、審查105年度中央政府總預算案附屬單位預算非營業部分關於經濟部主管：經濟作業基金、水資源作業基金、經濟特別收入基金、核能發電後端營運基金及地方產業發展基金。（詢答）（11月2日、4日二天一次會）,陳明文;丁守中;黃昭順;楊瓊瓔;蘇震清;葉津鈴;段宜康;許添財;孔文吉;李桐豪;林德福;盧秀燕;鄭天財Sra．Kacaw;呂學樟;陳歐珀;潘維剛;邱文彥;張慶忠;蘇清泉;姚文智;賴振昌;高金素梅;陳怡潔;陳碧涵;李貴敏;廖國棟;周倪安,
104/11/02,紅樓201會議室,交通委員會,無,立法院第8屆第8會期交通委員會第8次全體委員會議,一、邀請交通部部長陳建宇率同所屬列席針對「近年飛安事故發生頻率略高之相關制度檢討與改善方案」提出報告，並備質詢。二、繼續審查105年度中央政府總預算案關於飛航安全調查委員會單位預算。三、繼續處理104年度中央政府總預算關於飛航安全調查委員會單位預算動支案2案。(第二、三案業已詢答完畢，進行處理)(11月2日、4日及5日三天一次會),李昆澤;羅淑蕾;陳歐珀;陳雪生;葉宜津;孔文吉;李鴻鈞;簡東明;許添財;林德福;陳明文;盧秀燕;呂學樟;楊瓊瓔;邱文彥;張慶忠;潘維剛;蘇清泉;葉津鈴;姚文智;高金素梅;賴振昌;陳怡潔;鄭天財Sra．Kacaw;李桐豪,
104/11/02,群賢樓101會議室,教育及文化委員會,無,立法院第8屆第8會期教育及文化委員會第9次全體委員會議,一、繼續審查105年度中央政府總預算案有關文化部及所屬單位預算案(處理)。二、繼續審查105年度行政法人國家表演藝術中心預算案(處理)。(11月2日、4日、5日3天一次會),,
104/11/02,群賢樓801會議室,社會福利及衛生環境委員會,無,立法院第8屆第8會期社會福利及衛生環境委員會第10次全體委員會議(議程更新),一、邀請衛生福利部蔣部長丙煌、交通部、內政部、金融監督管理委員會、國家通訊傳播委員會等就「無障礙生活環境(政策規劃、改善期程及預算配置)」列席報告，並備質詢。 二、審查(一)本院委員何欣純等20人擬具「國民年金法第三十二條之一條文修正草案」、（二）委員劉建國等19人擬具「國民年金法第三十二條之一條文修正草案」、（三）委員蔡其昌等20人擬具「國民年金法第三十二條之一條文修正草案」、（四）委員李慶華等22人擬具「國民年金法第三十二條之一條文修正草案」、（五）委員劉建國等20人擬具「國民年金法第三十二條之一條文修正草案」、（六）委員蔣乃辛等16人擬具「國民年金法第三十二條之一條文修正草案」、（七）委員江惠貞等21人擬具「國民年金法第三十二條之一條文修正草案」等7案。(詢答及逐條審查) 三、審查（一）本院委員陳其邁等19人擬具「食品安全衛生管理法第五十六條條文修正草案」、（二）委員蔣乃辛等21人擬具「食品安全衛生管理法第十五條條文修正草案」、（三）委員王育敏等28人擬具「食品安全衛生管理法第十五條之一及第四十八條條文修正草案」、（四）委員劉建國等21人擬具「食品安全衛生管理法第四十一條條文修正草案」等4案。(詢答及逐條審查) 四、審查（一）行政院函請審議「身心障礙者權益保障法第三十一條條文修正草案」、(二)台灣團結聯盟黨團擬具「身心障礙者權益保障法第五十八條、第五十九條及第九十九條之一條文修正草案」、（三）台灣團結聯盟黨團擬具「身心障礙者權益保障法第八十四條條文修正草案」、（四）本院委員陳亭妃等23人擬具「身心障礙者權益保障法第五十七條及第八十八條條文修正草案」、（五）委員賴士葆等31人擬具「身心障礙者權益保障法部分條文修正草案」、（六）委員李昆澤等22人擬具「身心障礙者權益保障法第八十四條條文修正草案」、（七）委員孫大千等21人擬具「身心障礙者權益保障法第三十六條條文修正草案」、（八）委員許智傑等33人擬具「身心障礙者權益保障法第三十六條及第四十九條之一條文修正草案」、（九）委員賴士葆等21人擬具「身心障礙者權益保障法第三十六條及第四十九條之一條文修正草案」、（十）委員李桐豪等27人擬具「身心障礙者權益保障法第二條條文修正草案」、（十一）委員楊玉欣等26人擬具「身心障礙者權益保障法第三十條條文修正草案」、（十二）委員江啟臣等23人擬具「身心障礙者權益保障法第六十一條及第一百零七條條文修正草案」、(十三)委員李俊俋等24人擬具「身心障礙者權益保障法第八十六條條文修正草案」、（十四）委員劉建國等21人擬具「身心障礙者權益...,段宜康;江惠貞;陳節如;蘇清泉;王育敏;劉建國;林淑芬;徐少萍;楊曜;許添財;楊玉欣;林德福;盧秀燕;鄭天財Sra．Kacaw;陳歐珀;楊瓊瓔;呂學樟;邱文彥;潘維剛;葉津鈴;張慶忠;高金素梅;賴振昌;陳怡潔;周倪安;李桐豪;吳育仁;吳秉叡,
104/11/02,九樓大禮堂,財政委員會,無,立法院第8屆第8會期財政委員會第9次全體委員會議,一、審查中華民國105年度中央政府總預算案附屬單位    預算營業及非營業部分有關中央銀行(含中央造幣    廠、中央印製廠)。信託基金：保險業務發展基金    、金融研究發展基金。二、審查行政院函請審議「海關進口稅則部分稅則修正    草案」案。(11月2日、4日及5日三天一次會),吳秉叡;盧秀燕;許添財;賴士葆;孫大千;李應元;潘維剛;蔡正元;林德福;李桐豪;鄭天財Sra．Kacaw;陳歐珀;楊瓊瓔;呂學樟;邱文彥;張慶忠;蘇清泉;葉津鈴;高金素梅;賴振昌;陳怡潔;周倪安;林淑芬;羅明才,
104/11/03,紅樓201會議室,程序委員會,無,第8屆第8會期程序委員會第8次會議,審定本院第8屆第8會期第8次會議議事日程及處理 人民請願案,陳碧涵;李桐豪,
104/11/04,群賢樓801會議室,社會福利及衛生環境委員會,無,立法院第8屆第8會期社會福利及衛生環境委員會第10次全體委員會議(議程更新),一、邀請衛生福利部蔣部長丙煌、交通部、內政部、金融監督管理委員會、國家通訊傳播委員會等就「無障礙生活環境(政策規劃、改善期程及預算配置)」列席報告，並備質詢。 二、審查(一)本院委員何欣純等20人擬具「國民年金法第三十二條之一條文修正草案」、（二）委員劉建國等19人擬具「國民年金法第三十二條之一條文修正草案」、（三）委員蔡其昌等20人擬具「國民年金法第三十二條之一條文修正草案」、（四）委員李慶華等22人擬具「國民年金法第三十二條之一條文修正草案」、（五）委員劉建國等20人擬具「國民年金法第三十二條之一條文修正草案」、（六）委員蔣乃辛等16人擬具「國民年金法第三十二條之一條文修正草案」、（七）委員江惠貞等21人擬具「國民年金法第三十二條之一條文修正草案」等7案。(詢答及逐條審查) 三、審查（一）本院委員陳其邁等19人擬具「食品安全衛生管理法第五十六條條文修正草案」、（二）委員蔣乃辛等21人擬具「食品安全衛生管理法第十五條條文修正草案」、（三）委員王育敏等28人擬具「食品安全衛生管理法第十五條之一及第四十八條條文修正草案」、（四）委員劉建國等21人擬具「食品安全衛生管理法第四十一條條文修正草案」等4案。(詢答及逐條審查) 四、審查（一）行政院函請審議「身心障礙者權益保障法第三十一條條文修正草案」、(二)台灣團結聯盟黨團擬具「身心障礙者權益保障法第五十八條、第五十九條及第九十九條之一條文修正草案」、（三）台灣團結聯盟黨團擬具「身心障礙者權益保障法第八十四條條文修正草案」、（四）本院委員陳亭妃等23人擬具「身心障礙者權益保障法第五十七條及第八十八條條文修正草案」、（五）委員賴士葆等31人擬具「身心障礙者權益保障法部分條文修正草案」、（六）委員李昆澤等22人擬具「身心障礙者權益保障法第八十四條條文修正草案」、（七）委員孫大千等21人擬具「身心障礙者權益保障法第三十六條條文修正草案」、（八）委員許智傑等33人擬具「身心障礙者權益保障法第三十六條及第四十九條之一條文修正草案」、（九）委員賴士葆等21人擬具「身心障礙者權益保障法第三十六條及第四十九條之一條文修正草案」、（十）委員李桐豪等27人擬具「身心障礙者權益保障法第二條條文修正草案」、（十一）委員楊玉欣等26人擬具「身心障礙者權益保障法第三十條條文修正草案」、（十二）委員江啟臣等23人擬具「身心障礙者權益保障法第六十一條及第一百零七條條文修正草案」、(十三)委員李俊俋等24人擬具「身心障礙者權益保障法第八十六條條文修正草案」、（十四）委員劉建國等21人擬具「身心障礙者權益...,,
104/11/04,紅樓301會議室,外交及國防委員會,無,立法院第8屆第8會期外交及國防委員會第12次全體委員會議, 審查105年度中央政府總預算案附屬單位預算關於國軍退除役官兵輔導委員會主管非營業基金－作業基金： 一、國軍退除役官兵安置基金。 二、榮民醫療作業基金。(11月4日及5日二天一次會),黃偉哲;李桐豪;陳鎮湘;蕭美琴;林郁方;蔡錦隆;陳唐山;邱志偉;陳歐珀;江啟臣;詹凱臣;許添財;鄭天財Sra．Kacaw;蘇清泉;楊瓊瓔;賴振昌;蘇震清;李貴敏;潘維剛;周倪安;蔡煌瑯;邱文彥;孔文吉,
104/11/04,九樓大禮堂,財政委員會,無,立法院第8屆第8會期財政委員會第9次全體委員會議,一、邀請財政部張部長盛和、金融監督管理委員會曾主    任委員銘宗、經濟部鄧部長振中、國家發展委員會    杜主任委員紫軍就「資本市場租稅架構總體檢，如    何推動租稅公平以提升國家競爭力」專題報告，並    備質詢。二、審查本院委員費鴻泰等18人擬具「審計法第四十一    條條文修正草案」案。(11月2日、4日及5日三天一次會),許添財;吳秉叡;盧秀燕;林德福;薛凌;潘維剛;賴士葆;費鴻泰;賴振昌;羅明才;鄭天財Sra．Kacaw;黃偉哲;邱文彥;楊瓊瓔;李應元;李貴敏;陳碧涵;陳歐珀;孫大千;李桐豪,
104/11/04,紅樓101會議室,經濟委員會,無,立法院第8屆第8會期經濟委員會第8次全體委員會議,一、審查(一)行政院函請審議「農藥管理法第四十五條及第四十六條條文修正草案」。(二)本院委員劉建國等18人擬具「農藥管理法部分條文修正草案」。(三)本院委員蔣乃辛等19人擬具「農藥管理法第四十五條及第四十六條條文修正草案」。二、處理104年度中央政府總預算案附屬單位預算，關於行政院農業委員會主管部分預算凍結案等4案。（11月2日、4日二天一次會）,葉津鈴;楊瓊瓔;李貴敏;蘇震清;丁守中;許添財;孔文吉;陳明文;鄭天財Sra．Kacaw;林德福;邱文彥;陳歐珀;李桐豪;賴振昌;周倪安;黃昭順;蕭美琴;翁重鈞;蘇清泉;廖國棟,
104/11/04,紅樓302會議室,司法及法制委員會,無,立法院第8屆第8會期司法及法制委員會,「法醫師法修正草案」公聽會,,
104/11/04,紅樓201會議室,交通委員會,無,立法院第8屆第8會期交通委員會第8次全體委員會議,審查105年度中央政府總預算案關於行政院公共工程委員會單位預算。(詢答及處理)(11月2日、4日及5日三天一次會),葉宜津;李昆澤;陳歐珀;陳素月;孔文吉;邱志偉;許添財;李桐豪;鄭天財Sra．Kacaw;邱文彥;楊瓊瓔;蕭美琴;賴振昌;蘇震清;李貴敏;潘維剛;周倪安;黃偉哲,
104/11/04,紅樓202會議室,內政委員會,無,立法院第8屆第8會期內政委員會第14次全體委員會議,一、繼續審查本院委員邱文彥等44人擬具「海域管理法草案」案。 二、繼續審查行政院函請審議「國土計畫法草案」。 三、繼續審查本院委員林淑芬等20人擬具「國土計畫法草案」案。 四、繼續審查本院委員邱文彥等44人擬具「國土計畫法草案」案。 五、繼續審查本院委員黃昭順等25人擬具「國土復育條例草案」案。 六、繼續審查本院委員鄭天財等18人擬具「原住民族基本法增訂第二條之一條文草案」案。 七、繼續審查本院委員鄭天財等18人擬具「原住民族基本法增訂第二十條之一條文草案」案。 八、繼續審查本院委員邱文彥等78人擬具「景觀法草案」案。 九、繼續審查本院委員邱文彥等50人擬具「景觀師法草案」案。 十、審查請願文書2案。 （一）中華民國都市計畫技師公會全國聯合會為建請研擬及推動景觀法(草案)應納入都市計畫技師之專業評估、簽證或執行請願文書。 （二）陳宏洋君等為景觀法、景觀師法草案內容部分與技師法既有園藝技師執業範圍重疊，懇請相關單位共同要求景觀法、景觀師法修正其內容請願文書。,,
104/11/04,群賢樓101會議室,教育及文化委員會,無,立法院第8屆第8會期教育及文化委員會第9次全體委員會議,一、繼續審查105年度中央政府總預算案有關文化部及所屬單位預算案(處理)。二、繼續審查105年度行政法人國家表演藝術中心預算案(處理)。(11月2日、4日、5日3天一次會),,
104/11/05,九樓大禮堂,財政委員會,無,立法院第8屆第8會期財政委員會第9次全體委員會議,繼續審查本院委員費鴻泰等18人擬具「審計法第四十一條條文修正草案」案。(11月2日、4日及5日三天一次會),,
104/11/05,紅樓302會議室,司法及法制委員會,無,立法院第8屆第8會期司法及法制委員會第7次全體委員會議,一、審查委員呂學樟等24人擬具「行政院功能業務與組織調整暫行條例第二十一條條文修正草案」案。二、審查委員李貴敏等21人擬具「公務人員保障法第七十六條條文修正草案」案。三、審查謝評全君等48件請願案。,呂學樟;蔡其昌;詹滿容;尤美女;黃偉哲;鄭天財Sra．Kacaw;陳歐珀;李桐豪;孔文吉;邱文彥;段宜康;楊麗環;蕭美琴;賴振昌;李貴敏,
104/11/05,群賢樓101會議室,教育及文化委員會,無,立法院第8屆第8會期教育及文化委員會第9次全體委員會議,繼續審查105年度中央政府總預算案有關行政院原子能委員會及所屬單位預算案(處理)。(11月2日、4日、5日3天一次會),,
104/11/05,紅樓301會議室,外交及國防委員會,無,立法院第8屆第8會期外交及國防委員會第12次全體委員會議,審查外交部主管「財團法人國際合作發展基金會、財團法人臺灣民主基金會及財團法人太平洋經濟合作理事會中華民國委員會」105年度預算書案。(11月4日及5日二天一次會),黃偉哲;蔡煌瑯;蔡錦隆;李桐豪;陳鎮湘;楊應雄;林郁方;蕭美琴;陳唐山;馬文君;詹凱臣;鄭天財Sra．Kacaw;尤美女;孔文吉;楊麗環;賴振昌;李貴敏;詹滿容;陳歐珀,
104/11/05,群賢樓801會議室,社會福利及衛生環境委員會,司法及法制委員會,立法院第8屆第8會期社會福利及衛生環境、司法及法制二委員會第1次聯席會議,審查(一)本院委員趙天麟等24人擬具「性侵害犯罪防治法第八條條文修正草案」、(二)委員劉建國等19人擬具「性侵害犯罪防治法第二條條文修正草案」、(三)委員李桐豪等27人擬具「性侵害犯罪防治法第三條、第二十條及第二十二條之一條文修正草案」、(四)委員李昆澤等23人擬具「性侵害犯罪防治法第三條及第八條條文修正草案」、(五)委員潘維剛等38人擬具「性侵害犯罪防治法部分條文修正草案」等5案。(詢答及逐條審查),蘇清泉;尤美女;陳節如;江惠貞;林淑芬;王育敏;黃偉哲;陳歐珀;李桐豪;邱文彥;楊麗環;賴振昌;李貴敏;潘維剛;周倪安;徐少萍;劉建國,
104/11/05,紅樓202會議室,內政委員會,無,立法院第8屆第8會期內政委員會第14次全體委員會議,一、繼續審查本院委員邱文彥等44人擬具「海域管理法草案」案。二、繼續審查行政院函請審議「國土計畫法草案」。三、繼續審查本院委員林淑芬等20人擬具「國土計畫法草案」案。四、繼續審查本院委員邱文彥等44人擬具「國土計畫法草案」案。五、繼續審查本院委員黃昭順等25人擬具「國土復育條例草案」案。六、繼續審查本院委員鄭天財等18人擬具「原住民族基本法增訂第二條之一條文草案」案。七、繼續審查本院委員鄭天財等18人擬具「原住民族基本法增訂第二十條之一條文草案」案。八、繼續審查本院委員邱文彥等78人擬具「景觀法草案」案。九、繼續審查本院委員邱文彥等50人擬具「景觀師法草案」案。十、審查請願文書2案。（一）中華民國都市計畫技師公會全國聯合會為建請研擬及推動景觀法(草案)應納入都市計畫技師之專業評估、簽證或執行請願文書。（二）陳宏洋君等為景觀法、景觀師法草案內容部分與技師法既有園藝技師執業範圍重疊，懇請相關單位共同要求景觀法、景觀師法修正其內容請願文書。,,
104/11/05,紅樓201會議室,交通委員會,無,立法院第8屆第8會期交通委員會第8次全體委員會議,一、邀請交通部部長陳建宇率同所屬列席就「國道收費員之安置情形」提出報告，並備質詢。二、審查105年度中央政府總預算案附屬單位預算非營業部分關於交通部主管交通作業基金－國道公路建設管理基金分預算。三、審查或處理104年度中央政府總預算關於交通部預算動支案4案。(以上各案合併詢答，二、三分開處理)(11月2日、4日及5日三天一次會),楊麗環;葉宜津;陳歐珀;李昆澤;黃偉哲;王進士;李桐豪;孔文吉;邱文彥;蕭美琴;賴振昌;李貴敏;周倪安;尤美女;鄭天財Sra．Kacaw;林淑芬;李鴻鈞,
104/11/09,紅樓201會議室,交通委員會,無,立法院第8屆第8會期交通委員會第9次全體委員會議,一、處理104年度中央政府總預算關於交通部主管預算動支案3案。(詢答與處理)二、審查105年度中央政府總預算案交通部及國家通訊傳播委員會單位預算未審查完竣部分。(均已詢答完畢，處理暫保留之提案)(11月9日及11日二天一次會),李昆澤;陳歐珀;羅淑蕾;葉宜津;陳素月;簡東明;陳淑慧;張慶忠;吳育昇;鄭天財Sra．Kacaw;邱文彥;王惠美;呂學樟;陳碧涵;黃昭順;潘維剛;林德福;陳怡潔;葉津鈴;賴振昌;周倪安;陳亭妃;劉櫂豪;李鴻鈞;管碧玲;蔣乃辛;林滄敏;何欣純;廖國棟;許添財;王進士;姚文智;黃偉哲;許淑華;李貴敏;楊瓊瓔;陳明文;孔文吉;林國正,
104/11/09,群賢樓101會議室,教育及文化委員會,無,立法院第8屆第8會期教育及文化委員會第10次全體委員會議,併案審查行政院函請審議「水下文化資產保存法草案」、委員陳碧涵等28人擬具「水下文化資產保存法草案」、委員邱文彥等29人擬具「水下文化資產保存法草案」案。(11月9日、11日、12日3天一次會),陳碧涵;蔣乃辛;陳亭妃;許智傑;黃國書;賴振昌;陳淑慧;何欣純;邱文彥;鄭麗君;劉櫂豪;陳歐珀;鄭天財Sra．Kacaw;張慶忠;李桐豪;李貴敏;吳育昇;黃志雄;王惠美;呂學樟;黃昭順;葉津鈴;潘維剛;陳怡潔;周倪安;林滄敏;簡東明;李昆澤;許添財,
104/11/09,紅樓302會議室,司法及法制委員會,無,立法院第8屆第8會期司法及法制委員會第7次全體委員會議,一、審查委員顏寬恒等26人擬具「家事事件法第二十七條及第三十二條條文修正草案」案。二、審查委員李俊俋等25人擬具「家事事件法第十九條條文修正草案」案。三、審查委員潘維剛等18人擬具「家事事件法第六十條及第六十四條條文修正草案」案。四、審查委員陳節如等16人 擬具「家事事件法第一百六十五條條文修正草案」案。五、審查委員葉津鈴等17人擬具「家事事件法第五十三條條文修正草」案。（11月9日及11日兩天一次會）,呂學樟;謝國樑;林滄敏;蔡其昌;王惠美;詹滿容;尤美女;張慶忠;李貴敏;吳育昇;羅淑蕾;鄭天財Sra．Kacaw;邱文彥;黃昭順;潘維剛;陳怡潔;葉津鈴;周倪安;陳亭妃;賴振昌;廖國棟;蔣乃辛;簡東明;許添財;陳歐珀;楊瓊瓔;劉櫂豪,
104/11/09,九樓大禮堂,財政委員會,無,立法院第8屆第8會期財政委員會第10次全體委員會議,一、彙總整理提出「中華民國105年度中央政府總預算    案審查總報告（含機密部分）草案」提報院會案(    機密部分舉行秘密會議)。二、審查李永恆君等人民請願案計21件。(11月9日、11日及12日三天一次會),,
104/11/09,紅樓101會議室,經濟委員會,無,立法院第8屆第8會期經濟委員會第9次全體委員會議,繼續審查105年度中央政府總預算案關於行政院農業委員會及所屬單位預算部分。（處理）(11月9日、11日及12日三天一次會),,
104/11/09,紅樓202會議室,內政委員會,無,立法院第8屆第8會期內政委員會第15次全體委員會議,邀請行政院大陸委員會主任委員夏立言、外交部部長林永樂、國家安全局局長楊國強、總統府秘書長曾永權、國家安全會議秘書長高華柱針對「馬習會事前安排過程暨相關事宜對我國之影響」進行專題報告，並備質詢。,莊瑞雄;吳育昇;盧嘉辰;蔡正元;林郁方;段宜康;陳怡潔;李俊俋;賴士葆;周倪安;姚文智;李貴敏;賴振昌;詹滿容;王育敏;陳其邁;羅淑蕾;尤美女;邱文彥;孔文吉;呂學樟;黃昭順;葉宜津;潘維剛;林德福;葉津鈴;陳亭妃;黃偉哲;李昆澤;廖國棟;蔣乃辛;林滄敏;鄭天財Sra．Kacaw;何欣純;張慶忠;陳淑慧;陳超明;許添財;陳歐珀;陳明文;許淑華;管碧玲;楊瓊瓔;劉櫂豪;陳碧涵,
104/11/10,紅樓201會議室,程序委員會,無,第8屆第8會期程序委員會第9次會議,審定本院第8屆第8會期第9次會議議事日程及處理 人民請願案,林德福;江惠貞;王育敏;陳碧涵;鄭麗君;尤美女;葉津鈴;李貴敏,
104/11/11,紅樓101會議室,經濟委員會,無,立法院第8屆第8會期經濟委員會第9次全體委員會議,繼續審查105年度中央政府總預算案關於行政院農業委員會及所屬單位預算部分。（處理11月9日未審竣部分）(11月9日、11日及12日三天一次會),,
104/11/11,九樓大禮堂,財政委員會,無,立法院第8屆第8會期財政委員會第10次全體委員會議,一、審查中華民國105年度中央政府總預算案附屬單位    預算營業部分有關中國輸出入銀行、臺灣金融控股    股份有限公司（含臺灣銀行股份有限公司、臺銀人    壽保險股份有限公司、臺銀綜合證券股份有限公司    ）。二、審查本院委員孫大千等21人擬具「所得稅法第四條    之一、第十四條之二及第八十八條條文修正草案」    案、委員李應元等16人、民進黨黨團分別擬具「所    得稅法部分條文修正草案」案、委員陳學聖等21人    擬具「所得稅法第七條、第十四條及第八十八條條    文修正草案」案、委員潘維剛等17人擬具「所得稅    法第十四條條文修正草案」案(本案如經院會復議    ，則不予審查)、委員潘維剛等17人擬具「所得稅    法第十四條之二條文修正草案」案(本案如經院會    復議，則不予審查)、繼續審查委員李應元等23人    擬具「所得稅法部分條文修正草案」案、委員盧秀    燕等23人擬具「所得稅法第十四條及第二十四條條    文修正草案」案、委員許添財等20人擬具「所得稅    法第十四條條文修正草案」案等9案。三、審查行政院函請審議「臺灣金融控股股份有限公司    條例部分條文修正草案」案。(11月9日、11日及12日三天一次會),許添財;吳秉叡;林德福;盧秀燕;賴士葆;費鴻泰;孫大千;曾巨威;李應元;潘維剛;羅明才;賴振昌;周倪安;陳亭妃;陳歐珀;陳學聖;楊麗環;李貴敏,
104/11/11,紅樓202會議室,內政委員會,無,立法院第8屆第8會期內政委員會第16次全體委員會議,一、處理104年度中央政府總預算有關內政部及所屬預算報告案計4案。 二、審查105年度中央政府總預算案關於內政部警政署及所屬、中央警察大學、消防署及所屬、役政署、移民署、空中勤務總隊收支部分。 三、審查105年度中央政府總預算案（含附屬單位預算及綜計表─非營業部分）關於內政部主管「新住民發展基金」、「研發及產業訓儲替代役基金」、「警察消防海巡移民空勤人員及協勤民力安全基金」收支部分。 四、審查105年度中央政府總預算案（含附屬單位預算及綜計表─非營業部分）關於內政部主管「在校學生獎學基金」、「劉存恕先生警察子女獎學基金」、「萬善培先生獎學基金」、「誠園獎學基金」、「劉竹琛先生警察子女獎學基金」收支部分。 五、審查105年度財團法人預算案關於內政部函送「臺灣省義勇人員安全濟助基金會」、「義勇消防人員安全濟助基金會」預算書案。 ,莊瑞雄;李俊俋;段宜康;周倪安;陳怡潔;陳其邁;羅淑蕾;尤美女;孔文吉;許添財;葉宜津;管碧玲;李貴敏;賴振昌;姚文智;鄭天財Sra．Kacaw;陳歐珀;邱文彥;陳明文,
104/11/11,紅樓201會議室,交通委員會,無,立法院第8屆第8會期交通委員會第9次全體委員會議,一、審查105年度中央政府總預算案附屬單位預算非營業部分關於國家通訊傳播委員會主管通訊傳播監督管理基金預算。二、審查105年度中央政府總預算案附屬單位預算非營業部分關於國家通訊傳播委員會主管有線廣播電視事業發展基金預算。三、處理104年度中央政府總預算關於國家通訊傳播委員會主管預算動支案1案。(以上合併詢答、分開處理)(11月9日及11日二天一次會),葉宜津;陳歐珀;羅淑蕾;管碧玲;李昆澤;孔文吉;許添財;邱文彥;李貴敏;賴振昌;周倪安;許淑華;鄭天財Sra．Kacaw;陳明文,
104/11/11,紅樓302會議室,司法及法制委員會,無,立法院第8屆第8會期司法及法制委員會第7次全體委員會議,一、審查委員顏寬恒等26人擬具「家事事件法第二十七條及第三十二條條文修正草案」案。二、審查委員李俊俋等25人擬具「家事事件法第十九條條文修正草案」案。三、審查委員潘維剛等18人擬具「家事事件法第六十條及第六十四條條文修正草案」案。四、審查委員陳節如等16人 擬具「家事事件法第一百六十五條條文修正草案」案。五、審查委員葉津鈴等17人擬具「家事事件法第五十三條條文修正草案」案。（11月9日及11日兩天一次會）,,
104/11/11,群賢樓801會議室,社會福利及衛生環境委員會,財政委員會,立法院第8屆第8會期社會福利及衛生環境、財政二委員會第1次聯席會議,審查衛生福利部、財政部函送修正之「菸品健康福利捐分配及運作辦法」，並請衛生福利部蔣部長丙煌、財政部、行政院農業委員會等就「近五年菸品健康福利捐分配運用之工作成果與檢討」提供相關資料，並備質詢。,江惠貞;劉建國;許添財;蘇清泉;盧秀燕;楊曜;費鴻泰;林鴻池;陳節如;曾巨威;王育敏;徐少萍;田秋堇;林德福;李貴敏;尤美女;賴振昌;周倪安;陳怡潔;林淑芬;李應元;羅明才;賴士葆;吳秉叡;陳亭妃;潘維剛;陳歐珀;楊玉欣,
104/11/11,群賢樓101會議室,教育及文化委員會,無,立法院第8屆第8會期教育及文化委員會第10次全體委員會議,繼續審查105年度教育部主管51所國立大學校院校務基金、國立臺灣大學附設醫院作業基金、國立成功大學附設醫院作業基金、國立陽明大學附設醫院作業基金、國立社教機構作業基金、國立高級中等學校校務基金、學產基金及運動發展基金等附屬單位預算案。(處理)(11月9日、11日、12日3天一次會),,
104/11/12,群賢樓801會議室,社會福利及衛生環境委員會,無,立法院社會福利及衛生環境委員會,舉行「如何積極推動污染河川流域綜合整治暨環境景觀營造」(為因應污染河川流域綜合整治暨環境景觀營造特別條例草案之推動)公聽會。,,
104/11/12,紅樓202會議室,內政委員會,無,立法院第8屆第8會期內政委員會第16次全體委員會議,一、處理104年度中央政府總預算有關內政部及所屬預算報告案計4案。 二、審查105年度中央政府總預算案關於內政部警政署及所屬、中央警察大學、消防署及所屬、役政署、移民署、空中勤務總隊收支部分。 三、審查105年度中央政府總預算案（含附屬單位預算及綜計表─非營業部分）關於內政部主管「新住民發展基金」、「研發及產業訓儲替代役基金」、「警察消防海巡移民空勤人員及協勤民力安全基金」收支部分。 四、審查105年度中央政府總預算案（含附屬單位預算及綜計表─非營業部分）關於內政部主管「在校學生獎學基金」、「劉存恕先生警察子女獎學基金」、「萬善培先生獎學基金」、「誠園獎學基金」、「劉竹琛先生警察子女獎學基金」收支部分。 五、審查105年度財團法人預算案關於內政部函送「臺灣省義勇人員安全濟助基金會」、「義勇消防人員安全濟助基金會」預算書案。 ,,
104/11/12,九樓大禮堂,財政委員會,無,立法院第8屆第8會期財政委員會第10次全體委員會議,一、審查行政院函請審議「金融機構合併法修正草案」    案、本院委員李桐豪等17人擬具「金融機構合併法    第十三條條文修正草案」案、委員陳明文等16人擬    具「金融機構合併法部分條文修正草案」案(本案    如經院會復議，則不予審查)等3案。二、審查行政院函請審議「貨物稅條例增訂第十二條之    五條文草案」案、本院委員林淑芬等23人擬具「貨    物稅條例第三條條文修正草案」案、委員盧秀燕等    17人擬具「貨物稅條例第十二條之一條文修正草案    」案(本案如經院會復議，則不予審查)、繼續審查    本院委員張嘉郡等17人擬具「貨物稅條例刪除第八    條條文草案」案、委員羅淑蕾等31人、委員管碧玲    等20人、委員薛凌等23人分別擬具「貨物稅條例第    十一條條文修正草案」案、委員趙天麟等27人擬具    「貨物稅條例增訂第十二條之五條文草案」案、委    員翁重鈞等16人擬具「貨物稅條例刪除第九條條文    草案」案等9案。(11月9日、11日及12日三天一次會),許添財;吳秉叡;林德福;賴士葆;盧秀燕;羅明才;孫大千;管碧玲;賴振昌;李桐豪;陳素月;潘維剛;趙天麟;李應元,
104/11/12,紅樓302會議室,司法及法制委員會,內政委員會,立法院第8屆第8會期司法及法制、內政委員會第1次聯席會議,一、審查行政院函請審議「客家委員會客家文化發展中心組織法草案」案。二、審查行政院函請審議廢止「行政院客家委員會組織條例」案。三、併案審查（一）行政院函請審議「原住民族委員會原住民族文化發展中心組織法草案」及（二）委員簡東明等24人擬具「原住民族文化園區組織法草案」案。四、審查行政院函請審議廢止「行政院原住民族委員會組織條例」案。五、審查行政院函請審議廢止（一）「內政部警政署組織條例」、（二）「內政部警政署刑事警察局組織條例」、（三）「內政部警政署航空警察局組織條例」、（四）「內政部警政署國道公路警察局組織條例」、（五）「內政部警政署鐵路警察局組織條例」、（六）「內政部警政署港務警察局組織通則」、（七）「內政部警政署保安警察總隊組織通則」、（八）「內政部警政署臺灣保安警察總隊組織條例」、（九）「內政部警政署國家公園警察大隊組織條例」、（十）「內政部警政署警察電訊所組織條例」、（十一）「內政部警政署民防防情指揮管制所組織條例」、（十二）「內政部警政署警察廣播電臺組織條例」及（十三）「內政部警政署警察機械修理廠組織條例」案。六、審查行政院函請審議廢止（一）「內政部役政署組織條例」及（二）「內政部建築研究所組織條例」案。,謝國樑;莊瑞雄;蔡其昌;李俊俋;鄭天財Sra．Kacaw;尤美女;徐志榮;詹滿容;呂學樟;李桐豪;盧秀燕;許添財;賴振昌;吳宜臻;盧嘉辰;陳其邁,
104/11/12,紅樓101會議室,經濟委員會,無,立法院第8屆第8會期經濟委員會第9次全體委員會議,繼續審查105年度中央政府總預算案附屬單位預算非營業部分關於行政院主管：行政院國家發展基金、離島建設基金及花東地區永續發展基金。（處理）(11月9日、11日及12日三天一次會),,
104/11/12,群賢樓101會議室,教育及文化委員會,無,立法院第8屆第8會期教育及文化委員會第10次全體委員會議,一、繼續審查105年度行政院主管國家科學技術發展基金、科技部主管科學工業園區管理局作業基金等附屬單位預算案。(處理)二、邀請科技部部長、文化部部長等相關單位就「未來優質生活實驗場域規劃與建置」進行專案報告，並備質詢。(11月9日、11日、12日3天一次會),陳碧涵;黃國書;蔣乃辛;賴振昌;何欣純;林德福;黃昭順;潘維剛;尤美女;陳淑慧;楊玉欣,
104/11/16,紅樓201會議室,交通委員會,無,立法院第8屆第8會期交通委員會第10次全體委員會議,一、審查105年度中央政府總預算案附屬單位預算非營業部分關於交通部主管航港建設基金非營業預算。 二、審查105年度中央政府總預算案附屬單位預算營業部分關於交通部主管臺灣港務股份有限公司營業預算。(以上合併詢答，分開處理)(11月16日及18日二天一次會),李昆澤;陳歐珀;葉宜津;羅淑蕾;陳素月;管碧玲;林國正;許添財;簡東明;林德福;李貴敏;邱文彥;李桐豪;呂學樟;張慶忠;葉津鈴;蘇清泉;楊瓊瓔;賴振昌;徐少萍;許淑華;盧秀燕,
104/11/16,紅樓101會議室,經濟委員會,無,立法院第8屆第8會期經濟委員會第10次全體委員會議,審查行政院函請審議「因應貿易自由化調整支援條例草案」。（11月16日、19日二天一次會）,陳明文;李貴敏;葉津鈴;蘇震清;楊瓊瓔;廖正井;廖國棟;尤美女;盧秀燕;林德福;呂學樟;邱文彥;陳歐珀;薛凌;許添財;蘇清泉;張慶忠;賴振昌;簡東明;詹滿容;黃昭順;李昆澤;李桐豪,
104/11/16,九樓大禮堂,財政委員會,無,立法院第8屆第8會期財政委員會第11次全體委員會議,審查中華民國105年度中央政府總預算案附屬單位預算非營業部分有關作業基金：地方建設基金、國有財產開發基金。債務基金：中央政府債務基金。特別收入基金：行政院公營事業民營化基金。(11月16日、18日及19日三天一次會),吳秉叡;許添財;林德福;賴士葆;盧秀燕;薛凌;曾巨威;費鴻泰;李應元;李桐豪;李貴敏;陳歐珀;邱文彥;呂學樟;葉津鈴;蘇清泉;楊瓊瓔;簡東明;賴振昌;孫大千;潘維剛,
104/11/16,紅樓302會議室,司法及法制委員會,無,立法院第8屆第8會期司法及法制委員會第8次全體委員會議,11月16日（星期一）、18日(星期三)一、併案審查委員呂學樟等24人及委員邱文彥等17人擬具「行政院功能業務與組織調整暫行條例第二十一條條文修正草案」案。二、審查委員李貴敏等21人擬具「公務人員保障法第七十六條條文修正草案」案。三、審查謝評全君等48件請願案。11月19日(星期四)四、併案審查(一)行政院函請審議「法醫師法部分條文修正草案」、(二)委員林岱樺等21人擬具「法醫師法第三條及第四十八條條文修正草案」及(三)委員顏寬恒等19人擬具「法醫師法部分條文修正草案」案(第(三)案如經院會復議，則不予審查)。五、審查行政院函請審議「犯罪被害人保護法第三條條文修正草案」案(本案如經院會復議，則不予審查)。（11月16日、18日及19日三天一次會）,呂學樟;尤美女;王惠美;詹滿容;王廷升;許添財;鄭天財Sra．Kacaw;蔡其昌;李桐豪;盧秀燕;李貴敏;林德福;張慶忠;葉津鈴;蘇清泉;楊瓊瓔;簡東明;賴振昌;邱文彥;陳歐珀;林滄敏,
104/11/16,群賢樓801會議室,社會福利及衛生環境委員會,無,立法院第8屆第8會期社會福利及衛生環境委員會第11次全體委員會議,一、處理中華民國104年度中央政府總預算有關行政院環境保護署主管預算(公務預算)解凍案2案。 二、審查(一)本院委員蔣乃辛等24人擬具「勞動基準法增訂第十條之一條文草案」、(二)委員王育敏等29人擬具「勞動基準法第四十四條及第四十六條條文修正草案」、(三)委員江惠貞等23人擬具「勞動基準法增訂第九條之一條文草案」、(四)委員江惠貞等18人擬具「勞動基準法增訂第十五條之一條文草案」等4案。 三、審查本院委員江惠貞等19人擬具「國民年金法第十八條之一條文修正草案」。(第一、二、三案採綜合詢答) ,江惠貞;蘇清泉;林鴻池;陳節如;劉建國;王育敏;林淑芬;趙天麟;許添財;盧秀燕;田秋堇;林德福;李桐豪;李貴敏;陳歐珀;邱文彥;呂學樟;葉津鈴;楊瓊瓔;簡東明;賴振昌;李昆澤;吳秉叡;林滄敏,
104/11/16,紅樓202會議室,內政委員會,無,立法院第8屆第8會期內政委員會第17次全體委員會議,一、繼續審查本院委員鄭天財等18人擬具「原住民族基本法增訂第二條之一條文草案」案。二、繼續審查本院委員鄭天財等18人擬具「原住民族基本法增訂第二十條之一條文草案」案。三、繼續審查本院委員邱文彥等78人擬具「景觀法草案」案。四、繼續審查本院委員邱文彥等50人擬具「景觀師法草案」案。五、繼續審查本院委員邱文彥等44人擬具「海域管理法草案」案。六、繼續審查行政院函請審議「國土計畫法草案」案。七、繼續審查本院委員林淑芬等20人擬具「國土計畫法草案」案。八、繼續審查本院委員邱文彥等44人擬具「國土計畫法草案」案。九、繼續審查本院委員黃昭順等25人擬具「國土復育條例草案」案。十、審查請願文書2案。,,
104/11/16,群賢樓101會議室,教育及文化委員會,無,立法院第8屆第8會期教育及文化委員會第11次全體委員會議,處理105年度中央政府總預算案有關國立故宮博物院單位預算案。(11月16日、18日、19日3天一次會),,
104/11/17,紅樓201會議室,程序委員會,無,第8屆第8會期程序委員會第10次會議,審定本院第8屆第8會期第10次會議議事日程及處理 人民請願案,江惠貞,
104/11/18,紅樓201會議室,交通委員會,無,立法院第8屆第8會期交通委員會第10次全體委員會議,審查105年度中央政府總預算案附屬單位預算營業部分關於交通部主管中華郵政股份有限公司營業預算。(詢答及處理)(11月16日及18日二天一次會),葉宜津;陳歐珀;李昆澤;楊麗環;羅淑蕾;管碧玲;許添財;黃偉哲;蕭美琴;李桐豪;盧秀燕;孔文吉;邱文彥;鄭天財Sra．Kacaw;賴振昌;周倪安;黃昭順;江啟臣;羅明才;王進士;邱志偉;許添財,
104/11/18,群賢樓801會議室,社會福利及衛生環境委員會,無,立法院第8屆第8會期社會福利及衛生環境委員會第12次全體委員會議,一、處理中華民國104年度中央政府總預算有關衛生福利部主管預算(公務預算)解凍案23案。 二、處理中華民國104年度中央政府總預算有關衛生福利部主管附屬單位預算解凍案8案。 三、邀請衛生福利部蔣部長丙煌就「精神病患、心智功能障礙者社區照護、社區家園」列席報告，並備質詢。 四、審查(一)本院委員李桐豪等27人擬具「社會救助法第三條條文修正草案」、(二)委員周倪安等19人擬具「社會救助法第三條條文修正草案」、(三)委員黃偉哲等18人擬具「社會救助法第三條及第四條條文修正草案」、(四)委員楊玉欣等26人擬具「社會救助法第十五條及第十五條之一條文修正草案」、(五) 委員劉建國等20人擬具「社會救助法部分條文修正草案」、(六)委員王育敏等27人擬具「社會救助法第十六條之二條文修正草案」、(七)委員楊玉欣等24人擬具「社會救助法第十一條條文修正草案」(如經院會復議，則不予審查)等7案。 五、審查(一)本院委員吳宜臻等23人擬具「生產風險補償條例草案」、(二)委員黃昭順等24人擬具「生產事故補償法草案」、(三)委員林淑芬等16人擬具「生產事故補償條例草案」、(四)委員田秋堇等18人擬具「生產事故補償條例草案」、(五)委員蘇清泉等21人擬具「生產風險救濟條例草案」(如經各黨團同意不復議，即排入審查)等5案。 六、審查行政院函請審議「傳染病防治法部分條文修正草案」。(以上六案採綜合詢答),蘇清泉;楊玉欣;陳節如;徐少萍;周倪安;楊曜;王育敏;許添財;盧秀燕;黃偉哲;陳歐珀;李桐豪;邱文彥;鄭天財Sra．Kacaw;楊麗環;潘維剛;賴振昌;黃昭順;林淑芬;江啟臣;羅明才;吳秉叡;田秋堇,
104/11/18,紅樓202會議室,內政委員會,無,立法院第8屆第8會期內政委員會第17次全體委員會議,一、繼續審查本院委員鄭天財等18人擬具「原住民族基本法增訂第二條之一條文草案」案。二、繼續審查本院委員鄭天財等18人擬具「原住民族基本法增訂第二十條之一條文草案」案。三、繼續審查本院委員邱文彥等78人擬具「景觀法草案」案。四、繼續審查本院委員邱文彥等50人擬具「景觀師法草案」案。五、繼續審查本院委員邱文彥等44人擬具「海域管理法草案」案。六、繼續審查行政院函請審議「國土計畫法草案」案。七、繼續審查本院委員林淑芬等20人擬具「國土計畫法草案」案。八、繼續審查本院委員邱文彥等44人擬具「國土計畫法草案」案。九、繼續審查本院委員黃昭順等25人擬具「國土復育條例草案」案。十、審查請願文書2案。,,
104/11/18,紅樓301會議室,外交及國防委員會,無,立法院第8屆第8會期外交及國防委員會第13次全體委員會議,一、審查105年度中央政府總預算案附屬單位預算關於僑務委員會主管信託基金： （一）莊守耕公益基金。 （二）受理捐贈僑生獎助學金基金。 二、審查僑務委員會主管「財團法人海華文教基金會」及「財團法人海外信用保證基金」105年度預算書案。,蔡錦隆;江啟臣;黃偉哲;蕭美琴;林郁方;陳鎮湘;詹凱臣;邱志偉;陳歐珀;盧秀燕;許添財;孔文吉;邱文彥;楊麗環;賴振昌;周倪安;李桐豪,
104/11/18,紅樓101會議室,經濟委員會,無,立法院第8屆第8會期經濟、財政委員會公聽會,「產業創新條例部分條文修正草案─我國產業創新政策如何運用台灣經濟強項形成戰略以掌握未來十年全球商機」公聽會,,
104/11/18,九樓大禮堂,財政委員會,無,立法院第8屆第8會期財政委員會第11次全體委員會議,邀請金融監督管理委員會曾主任委員銘宗、財政部張部長盛和就「國內金融業佈局亞洲現況及未來發展策略與因應措施」專題報告，並備質詢。(11月16日、18日及19日三天一次會),吳秉叡;許添財;賴士葆;盧秀燕;林德福;賴振昌;李應元;費鴻泰;潘維剛;孫大千;羅明才;江啟臣;薛凌;周倪安;邱文彥;楊麗環;黃偉哲;黃昭順;陳歐珀;李桐豪,
104/11/18,紅樓302會議室,司法及法制委員會,無,立法院第8屆第8會期司法及法制委員會第8次全體委員會議,11月16日（星期一）、18日(星期三)一、併案審查委員呂學樟等24人及委員邱文彥等17人擬具「行政院功能業務與組織調整暫行條例第二十一條條文修正草案」案。二、審查委員李貴敏等21人擬具「公務人員保障法第七十六條條文修正草案」案。三、審查謝評全君等48件請願案。11月19日(星期四)四、併案審查(一)行政院函請審議「法醫師法部分條文修正草案」、(二)委員林岱樺等21人擬具「法醫師法第三條及第四十八條條文修正草案」及(三)委員顏寬恒等19人擬具「法醫師法部分條文修正草案」案(第(三)案如經院會復議，則不予審查)。五、審查行政院函請審議「犯罪被害人保護法第三條條文修正草案」案(本案如經院會復議，則不予審查)。（11月16日、18日及19日三天一次會）,,
104/11/18,群賢樓101會議室,教育及文化委員會,無,立法院第8屆第8會期教育及文化委員會第11次全體委員會議,繼續處理105年度中央政府總預算案有關國立故宮博物院及行政院原子能委員會所屬單位預算案未審竣部分。(11月16日、18日、19日3天一次會),,
104/11/19,群賢樓101會議室,教育及文化委員會,無,立法院第8屆第8會期教育及文化委員會第11次全體委員會議,一、邀請教育部部長就「高等教育弱勢生就學現況分析、入學方式變革及在學扶助支持辦理情形」進行專題報告，並備質詢。二、邀請教育部部長就「教師待遇條例之施行與施行細則之研擬情形」進行專題報告，並備質詢。(11月16日、18日、19日3天一次會),陳亭妃;蔣乃辛;賴振昌;許智傑;孔文吉;黃國書;鄭麗君;陳碧涵;高金素梅;許添財;江啟臣;鄭天財Sra．Kacaw;薛凌;黃偉哲;李桐豪;顏寬恒;邱文彥;林德福;陳明文;周倪安;潘維剛;何欣純,
104/11/19,紅樓302會議室,司法及法制委員會,無,立法院第8屆第8會期司法及法制委員會第8次全體委員會議,11月16日（星期一）、18日(星期三)一、併案審查委員呂學樟等24人及委員邱文彥等17人擬具「行政院功能業務與組織調整暫行條例第二十一條條文修正草案」案。二、審查委員李貴敏等21人擬具「公務人員保障法第七十六條條文修正草案」案。三、審查謝評全君等48件請願案。11月19日(星期四)四、併案審查(一)行政院函請審議「法醫師法部分條文修正草案」、(二)委員林岱樺等21人擬具「法醫師法第三條及第四十八條條文修正草案」及(三)委員顏寬恒等19人擬具「法醫師法部分條文修正草案」案(第(三)案如經院會復議，則不予審查)。五、審查行政院函請審議「犯罪被害人保護法第三條條文修正草案」案(本案如經院會復議，則不予審查)。（11月16日、18日及19日三天一次會）,顏寬恒;蔡其昌;李貴敏;呂學樟;江啟臣;蔡錦隆;黃偉哲;李桐豪;許添財;鄭天財Sra．Kacaw;賴振昌;邱文彥;陳明文;周倪安;蘇清泉;尤美女;王惠美;詹滿容,
104/11/19,九樓大禮堂,財政委員會,無,立法院第8屆第8會期財政委員會第11次全體委員會議,審查中華民國105年度中央政府總預算案附屬單位預算營業部分有關臺灣菸酒股份有限公司、財政部印刷廠。(11月16日、18日及19日三天一次會),吳秉叡;許添財;賴士葆;林德福;薛凌;邱文彥;潘維剛;費鴻泰;黃偉哲;李桐豪;顏寬恒;賴振昌;孫大千,
104/11/19,群賢樓801會議室,社會福利及衛生環境委員會,無,立法院第8屆第8會期社會福利及衛生環境委員會第12次全體委員會議,一、處理中華民國104年度中央政府總預算有關衛生福利部主管預算(公務預算)解凍案23案。 二、處理中華民國104年度中央政府總預算有關衛生福利部主管附屬單位預算解凍案8案。 三、邀請衛生福利部蔣部長丙煌就「精神病患、心智功能障礙者社區照護、社區家園」列席報告，並備質詢。 四、審查(一)本院委員李桐豪等27人擬具「社會救助法第三條條文修正草案」、(二)委員周倪安等19人擬具「社會救助法第三條條文修正草案」、(三)委員黃偉哲等18人擬具「社會救助法第三條及第四條條文修正草案」、(四)委員楊玉欣等26人擬具「社會救助法第十五條及第十五條之一條文修正草案」、(五) 委員劉建國等20人擬具「社會救助法部分條文修正草案」、(六)委員王育敏等27人擬具「社會救助法第十六條之二條文修正草案」、(七)委員楊玉欣等24人擬具「社會救助法第十一條條文修正草案」(如經院會復議，則不予審查)等7案。 五、審查(一)本院委員吳宜臻等23人擬具「生產風險補償條例草案」、(二)委員黃昭順等24人擬具「生產事故補償法草案」、(三)委員林淑芬等16人擬具「生產事故補償條例草案」、(四)委員田秋堇等18人擬具「生產事故補償條例草案」、(五)委員蘇清泉等21人擬具「生產風險救濟條例草案」(如經各黨團同意不復議，即排入審查)等5案。 六、審查行政院函請審議「傳染病防治法部分條文修正草案」。(以上六案採綜合詢答),,
104/11/19,紅樓301會議室,外交及國防委員會,無,立法院第8屆第8會期外交及國防委員會第14次全體委員會議【報告先公開、後秘密；詢答公開】,邀請外交部部長、行政院國土安全辦公室主任報告「針對法國恐怖攻擊事件之我駐外館處因應作為及我國反恐部隊能量及現有戰力」，併請國家安全會議、國家安全局、國防部、內政部警政署及移民署派員列席，並備質詢。,江啟臣;蔡錦隆;黃偉哲;李桐豪;楊應雄;林郁方;陳鎮湘;詹凱臣;陳明文;許添財;鄭天財Sra．Kacaw;賴振昌;邱文彥;顏寬恒;周倪安;孔文吉;詹滿容;李貴敏;馬文君;邱志偉,
104/11/19,紅樓101會議室,經濟委員會,無,立法院第8屆第8會期經濟委員會第10次全體委員會議,繼續審查105年度中央政府總預算案附屬單位預算非營業部分關於經濟部主管：經濟作業基金、水資源作業基金、經濟特別收入基金、核能發電後端營運基金及地方產業發展基金。（處理）（11月16日、19日二天一次會）,,
104/11/19,紅樓202會議室,內政委員會,無,立法院第8屆第8會期內政委員會第18次全體委員會議,一、繼續審查105年度中央政府總預算案關於行政院收支部分。二、處理行政院函送該院104年度預算經本院決議繼續凍結之解凍專案報告，請安排報告案。,莊瑞雄;鄭天財Sra．Kacaw;段宜康;盧嘉辰;周倪安;李俊俋;陳怡潔;陳其邁;李桐豪;顏寬恒;陳明文;賴振昌;林德福;黃偉哲;孔文吉;李貴敏;江啟臣;姚文智;許添財;邱文彥;吳育昇,
104/11/23,群賢樓101會議室,教育及文化委員會,無,立法院第8屆第8會期教育及文化委員會第12次全體委員會議,一、處理104年度國立大學校務基金預算案須經專案報告後始得動支等3案。二、審查委員陳碧涵等25人擬具「藝術教育法部分條文修正草案」案。三、併案審查行政院函請審議「大學法部分條文修正草案」、委員賴振昌等16人擬具「大學法部分條文修正草案」、委員賴士葆等29人擬具「大學法第二十八條條文修正草案」、委員蔣乃辛等29人擬具「大學法第三十一條條文修正草案」案。四、併案審查行政院函請審議「教保服務人員條例草案」、委員陳碧涵等17人擬具「教保服務人員條例草案」、委員陳淑慧等29人擬具「教保服務人員條例草案」案。(11月23日、25日、26日3天一次會),黃志雄;陳碧涵;黃國書;許智傑;李桐豪;何欣純;潘維剛;鄭麗君;陳歐珀;楊麗環;呂學樟;蘇清泉;賴振昌;李貴敏;陳怡潔;蔣乃辛;許添財;高金素梅;黃偉哲,
104/11/23,紅樓202會議室,內政委員會,無,立法院第8屆第8會期內政委員會第19次全體委員會議,邀請內政部部長陳威仁、行政院消費者保護處處長劉清芳、法務部、財政部就「如何健全我國住宅租賃市場並提升租屋品質」進行專題報告，並備質詢。,莊瑞雄;李俊俋;陳怡潔;段宜康;黃偉哲;王育敏;李貴敏;陳歐珀;蔣乃辛;李昆澤;呂學樟;楊應雄;蘇清泉;李桐豪;何欣純;賴振昌;楊麗環;許添財;周倪安;陳其邁;姚文智,
104/11/23,紅樓201會議室,交通委員會,無,立法院第8屆第8會期交通委員會第11次全體委員會議,一、審查交通部函送該部主管財團法人台灣郵政協會、財團法人台灣電信協會、財團法人台灣網路資訊中心、財團法人中華顧問工程司、財團法人中華航空事業發展基金會暨財團法人台灣敦睦聯誼會103年度決算書案。二、審查交通部函送該部主管財團法人台灣郵政協會、財團法人台灣電信協會、財團法人台灣網路資訊中心、財團法人中華顧問工程司、財團法人中華航空事業發展基金會暨財團法人台灣敦睦聯誼會105年度預算書及相關資料案。三、審查國家通訊傳播委員會函送財團法人電信技術中心103年度決算書案。四、審查國家通訊傳播委員會函送財團法人電信技術中心105年度預算書案。(以上4案合併詢答，分開處理)(11月23日及25日二天一次會),楊麗環;陳歐珀;李昆澤;陳根德;羅淑蕾;李鴻鈞;許淑華;黃偉哲;呂學樟;蘇清泉;李桐豪;賴振昌;何欣純;李貴敏;陳怡潔;許添財;周倪安;蔣乃辛;高金素梅;楊應雄;管碧玲;管碧玲;賴振昌,
104/11/23,紅樓301會議室,外交及國防委員會,無,立法院第8屆第8會期外交及國防委員會第15次全體委員會議,一、審查行政院函請審議「國軍退除役官兵輔導條例第二條及第三條條文修正草案」案。 二、審查本院委員楊應雄等18人擬具「國軍退除役官兵輔導條例第二條條文修正草案」案。,黃偉哲;楊應雄;高金素梅;陳鎮湘;陳歐珀;楊麗環;蔣乃辛;呂學樟;蘇清泉;賴振昌;李貴敏;陳怡潔;許添財;林郁方;李桐豪,
104/11/23,群賢樓801會議室,社會福利及衛生環境委員會,無,立法院第8屆第8會期社會福利及衛生環境委員會第13次全體委員會議,邀請衛生福利部蔣部長丙煌、國軍退除役官兵輔導委員會等就「依據長期照顧服務法第三十五條規定長期照顧服務機構之收費如何訂定參考資訊並予以核定；以及長期照顧服務法第二十二條授權訂定之長照機構法人法之立法方向，包括:現有法人機構如何銜接?私立小型機構如何轉型?長照機構涵蓋範圍?(依據老人福利法、身心障礙者權益保障法、護理人員法、精神衛生法、國軍退除役官兵輔導條例等法律設立之機構是否一併納入)」列席報告，並備質詢。,王育敏;蘇清泉;劉建國;田秋堇;尤美女;林淑芬;陳歐珀;蔣乃辛;楊麗環;呂學樟;李桐豪;賴振昌;李貴敏;陳怡潔;潘維剛;許添財;黃偉哲;徐少萍;江惠貞,
104/11/23,紅樓302會議室,司法及法制委員會,教育及文化委員會,立法院第8屆第8會期司法及法制、教育及文化委員會第1次聯席會議,繼續審查行政院函請審議「國家資通安全科技中心設置條例草案」案。,,
104/11/24,紅樓201會議室,程序委員會,無,第8屆第8會期程序委員會第11次會議,審定本院第8屆第8會期第11次會議議事日程及處理 人民請願案,邱文彥,
104/11/25,紅樓201會議室,交通委員會,無,立法院第8屆第8會期交通委員會第11次全體委員會議,一、繼續審查行政院函請審議「民用航空法部分條文修正草案」案。二、繼續審查委員羅淑蕾等18人擬具「民用航空法第九十三條條文修正草案」案。(以上2案均已報告及詢答完畢，進行逐條審查)三、審查人民請願案5案。(逕行處理)(11月23日及25日二天一次會),,
104/11/25,紅樓302會議室,司法及法制委員會,無,立法院第8屆第8會期司法及法制委員會第9次全體委員會議,一、審查行政院函請審議「行政程序法第一百二十七條及第一百七十五條條文修正草案」案(本案如經院會復議，則不予審查)。二、繼續審查行政院函請審議「犯罪被害人保護法第三條條文修正草案」案。三、繼續併案審查(一)行政院函請審議「法醫師法部分條文修正草案」、(二)委員林岱樺等21人擬具「法醫師法第三條及第四十八條條文修正草案」及(三)委員顏寬恒等19人擬具「法醫師法部分條文修正草案」案。(11月25日及26日兩天一次會),呂學樟;蔡其昌;尤美女;楊瓊瓔;蔡錦隆;楊應雄;李桐豪;陳歐珀;林德福;許添財;鄭天財Sra．Kacaw;李貴敏;盧秀燕;周倪安;蕭美琴;邱文彥;謝國樑;陳明文;賴振昌;葉津鈴;高金素梅;陳怡潔;林滄敏,
104/11/25,群賢樓101會議室,教育及文化委員會,無,立法院第8屆第8會期教育及文化委員會第12次全體委員會議,處理104年度國立故宮博物院預算凍結等12案。(11月23日、25日、26日3天一次會),陳碧涵;邱文彥;賴振昌;高金素梅;林德福;許添財;李貴敏;陳歐珀;薛凌;李桐豪;黃昭順;鄭天財Sra．Kacaw;盧秀燕;蔣乃辛;周倪安;蕭美琴;楊瓊瓔;葉津鈴;羅明才;孔文吉,
104/11/25,群賢樓801會議室,社會福利及衛生環境委員會,無,立法院第8屆第8會期社會福利及衛生環境委員會第14次全體委員會議,(11月25日) 一、繼續審查本院委員江惠貞等18人擬具「人體研究法第十九條條文修正草案」。 二、邀請衛生福利部蔣部長丙煌、內政部次長、法務部次長就「全國性及省級社會福利慈善事業財團法人及全國性人民團體評鑑情形、組織概況及政府治理問題說明；財團法人法草案立法進度、遭遇困難及規劃方向」列席報告，並備質詢。 三、審查(一)行政院函請審議「公益勸募條例部分條文修正草案」、(二)本院委員許添財等19人擬具「公益勸募條例修正草案」、(三)委員李桐豪等27人擬具「公益勸募條例第四條條文修正草案」、(四)委員陳亭妃等16人擬具「公益勸募條例第六條條文修正草案」、(五) 委員楊麗環等18人擬具「公益勸募條例部分條文修正草案」、(六)委員盧秀燕等16人擬具「公益勸募條例第四條條文修正草案」、(七)委員楊曜等24人擬具「公益勸募條例第七條及第十二條條文修正草案」、(八) 委員劉建國等24人擬具「公益勸募條例部分條文修正草案」(並備詢答)。(第二、三案採綜合詢答)  四、審查人民請願案1案。 (11月26日) 繼續審查105年度中央政府總預算案有關勞動部主管預算(公務部分)案。(預算處理),蘇清泉;劉建國;田秋堇;許添財;徐少萍;楊曜;費鴻泰;李桐豪;陳歐珀;盧秀燕;黃昭順;邱文彥;周倪安;楊瓊瓔;賴振昌;葉津鈴;高金素梅;羅明才;陳怡潔;李貴敏;林淑芬;林德福;王育敏;吳秉叡;江惠貞,
104/11/25,九樓大禮堂,財政委員會,無,立法院第8屆第8會期財政委員會第12次全體委員會議,審查中華民國105年度中央政府總預算案附屬單位預算營業部分有關臺灣土地銀行股份有限公司（含土銀保險經紀人股份有限公司）、中央存款保險股份有限公司。(11月25日及26日兩天一次會),許添財;吳秉叡;林德福;賴士葆;盧秀燕;李應元;薛凌;孫大千;費鴻泰;李桐豪;陳歐珀;楊瓊瓔;黃昭順;邱文彥;周倪安;潘維剛;賴振昌;葉津鈴;高金素梅;李貴敏;羅明才;曾巨威,
104/11/25,紅樓101會議室,經濟委員會,無,立法院第8屆第8會期經濟委員會第11次全體委員會議,一、邀請行政院農業委員會主任委員、行政院主計總處針對行政院農業委員會主管預算項下及「消費提振措施」中有關「補助購置農機具」104年度及105年度預算之配置及運用，進行專題報告，並備質詢。二、審查105年度中央政府總預算案附屬單位預算非營業部分關於行政院農業委員會主管：農業作業基金、農業特別收入基金。(詢答)三、審查本院委員楊曜等19人擬具「漁會法第十九條條文修正草案」。（11月25日、26日二天一次會）,李貴敏;黃昭順;邱議瑩;陳明文;楊瓊瓔;蘇震清;林岱樺;丁守中;蕭美琴;江啟臣;許添財;周倪安;高志鵬;薛凌;李桐豪;葉津鈴;陳歐珀;鄭天財Sra．Kacaw;邱文彥;賴振昌;羅明才;高金素梅;陳碧涵;呂學樟;林德福;孔文吉;廖國棟;蔣乃辛,
104/11/25,紅樓202會議室,內政委員會,無,立法院第8屆第8會期內政委員會第20次全體委員會議,邀請內政部部長陳威仁率同警政署署長陳國恩、國家安全局局長楊國強、法務部調查局就「總統副總統候選人安全維護工作」進行專題報告，並備質詢。（11月25日、26日，為一次會）,莊瑞雄;盧嘉辰;邱文彥;李俊俋;陳怡潔;賴振昌;陳其邁;陳歐珀;楊應雄;李桐豪;周倪安;林德福;李貴敏;葉宜津;羅淑蕾;蕭美琴;楊瓊瓔;陳明文;許添財;高金素梅;許淑華;羅明才;呂學樟;張慶忠;鄭天財Sra．Kacaw;段宜康;吳育昇;許添財,
104/11/25,紅樓301會議室,外交及國防委員會,無,立法院第8屆第8會期外交及國防委員會第16次全體委員會議,邀請國防部部長高廣圻報告「四個月軍事訓練問題檢討及革新作法」，併請內政部役政署派員列席，並備質詢。,蔡錦隆;楊應雄;李桐豪;林郁方;蕭美琴;陳鎮湘;陳歐珀;許添財;林德福;李貴敏;鄭天財Sra．Kacaw;盧秀燕;周倪安;邱文彥;楊瓊瓔;陳明文;賴振昌;葉津鈴;高金素梅;陳怡潔;呂學樟;江啟臣;黃偉哲,
104/11/26,九樓大禮堂,財政委員會,無,立法院第8屆第8會期財政委員會第12次全體委員會議,一、審查行政院函請審議「加值型及非加值型營業稅法部分條文修正草案」案。二、審查本院委員許添財等20人擬具「稅捐稽徵法增訂第二十一條之一條文草案」案。三、繼續審查本院委員羅明才等18人擬具「記帳士法第三十五條條文修正草案」案(本案已於103年5月7日第8屆第5會期本會第10次全體委員會議報告及詢答完畢)。四、審查本院委員薛凌等19人擬具「所得稅法第十七條條文修正草案」案。五、繼續審查本院委員薛凌等23人擬具「所得稅法第十七條條文修正草案」案。(本案已於103年5月15日第8屆第5會期本會第11次全體委員會議報告及詢答完畢)(11月25日及26日兩天一次會),許添財;吳秉叡;賴士葆;林德福;薛凌;邱文彥;李貴敏;賴振昌;潘維剛;羅明才,
104/11/26,紅樓202會議室,內政委員會,無,立法院第8屆第8會期內政委員會第20次全體委員會議,邀請行政院大陸委員會主任委員夏立言、財團法人海峽交流基金會董事長林中森、經濟部次長、行政院農業委員會就「海峽兩岸貨品貿易協議談判進度」進行專題報告，並備質詢。（11月25日、26日，為一次會）,邱文彥;段宜康;莊瑞雄;陳怡潔;陳其邁;鄭麗君;李貴敏;周倪安;張慶忠;許添財;賴振昌;盧嘉辰;尤美女;陳超明,
104/11/26,群賢樓801會議室,社會福利及衛生環境委員會,無,立法院第8屆第8會期社會福利及衛生環境委員會第14次全體委員會議,(11月26日)繼續審查105年度中央政府總預算案有關勞動部主管預算(公務部分)案。(預算處理),,
104/11/26,群賢樓101會議室,教育及文化委員會,無,立法院第8屆第8會期教育及文化委員會第12次全體委員會議,一、繼續處理104年度國立大學校務基金預算案須經專案報告後始得動支等3案。二、繼續審查委員陳碧涵等25人擬具「藝術教育法部分條文修正草案」案。三、繼續併案審查行政院函請審議「大學法部分條文修正草案」、委員賴振昌等16人擬具「大學法部分條文修正草案」、委員賴士葆等29人擬具「大學法第二十八條條文修正草案」、委員蔣乃辛等29人擬具「大學法第三十一條條文修正草案」案。四、繼續併案審查行政院函請審議「教保服務人員條例草案」、委員陳碧涵等17人擬具「教保服務人員條例草案」、委員陳淑慧等29人擬具「教保服務人員條例草案」案。(11月23日、25日、26日3天一次會),,
104/11/26,紅樓302會議室,司法及法制委員會,無,立法院第8屆第8會期司法及法制委員會第9次全體委員會議,一、審查行政院函請審議「行政程序法第一百二十七條及第一百七十五條條文修正草案」案(本案如經院會復議，則不予審查)。二、繼續審查行政院函請審議「犯罪被害人保護法第三條條文修正草案」案。三、繼續併案審查(一)行政院函請審議「法醫師法部分條文修正草案」、(二)委員林岱樺等21人擬具「法醫師法第三條及第四十八條條文修正草案」及(三)委員顏寬恒等19人擬具「法醫師法部分條文修正草案」案。(11月25日及26日兩天一次會),,
104/11/26,紅樓101會議室,經濟委員會,無,立法院第8屆第8會期經濟委員會第11次全體委員會議,一、邀請經濟部部長率台灣中油股份有限公司董事長、總經理報告「台灣中油股份有限公司高雄後勁五輕關廠計畫之進度與廠區設施、土地之後續處置，以及與地方政府、當地居民之溝通情形」及「高雄氣爆事件後續處置情形」，並備質詢；並邀請內政部、行政院環境保護署、法務部及高雄市政府派員列席。二、審查行政院函請審議「再生水資源發展條例草案」。三、審查本院委員陳明文等18人擬具「再生水資源發展條例草案」。（11月25日、26日二天一次會）,李貴敏;黃昭順;陳超明;林岱樺;廖國棟;陳明文;許添財;李桐豪;邱文彥;賴振昌;張慶忠;尤美女;翁重鈞,
104/11/30,紅樓302會議室,司法及法制委員會,無,立法院第8屆第8會期司法及法制委員會第10次全體委員會議,11月30日(星期一)一、邀請法務部部長、法務部調查局局長、教育部部長、內政部警政署副署長就「毒品入侵校園防制現況與進度」列席報告，並備質詢；並邀請衛生福利部、國防部派員列席備詢。12月2日(星期三)二、審查委員李貴敏等18人擬具「刑事訴訟法第十七條條文修正草案」案。三、處理法務部函，為104年度中央政府總預算決議，對於矯正機關作業基金「業務外費用」3億9268萬6千元，凍結500萬元，報告並經同意後始得動支乙案，檢送檢討報告，請安排報告，請查照案 (本案如經院會復議，則不予處理)。（11月30日及12月2日兩天一次會),陳超明;蔡其昌;王惠美;尤美女;呂學樟;陳歐珀;周倪安;顏寬恒;李桐豪;謝國樑;林滄敏;邱文彥;潘維剛;蔣乃辛;賴振昌;盧秀燕;張慶忠;蔡正元;簡東明;呂玉玲;詹滿容;許添財;陳碧涵;李貴敏,
104/11/30,九樓大禮堂,財政委員會,無,立法院第8屆第8會期財政委員會第13次全體委員會議,一、審查金融監督管理委員會函送財團法人台灣金融研訓院、財團法人汽車交通事故特別補償基金、財團法人住宅地震保險基金、財團法人保險安定基金、財團法人證券投資人及期貨交易人保護中心、財團法人保險事業發展中心暨財團法人金融消費評議中心等7家財團法人105年度預算書案。二、審查行政院函請審議「保險法部分條文修正草案」案及本院委員姚文智等17人擬具「保險法第一百零七條條文修正草案」案、委員呂玉玲等17人擬具「保險法第二十一條條文修正草案」案、委員葉津鈴等17人擬具「保險法第三十四條條文修正草案」案等4案。三、審查本院委員林淑芬等18人、委員潘維剛等16人分別擬具「促進民間參與公共建設法部分條文修正草案」案等2案。(11月30日、12月2日及3日三天一次會),許添財;吳秉叡;賴士葆;林德福;盧秀燕;孫大千;費鴻泰;羅明才;李應元;薛凌;李貴敏;尤美女;楊麗環;呂學樟;邱文彥;蔣乃辛;賴振昌;張慶忠;簡東明;呂玉玲;李桐豪;陳歐珀;林淑芬;潘維剛,
104/11/30,紅樓202會議室,內政委員會,無,立法院第8屆第8會期內政委員會第21次全體委員會議,立法院第8屆第8會期內政委員會第21次全體委員會議一、繼續審查行政院函請審議「國土計畫法草案」案。二、繼續審查本院委員林淑芬等20人擬具「國土計畫法草案」案。三、繼續審查本院委員邱文彥等44人擬具「國土計畫法草案」案。四、繼續審查本院委員黃昭順等25人擬具「國土復育條例草案」案。,,
104/11/30,群賢樓101會議室,教育及文化委員會,無,立法院第8屆第8會期教育及文化委員會第13次全體委員會議,一、併案審查委員田秋堇等19人擬具「學校衛生法部分條文修正草案」、委員賴振昌等19人擬具「學校衛生法第五條條文修正草案」、委員陳亭妃等18人擬具「學校衛生法第二十一條條文修正草案」、委員林淑芬等16人、委員盧秀燕等21人擬具「學校衛生法第二十三條條文修正草案」、委員蔣乃辛等23人擬具「學校衛生法第二十三條之二條文修正草案」案。二、併案審查委員鄭麗君等19人擬具「師資培育法第五條及第七條條文修正草案」、委員呂玉玲等20人擬具「師資培育法第十九條條文修正草案」案。(11月30日、12月2日、12月3日3天一次會),蔣乃辛;陳碧涵;黃國書;賴振昌;呂玉玲;鄭麗君;陳淑慧;李貴敏;盧秀燕;林德福;田秋堇;陳歐珀;楊麗環;呂學樟;邱文彥;潘維剛;薛凌;張慶忠;蕭美琴;簡東明;林淑芬;羅明才;許添財,
104/11/30,紅樓201會議室,交通委員會,無,立法院第8屆第8會期交通委員會第12次全體委員會議,一、邀請交通部部長陳建宇率同所屬列席就「如何提升我國觀光特色進而促使各國高端團來台旅遊，避免僅大陸客充斥、甚至一條龍發展模式，資金終究回流中資，導致有人潮沒錢潮的畸形現象」提出報告，並備質詢。二、審查105年度中央政府總預算案附屬單位預算非營業部分關於交通部主管交通作業基金－觀光發展基金分預算。(以上2案合併詢答、分開處理)(11月30日及12月3日二天一次會),葉宜津;陳歐珀;陳素月;陳雪生;李昆澤;管碧玲;蕭美琴;李鴻鈞;簡東明;許添財;楊麗環;盧秀燕;李貴敏;呂學樟;邱文彥;潘維剛;蔣乃辛;賴振昌;張慶忠;李桐豪;周倪安;呂玉玲;王進士;羅明才,
104/12/01,紅樓201會議室,程序委員會,無,第8屆第8會期程序委員會第12次會議,審定本院第8屆第8會期第12次會議議事日程及處理 人民請願案,陳碧涵,
104/12/02,紅樓101會議室,經濟委員會,無,立法院第8屆第8會期經濟委員會第12次全體委員會議,併案審查本院委員江惠貞等16人擬具「獸醫師法部分條文修正草案」、本院委員蘇震清等26人擬具「獸醫師法部分條文修正草案」及本院委員翁重鈞等19人擬具「獸醫師法部分條文修正草案」。,丁守中;廖正井;楊瓊瓔;葉津鈴;李貴敏;江惠貞;蘇震清;陳碧涵;黃偉哲;鄭天財Sra．Kacaw;邱文彥;陳亭妃;何欣純;賴振昌;周倪安;李桐豪;蔣乃辛;呂學樟;黃昭順;林滄敏;陳怡潔;陳明文;翁重鈞;張嘉郡,
104/12/02,紅樓302會議室,司法及法制委員會,無,立法院第8屆第8會期司法及法制委員會第10次全體委員會議,11月30日(星期一)一、邀請法務部部長、法務部調查局局長、教育部部長、內政部警政署副署長就「毒品入侵校園防制現況與進度」列席報告，並備質詢；並邀請衛生福利部、國防部派員列席備詢。12月2日(星期三)二、審查委員李貴敏等18人擬具「刑事訴訟法第十七條條文修正草案」案。三、處理法務部函，為104年度中央政府總預算決議，對於矯正機關作業基金「業務外費用」3億9268萬6千元，凍結500萬元，報告並經同意後始得動支乙案，檢送檢討報告，請安排報告，請查照案 (本案如經院會復議，則不予處理)。四、繼續併案審查(一)司法院、行政院函請審議「人民觀審試行條例草案」、(二)委員謝國樑等28人擬具「人民觀審試行條例草案」、(三) 委員田秋堇等21人擬具「陪審團法草案」、（四）委員吳宜臻等20人擬具「國民參與刑事審判法草案」、（五）委員柯建銘等26人擬具「國民參與刑事審判法草案」及（六）委員呂學樟等58人擬具「人民參與審判試行條例草案」案。(11月30日及12月2日兩天一次會),呂學樟;詹滿容;尤美女;林滄敏;蔡其昌;邱文彥;李貴敏;陳亭妃;周倪安;何欣純;賴振昌;葉津鈴;李桐豪;蔣乃辛;蕭美琴;鄭天財Sra．Kacaw;黃偉哲;楊瓊瓔;陳明文,
104/12/02,群賢樓801會議室,社會福利及衛生環境委員會,無,立法院社會福利及衛生環境委員會,從「環境基本法」研究、預防及減輕與環境有關之疾病談「禁用含鉛」油漆，終止兒童鉛中毒」公聽會。,,
104/12/02,群賢樓801會議室,社會福利及衛生環境委員會,無,立法院第8屆第8會期社會福利及衛生環境委員會第15次全體委員會議,一、繼續審查(一)行政院函請審議「藥事法部分條文修正草案」、(二)本院委員江惠貞等23人擬具「藥事法第二十四條、第六十六條及第六十八條條文修正草案」、(三)委員蔣乃辛等18人擬具「藥事法增訂第六十八條之一條文草案」、(四)委員劉建國等19人擬具「藥事法部分條文修正草案」、(五)委員潘維剛等24人擬具「藥事法部分條文修正草案」、(六)委員陳其邁等21人擬具「藥事法第三十三條及第五十條條文修正草案」、(七)委員吳秉叡等24人擬具「藥事法第一條、第三十三條及第五十條條文修正草案」、(八)委員江惠貞等29人擬具「藥事法部分條文修正草案」、(九)委員謝國樑等16人擬具「藥事法部分條文修正草案」、(十)委員劉建國等20人擬具「藥事法第八十一條條文修正草案」、(十一)委員趙天麟等19人「藥事法部分條文修正草案」、(十二)委員林岱樺等19人擬具「藥事法部分條文修正草案」、(十三)委員馬文君等24人擬具「藥事法增訂第八十條之一條文草案」、(十四)委員徐欣瑩等20人擬具「藥事法部分條文修正草案」等14案。  二、審查(一)行政院函請審議「農民健康保險條例第五條條文修正草案」、(二)本院委員王惠美等33人擬具「農民健康保險條例第五條條文修正草案」等2案。 三、審查人民請願案4案(藥事法)。,王育敏;鄭汝芬;蘇清泉;林滄敏;陳節如;黃偉哲;黃昭順;李貴敏;邱文彥;陳亭妃;周倪安;賴振昌;葉津鈴;蔣乃辛;李桐豪;林淑芬;江惠貞;楊瓊瓔;楊曜;劉建國,
104/12/02,紅樓301會議室,外交及國防委員會,無,立法院第8屆第8會期外交及國防委員會第17次全體委員會議,邀請國軍退除役官兵輔導委員會主任委員董翔龍報告「如何提升退輔會投資事業機構之營運狀況及榮民工程公司清理進度延宕之策進作為」，並備質詢。,黃偉哲;陳鎮湘;蔡錦隆;林郁方;李桐豪;蕭美琴;鄭天財Sra．Kacaw;邱文彥;李貴敏;陳亭妃;周倪安;何欣純;賴振昌;葉津鈴;蔣乃辛;陳怡潔;呂學樟;蕭美琴;李桐豪;楊瓊瓔,
104/12/02,群賢樓101會議室,教育及文化委員會,無,立法院第8屆第8會期教育及文化委員會第13次全體委員會議,邀請行政院原子能委員會主任委員、台灣電力股份有限公司就「各國核能電廠用過核子燃料中程貯存模式之比較、台電公司核能一廠、核能二廠乾式貯存設施之審查情形」進行專案報告，並備質詢。(11月30日、12月2日、12月3日3天一次會),陳亭妃;蔣乃辛;鄭麗君;何欣純;賴振昌;陳碧涵;呂玉玲;黃昭順;鄭天財Sra．Kacaw;李貴敏;周倪安;葉津鈴;李桐豪;蕭美琴;尤美女;田秋堇;黃偉哲;楊瓊瓔,
104/12/02,九樓大禮堂,財政委員會,無,立法院第8屆第8會期財政委員會第13次全體委員會議,一、繼續審查金融監督管理委員會函送財團法人台灣金融研訓院、財團法人汽車交通事故特別補償基金、財團法人住宅地震保險基金、財團法人保險安定基金、財團法人證券投資人及期貨交易人保護中心、財團法人保險事業發展中心暨財團法人金融消費評議中心等7家財團法人105年度預算書案。二、繼續審查行政院函請審議「保險法部分條文修正草案」案及本院委員姚文智等17人擬具「保險法第一百零七條條文修正草案」案、委員呂玉玲等17人擬具「保險法第二十一條條文修正草案」案、委員葉津鈴等17人擬具「保險法第三十四條條文修正草案」案等4案。三、繼續審查本院委員林淑芬等18人、委員潘維剛等16人分別擬具「促進民間參與公共建設法部分條文修正草案」案等2案。(11月30日、12月2日及3日三天一次會),,
104/12/02,紅樓202會議室,內政委員會,無,立法院第8屆第8會期內政委員會第21次全體委員會議,處理104年度中央政府總預算有關財團法人原住民族文化事業基金會預算凍結項目報告案計1案。,周倪安;鄭天財Sra．Kacaw;莊瑞雄;陳怡潔;李俊俋;呂學樟;盧嘉辰;黃偉哲;李貴敏;何欣純;賴振昌;葉津鈴;蔣乃辛;李桐豪;邱文彥;姚文智;楊瓊瓔,
104/12/03,紅樓301會議室,外交及國防委員會,無,立法院第8屆第8會期外交及國防委員會第18次全體委員會議,邀請國防部部長高廣圻報告「國防資源釋商執行成效及精進作法」，並備質詢。,林岱樺;楊應雄;李桐豪;陳鎮湘;林郁方;蔡錦隆;邱志偉;蕭美琴;陳唐山;陳歐珀;黃偉哲;邱文彥;江啟臣;馬文君,
104/12/03,紅樓101會議室,經濟委員會,無,立法院第8屆第8會期經濟、財政委員會公聽會,「產業創新條例部分條文修正草案─我國產業創新政策下之全球人才競爭策略」公聽會,,
104/12/03,群賢樓101會議室,教育及文化委員會,無,立法院第8屆第8會期教育及文化委員會第13次全體委員會議,一、邀請教育部部長就?大學校院住宿供需失衡問題及解決策略?、?全國各大學校院宿舍資源之校際合作?及?青年創意生活城辦理進度?進行專案報告，並備質詢。二、邀請教育部部長及文化部就?臺北市蟾蜍山文化景觀之保存?進行專案報告，並備質詢。(11月30日、12月2日、12月3日3天一次會),陳碧涵;陳亭妃;許智傑;黃國書;林岱樺;鄭麗君;邱志偉;黃偉哲;李桐豪;陳歐珀;蔣乃辛;邱文彥;賴振昌;尤美女,
104/12/03,九樓大禮堂,財政委員會,無,立法院第8屆第8會期財政委員會第13次全體委員會議,一、繼續審查金融監督管理委員會函送財團法人台灣金融研訓院、財團法人汽車交通事故特別補償基金、財團法人住宅地震保險基金、財團法人保險安定基金、財團法人證券投資人及期貨交易人保護中心、財團法人保險事業發展中心暨財團法人金融消費評議中心等7家財團法人105年度預算書案。二、繼續審查行政院函請審議「保險法部分條文修正草案」案及本院委員姚文智等17人擬具「保險法第一百零七條條文修正草案」案、委員呂玉玲等17人擬具「保險法第二十一條條文修正草案」案、委員葉津鈴等17人擬具「保險法第三十四條條文修正草案」案等4案。三、繼續審查本院委員林淑芬等18人、委員潘維剛等16人分別擬具「促進民間參與公共建設法部分條文修正草案」案等2案。(11月30日、12月2日及3日三天一次會),,
104/12/03,紅樓201會議室,交通委員會,無,立法院第8屆第8會期交通委員會第12次全體委員會議,審查105年度中央政府總預算案附屬單位預算營業部分關於交通部主管交通部臺灣鐵路管理局營業預算。(詢答及處理)(11月30日及12月3日二天一次會),葉宜津;羅淑蕾;陳歐珀;李昆澤;管碧玲;陳素月;李鴻鈞;黃偉哲;蕭美琴;陳亭妃;邱文彥;邱志偉;李桐豪;許淑華,
104/12/07,群賢樓101會議室,教育及文化委員會,無,立法院第8屆第8會期教育及文化委員會第14次全體委員會議,邀請文化部部長率同行政法人國家表演藝術中心董事長就「表演藝術中心之業務概況」進行簡報。,,
104/12/07,紅樓202會議室,內政委員會,無,立法院第8屆第8會期內政委員會第22次全體委員會議,一、審查行政院函請審議「不動產估價師法第八條條文修正草案」案。 二、審查委員林佳龍等16人擬具「不動產估價師法第八條條文修正草案」案。 三、審查本院委員謝國樑等21人擬具「都市計畫法第四十二條及第四十五條條文修正草案」案。 四、審查本院委員馬文君等21人擬具「都市計畫法第四十二條及第四十五條條文修正草案」案。 五、審查本院委員許智傑等18人擬具「都市計畫法第四十二條及第四十五條條文修正草案」案。 六、審查本院委員顏寬恒等23人擬具「都市計畫法第四十二條及第四十五條條文修正草案」案。 七、審查本院委員楊玉欣等32人擬具「都市計畫法第四十二條及第四十六條條文修正草案」案。,莊瑞雄;李俊俋;鄭天財Sra．Kacaw;段宜康;陳歐珀;林德福;盧秀燕;李貴敏;呂學樟;陳亭妃;葉津鈴;黃昭順;張慶忠;潘維剛;盧嘉辰;陳明文;陳怡潔;楊玉欣;周倪安;姚文智;陳其邁;許添財;鄭天財Sra．Kacaw,
104/12/07,紅樓101會議室,經濟委員會,無,立法院第8屆第8會期經濟委員會第13次全體委員會議,一、審查江富滿君人民請願案等2案。二、繼續審查行政院函請審議「因應貿易自由化調整支援條例草案」。(逐條討論)（12月7日、10日二天一次會）,,
104/12/07,紅樓302會議室,司法及法制委員會,無,立法院第8屆第8會期司法及法制委員會第11次全體委員會議,繼續併案審查(一)司法院、行政院函請審議「人民觀審試行條例草案」、(二)委員謝國樑等28人擬具「人民觀審試行條例草案」、(三) 委員田秋堇等21人擬具「陪審團法草案」、（四）委員吳宜臻等20人擬具「國民參與刑事審判法草案」、（五）委員柯建銘等26人擬具「國民參與刑事審判法草案」及（六）委員呂學樟等58人擬具「人民參與審判試行條例草案」案。,,
104/12/07,九樓大禮堂,財政委員會,無,立法院第8屆第8會期財政委員會第14次全體委員會議,邀請金融監督管理委員會曾主任委員銘宗就「臺灣與東南亞國家洽簽金融監理合作備忘錄(MOU)情形暨臺灣金融業於東南亞市場發展之現況與前景」專題報告，並備質詢。(12月7日及9日兩天一次會),賴士葆;吳秉叡;許添財;林德福;盧秀燕;薛凌;孫大千;羅明才;李應元;潘維剛;陳亭妃;王惠美;黃昭順;葉津鈴;張慶忠;費鴻泰;呂學樟;陳歐珀,
104/12/08,紅樓201會議室,程序委員會,無,第8屆第8會期程序委員會第13次會議,審定本院第8屆第8會期第13次會議議事日程及處理 人民請願案,陳碧涵,
104/12/09,紅樓202會議室,內政委員會,無,立法院第8屆第8會期內政委員會第23次全體委員會議,邀請內政部部長陳威仁、法務部及外交部針對「從台灣民政府看未立案團體發行身分證件並辦理募資之適法性」進行專題報告並備質詢，另請衛生福利部派員列席備詢。,莊瑞雄;李俊俋;陳怡潔;葉宜津;段宜康;周倪安;張慶忠;李桐豪;陳歐珀;葉津鈴;姚文智;簡東明;許添財;盧嘉辰;陳亭妃;陳其邁,
104/12/09,紅樓201會議室,交通委員會,無,立法院第8屆第8會期交通委員會第13次全體委員會議,邀請國家通訊傳播委員會主任委員石世豪列席針對「分組付費」相關辦法訂定之規劃構想提出報告，並備質詢。,陳歐珀;李昆澤;陳素月;羅淑蕾;葉宜津;李鴻鈞;許添財;陳怡潔;葉津鈴;周倪安;李桐豪;管碧玲,
104/12/09,九樓大禮堂,財政委員會,無,立法院第8屆第8會期財政委員會第14次全體委員會議,審查「中華民國103年度中央政府總決算審核報告（含附屬單位決算及綜計表）案」關於行政院主計總處、審計部主管、財政部主管（含附屬單位決算營業及非營業特種基金部分）、補助直轄市及縣市政府、災害準備金、第二預備金。(12月7日及9日兩天一次會),許添財;吳秉叡;盧秀燕;林德福;薛凌;李應元;賴士葆;李桐豪;潘維剛;羅明才,
104/12/10,紅樓101會議室,經濟委員會,無,立法院第8屆第8會期經濟委員會第13次全體委員會議,邀請經濟部部長報告「擬開放中資投資我國IC設計產業歷次會議、相關規劃，與對我國IC設計業者影響評估」，並備質詢；並邀請科技部、勞動部、行政院大陸委員會、國家安全局派員列席。（12月7日、10日二天一次會）,高志鵬;李貴敏;陳明文;楊瓊瓔;葉津鈴;丁守中;邱議瑩;賴士葆;廖正井;陳碧涵;呂學樟,
104/12/10,紅樓302會議室,司法及法制委員會,無,立法院第8屆第8會期司法及法制委員會第11次全體委員會議,繼續審查委員李貴敏等18人擬具「刑事訴訟法第十七條條文修正草案」案。,,
104/12/15,紅樓201會議室,程序委員會,無,第8屆第8會期程序委員會第14次會議,審定本院第8屆第8會期第14次會議議事日程及處理 人民請願案,王育敏,
105/03/02,紅樓201會議室,交通委員會,無,立法院第9屆第1會期交通委員會第1次全體委員會議,選舉第9屆第1會期本會召集委員,,
105/03/02,紅樓202會議室,內政委員會,無,立法院第9屆第1會期內政委員會第1次全體委員會議,選舉本會召集委員,,
105/03/02,九樓大禮堂,財政委員會,無,立法院第9屆第1會期財政委員會第1次全體委員會議,選舉立法院第9屆第1會期本會召集委員,,
105/03/02,群賢樓801會議室,社會福利及衛生環境委員會,無,立法院第9屆第1會期社會福利及衛生環境委員會第1次全體委員會議,選舉第9屆第1會期本會召集委員,,
105/03/02,紅樓302會議室,司法及法制委員會,無,立法院第9屆第1會期司法及法制委員會第1次全體委員會議,選舉第9屆第1會期本會召集委員,,
105/03/02,群賢樓101會議室,教育及文化委員會,無,立法院第9屆第1會期教育及文化委員會第1次全體委員會議,選舉第9屆第1會期本會召集委員,,
105/03/02,紅樓101會議室,經濟委員會,無,立法院第9屆第1會期經濟委員會第1次全體委員會議,選舉立法院第9屆第1會期本會召集委員,,
105/03/02,紅樓301會議室,外交及國防委員會,無,立法院第9屆第1會期外交及國防委員會第1次全體委員會議,選舉第9屆第1會期本會召集委員,,
105/03/07,紅樓302會議室,司法及法制委員會,無,立法院第9屆第1會期司法及法制委員會第2次全體委員會議,一、審查行政院函請審議「洗錢防制法第三條及第十七條條文修正草案」、「貪污治罪條例第六條之一及第二十條條文修正草案」、「通訊保障及監察法第五條及第三十四條條文修正草案」暨「證人保護法第二條及第二十三條條文修正草案」案。二、審查行政院函請審議「公職人員利益衝突迴避法修正草案」案。,柯建銘;段宜康;林為洲;蔡易餘;周陳秀霞;周春米;許毓仁;顧立雄;許淑華;陳亭妃;尤美女;黃偉哲;林德福;劉櫂豪;林俊憲;賴士葆;孔文吉;徐國勇;徐永明;盧秀燕;簡東明Uliw．Qaljupayare;洪慈庸;呂孫綾;葉宜津;蔣乃辛;羅明才;邱志偉;王惠美;陳明文;管碧玲;何欣純;高金素梅;姚文智;莊瑞雄;呂玉玲;張麗善;陳歐珀;顏寬恒;張宏陸,
105/03/07,紅樓301會議室,外交及國防委員會,無,立法院第9屆第1會期外交及國防委員會第2次全體委員會議（增列議程）,下午：邀請國防部部長高廣圻率憲兵指揮部指揮官、法務部部長羅瑩雪報告「憲兵非法搜查事件」，並備質詢。,王定宇;呂孫綾;江啟臣;陳亭妃;馬文君;林昶佐;羅致政;徐國勇;呂玉玲;蔡易餘;蔡適應;管碧玲;林俊憲;何欣純;劉世芳;邱志偉;尤美女;顧立雄,
105/03/07,九樓大禮堂,財政委員會,無,立法院第9屆第1會期財政委員會第2次全體委員會議,105年3月7日（星期一） 邀請金融監督管理委員會王主任委員儷玲率所屬機關首長暨中央存款保險股份有限公司董事長、總經理、監管相關機構有關之財團法人、臺灣證券交易所股份有限公司、臺灣期貨交易所股份有限公司、臺灣集中保管結算所股份有限公司負責人等列席業務報告，並備質詢。 (105年3月7日（星期一）、3月9日（星期三）及3月10日（星期四）上午9時至12時、下午2時30分至5時30分【三天一次會】),曾銘宗;吳秉叡;賴士葆;徐國勇;余宛如;盧秀燕;王榮璋;李應元;黃國昌;費鴻泰;羅明才;陳賴素美;江啟臣;蕭美琴;陳歐珀;黃偉哲;顏寬恒;簡東明Uliw．Qaljupayare;劉櫂豪;林俊憲;徐永明;孔文吉;邱志偉;林為洲;蔣乃辛;周陳秀霞;徐榛蔚;王惠美;管碧玲;何欣純;高金素梅;張麗善;鄭天財Sra．Kacaw;呂玉玲;江永昌,
105/03/07,群賢樓101會議室,教育及文化委員會,無,立法院第9屆第1會期教育及文化委員會第2次全體委員會議,邀請教育部部長列席報告業務概況，並備質詢。,蘇巧慧;許智傑;鍾佳濱;柯志恩;黃國書;吳思瑤;蔣乃辛;張廖萬堅;高金素梅;鄭麗君;何欣純;高潞．以用．巴魕剌Kawlo．Iyun．Pacidal;陳學聖;林為洲;蕭美琴;賴瑞隆;賴士葆;盧秀燕;陳歐珀;洪慈庸;陳宜民;吳秉叡;邱志偉;劉櫂豪;林俊憲;李昆澤;江啟臣;孔文吉;黃偉哲;鄭天財Sra．Kacaw;徐榛蔚;顏寬恒;簡東明Uliw．Qaljupayare;黃昭順;徐永明;陳雪生;周陳秀霞;羅明才;吳焜裕;陳明文;王惠美;管碧玲;陳亭妃;徐國勇;張麗善;呂玉玲;姚文智,
105/03/07,紅樓201會議室,交通委員會,無,立法院第9屆第1會期交通委員會第2次全體委員會議,邀請交通部部長陳建宇列席報告業務概況，並備質詢。(3月7日、9日及10日三天一次會),鄭寶清;陳歐珀;李昆澤;劉櫂豪;顏寬恒;蕭美琴;林俊憲;簡東明Uliw．Qaljupayare;鄭天財Sra．Kacaw;鄭運鵬;葉宜津;陳雪生;陳素月;李鴻鈞;趙正宇;江啟臣;鍾佳濱;徐榛蔚;邱志偉;孔文吉;黃昭順;賴士葆;洪慈庸;賴瑞隆;徐永明;林為洲;盧秀燕;蔣乃辛;周陳秀霞;羅明才;黃偉哲;陳明文;管碧玲;王惠美;徐國勇;何欣純;高金素梅;張麗善;許淑華;呂玉玲;姚文智;劉建國,
105/03/07,紅樓101會議室,經濟委員會,無,立法院第9屆第1會期經濟委員會第2次全體委員會議,邀請經濟部部長列席報告業務概況，並備質詢。,林岱樺;邱議瑩;廖國棟Sufin．Siluko;黃偉哲;高志鵬;徐永明;王惠美;陳明文;邱志偉;蘇治芬;孔文吉;蘇震清;管碧玲;鄭天財Sra．Kacaw;黃昭順;林俊憲;賴瑞隆;張麗善;賴士葆;黃國書;蔡易餘;洪慈庸;蕭美琴;徐榛蔚;江啟臣;李昆澤;鄭運鵬;林為洲;盧秀燕;劉建國;鍾佳濱;陳歐珀;顏寬恒;劉櫂豪;徐國勇;葉宜津;陳雪生;簡東明Uliw．Qaljupayare;蔣乃辛;周陳秀霞;羅明才;吳秉叡;吳焜裕;何欣純;陳曼麗;高金素梅;許淑華;姚文智;呂玉玲;莊瑞雄;蔡培慧,
105/03/07,群賢樓801會議室,社會福利及衛生環境委員會,無,立法院第9屆第1會期社會福利及衛生環境委員會第2次全體委員會議,一、邀請衛生福利部蔣部長丙煌率所屬單位主管列席報告業務概況及立法計畫，並備質詢。 二、邀請衛生福利部、勞動部、教育部就「如何因應重大流感疫情衍生之急診壅塞、加護病房不敷使用、民眾不願配合轉診、高危險群流感疫苗接種率不足、缺乏全國一致停課標準、家庭照顧假無給薪、各縣市幼兒園退費標準不一等問題」列席報告，並備質詢。,劉建國;陳瑩;洪慈庸;林靜儀;蔣萬安;陳宜民;吳玉琴;鍾孔炤;王育敏;黃秀芳;吳焜裕;陳曼麗;李彥秀;林淑芬;黃昭順;楊曜;賴士葆;盧秀燕;李昆澤;蘇巧慧;王榮璋;江啟臣;賴瑞隆;鍾佳濱;高金素梅;邱志偉;黃偉哲;簡東明Uliw．Qaljupayare;劉櫂豪;林俊憲;顏寬恒;徐國勇;徐永明;孔文吉;徐榛蔚;林為洲;蔣乃辛;羅明才;周陳秀霞;王惠美;蕭美琴;管碧玲;何欣純;陳歐珀;陳亭妃;張麗善;呂玉玲;姚文智;吳秉叡,
105/03/07,紅樓301會議室,外交及國防委員會,無,立法院第9屆第1會期外交及國防委員會第2次全體委員會議,邀請外交部部長林永樂報告業務概況暨馬英九總統出訪「久安專案」之籌備概況，並備質詢。,林昶佐;王定宇;陳亭妃;徐志榮;羅致政;江啟臣;呂孫綾;劉世芳;馬文君;蔡適應;呂玉玲;陳明文;管碧玲;許淑華;顏寬恒;林俊憲;簡東明Uliw．Qaljupayare;徐國勇;徐永明;徐榛蔚;林為洲;盧秀燕;孔文吉;賴士葆;邱志偉;洪慈庸;葉宜津;蔣乃辛;周陳秀霞;羅明才;黃偉哲;王惠美;陳歐珀;劉櫂豪;鄭麗君;何欣純;高金素梅;姚文智;莊瑞雄;張麗善;蔡易餘,
105/03/08,紅樓201會議室,程序委員會,無,第9屆第1會期程序委員會第1次會議, 一、選舉第9屆第1會期本會召集委員  二、審定本院第9屆第1會期第4次會議議事日程及人民請願案,,
105/03/09,群賢樓101會議室,教育及文化委員會,無,立法院第9屆第1會期教育及文化委員會第4次全體委員會議,一、邀請行政院原子能委員會主任委員列席報告業務概況，並備質詢。二、審查105年度原子能委員會主管核子事故緊急應變基金附屬單位預算案。(詢答),陳學聖;柯志恩;蔣乃辛;高潞．以用．巴魕剌Kawlo．Iyun．Pacidal;鄭麗君;何欣純;吳思瑤;蘇巧慧;鍾佳濱;黃國書;張廖萬堅;陳曼麗;李彥秀;吳志揚;孔文吉,
105/03/09,紅樓301會議室,外交及國防委員會,無,立法院第9屆第1會期外交及國防委員會第3次全體委員會議,邀請國防部部長高廣圻報告業務概況，並備質詢。,林昶佐;陳亭妃;王定宇;江啟臣;羅致政;劉世芳;呂玉玲;蔡適應;呂孫綾;馬文君;葉宜津;管碧玲;黃偉哲;陳明文;林俊憲;鍾佳濱;賴瑞隆;高金素梅;徐榛蔚;吳志揚;徐國勇;陳瑩;盧秀燕;徐永明;劉櫂豪;黃昭順;羅明才;曾銘宗;李彥秀;廖國棟Sufin．Siluko;陳歐珀;蕭美琴;周陳秀霞;邱志偉;鄭天財Sra．Kacaw;蔣乃辛;王惠美;陳怡潔;林為洲;張麗善;姚文智;林德福;許淑華;賴士葆;顏寬恒,
105/03/09,紅樓201會議室,交通委員會,無,立法院第9屆第1會期交通委員會第2次全體委員會議,邀請國家通訊傳播委員會主任委員石世豪列席就「近來媒體併購案及反媒體壟斷事項」提出報告，並備質詢。(3月7日、9日及10日三天一次會),林俊憲;鄭寶清;陳歐珀;李昆澤;劉櫂豪;葉宜津;鄭運鵬;鄭天財Sra．Kacaw;陳素月;蕭美琴;簡東明Uliw．Qaljupayare;趙正宇;黃國昌;邱志偉;徐永明;陳明文;黃偉哲;黃昭順;江啟臣;徐榛蔚;羅明才;鍾佳濱;陳亭妃;吳志揚;王惠美;賴士葆;廖國棟Sufin．Siluko;盧秀燕;徐國勇;李彥秀;林德福;陳瑩;邱議瑩;管碧玲;蔣乃辛;何欣純;賴瑞隆;林為洲;張麗善;姚文智;呂玉玲;陳雪生;許淑華;孔文吉;顏寬恒;陳其邁;蔡易餘,
105/03/09,紅樓302會議室,司法及法制委員會,無,立法院第9屆第1會期司法及法制委員會第3次全體委員會議,併案審查(一)民進黨黨團擬具「總統職務交接條例草案」、(二)委員李應元等17人擬具「總統職務交接條例草案」、(三)時代力量黨團擬具「總統、副總統交接條例草案」、(四)親民黨黨團擬具「總統交接條例草案」、(五)國民黨黨團擬具「總統副總統職務交接條例草案」案。【第(二)案至第(五)案如經院會復議，則不予審查】 。,林德福;柯建銘;張宏陸;周陳秀霞;顧立雄;林為洲;許毓仁;李俊俋;周春米;陳亭妃;許淑華;蔡易餘;尤美女;李彥秀;鄭天財Sra．Kacaw;曾銘宗;賴士葆;林俊憲;劉櫂豪;陳明文;徐永明;陳宜民;黃昭順;黃偉哲;羅明才;鍾佳濱;徐榛蔚;盧秀燕;徐國勇;江啟臣;王育敏;廖國棟Sufin．Siluko;蕭美琴;陳瑩;羅致政;邱志偉;管碧玲;蔣乃辛;賴瑞隆;陳怡潔;張麗善;姚文智;呂玉玲;段宜康;葉宜津;陳雪生;王惠美;陳歐珀;顏寬恒,
105/03/09,群賢樓101會議室,教育及文化委員會,無,立法院第9屆第1會期教育及文化委員會第3次全體委員會議,邀請科技部部長列席報告業務概況，並備質詢。,蘇巧慧;張廖萬堅;黃國書;柯志恩;吳志揚;鍾佳濱;吳思瑤;鄭麗君;高金素梅;許毓仁;蔣乃辛;何欣純;許智傑;陳學聖;高潞．以用．巴魕剌Kawlo．Iyun．Pacidal;陳宜民;徐國勇;賴瑞隆;吳焜裕;邱志偉;李彥秀;林俊憲;陳亭妃;陳瑩;林德福;黃偉哲;蔣萬安;陳明文;劉櫂豪;盧秀燕;黃昭順;鄭天財Sra．Kacaw;賴士葆;羅明才;王惠美;陳歐珀;徐榛蔚;蕭美琴;李昆澤;周陳秀霞;劉建國;張麗善;陳怡潔;林為洲;廖國棟Sufin．Siluko;姚文智;呂玉玲;顏寬恒,
105/03/09,紅樓202會議室,內政委員會,無,立法院第9屆第1會期內政委員會第2次全體委員會議,一、審查行政院函請審議「災害防救法第四十七條之一條文修正草案」案。 二、審查本院委員王定宇等37人擬具「災害防救法部分條文修正草案」案。 三、審查本院委員陳亭妃等20人擬具「災害防救法部分條文修正草案」案。 四、審查本院委員何欣純等22人擬具「災害防救法部分條文修正草案」案。 五、審查本院委員黃偉哲等24人擬具「災害防救法部分條文修正草案」案。 六、審查本院委員曾銘宗等17人擬具「災害防救法第四十四條及第四十四條之一條文修正草案」案。 七、審查本院時代力量黨團擬具「災害防救法部分條文修正草案」案 八、審查本院委員葉宜津等23人擬具「災害防救法部分條文修正草案」案。 九、審查本院委員林俊憲等44人擬具「災害防救法部分條文修正草案」案。 十、審查本院親民黨黨團擬具「災害防救法部分條文修正草案」案。,莊瑞雄;林麗蟬;黃昭順;徐榛蔚;洪宗熠;賴瑞隆;陳怡潔;姚文智;陳超明;李俊俋;林俊憲;鍾佳濱;許毓仁;陳亭妃;邱志偉;徐永明;鄭運鵬;劉櫂豪;邱議瑩;黃偉哲;孔文吉;吳志揚;王惠美;賴士葆;盧秀燕;徐國勇;吳焜裕;廖國棟Sufin．Siluko;李彥秀;林德福;簡東明Uliw．Qaljupayare;蕭美琴;陳瑩;周陳秀霞;葉宜津;管碧玲;蔣乃辛;何欣純;王定宇;林為洲;張麗善;曾銘宗;江啟臣;呂玉玲;陳其邁;陳歐珀;許淑華;蔡培慧;羅明才;陳明文,
105/03/09,九樓大禮堂,財政委員會,無,立法院第9屆第1會期財政委員會第2次全體委員會議,105年3月9日（星期三） 邀請財政部張部長盛和率所屬機關首長暨國營事業董事長、總經理(含各轉投資事業機構公股代表之董、監事)列席業務報告，並備質詢。 (105年3月7日（星期一）、3月9日（星期三）及3月10日（星期四）上午9時至12時、下午2時30分至5時30分【三天一次會】),曾銘宗;吳秉叡;盧秀燕;賴士葆;徐國勇;王榮璋;黃國昌;李應元;陳賴素美;林德福;羅明才;鍾佳濱;費鴻泰;林俊憲;鄭天財Sra．Kacaw;廖國棟Sufin．Siluko;陳亭妃;王惠美;陳歐珀;黃昭順;陳明文;黃偉哲;劉櫂豪;蔣萬安;吳志揚;徐榛蔚;高金素梅;蕭美琴;蔣乃辛;何欣純;邱志偉;張麗善;林為洲;林淑芬;呂玉玲;余宛如;江永昌;顏寬恒,
105/03/09,群賢樓801會議室,社會福利及衛生環境委員會,無,立法院第9屆第1會期社會福利及衛生環境委員會第3次全體委員會議,邀請行政院環境保護署魏署長國彥、經濟部、衛生福利部、教育部、台灣電力公司就「第21屆聯合國全球氣候高峰會對我國溫室氣體排放及能源供應對策之影響」列席報告，並備質詢。,劉建國;洪慈庸;陳宜民;吳焜裕;李彥秀;王育敏;陳瑩;吳玉琴;蔣萬安;陳曼麗;賴瑞隆;黃秀芳;林淑芬;王榮璋;楊曜;林靜儀;蕭美琴;羅明才;盧秀燕;邱志偉;廖國棟Sufin．Siluko;林德福;鄭天財Sra．Kacaw;陳亭妃;林俊憲;王惠美;陳歐珀;黃昭順;黃偉哲;陳明文;鍾佳濱;賴士葆;吳志揚;徐榛蔚;高金素梅;徐國勇;蔣乃辛;何欣純;李昆澤;劉櫂豪;周陳秀霞;張麗善;陳怡潔;林為洲;呂玉玲;吳秉叡;顏寬恒,
105/03/09,紅樓101會議室,經濟委員會,無,立法院第9屆第1會期經濟委員會第3次全體委員會議,邀請經濟部部長、公平交易委員會主任委員、國家通訊傳播委員會主任委員就「中嘉轉售案」以及如何從美國禁止或限制中國大陸資金投資、收購其本土產業之案例檢討改進台灣就陸資投資案審議之法規範及審議程序，進行報告，並備質詢。,林岱樺;廖國棟Sufin．Siluko;徐永明;邱議瑩;黃偉哲;陳明文;張麗善;邱志偉;蘇震清;管碧玲;王惠美;蘇治芬;江啟臣;高志鵬;林俊憲;吳秉叡;鄭運鵬;陳亭妃;劉建國;李昆澤;吳志揚;鍾佳濱;賴士葆;羅明才;陳曼麗;徐榛蔚;林德福;鄭天財Sra．Kacaw;徐國勇;盧秀燕;陳歐珀;李彥秀;劉櫂豪;簡東明Uliw．Qaljupayare;高金素梅;蕭美琴;陳瑩;周陳秀霞;何欣純;蔣乃辛;賴瑞隆;林為洲;陳怡潔;黃國書;姚文智;蘇巧慧;呂玉玲;陳雪生;許淑華;孔文吉,
105/03/10,紅樓302會議室,司法及法制委員會,無,立法院第9屆第1會期司法及法制委員會第4次全體委員會議,一、邀請立法院秘書長、立法院法制局局長就「立法院法制局之定位及其功能業務」進行專題報告，並備質詢。二、審查委員陳亭妃等21人擬具「立法院組織法部分條文修正草案」案。三、審查委員賴瑞隆等17人 擬具「立法院組織法部分條文修正草案」案。四、審查委員趙天麟等21人擬具「立法院組織法刪除第七條條文草案」案。五、審查時代力量黨團擬具「立法院組織法第三條及第五條條文修正草案」案。六、審查委員陳亭妃等21人擬具「立法院各委員會組織法第八條及第九條條文修正草案」案。七、審查委員賴瑞隆等17人擬具「立法院各委員會組織法部分條文修正草案」案。八、審查委員陳明文等26人擬具「立法院各委員會組織法部分條文修正草案」案。九、審查時代力量黨團擬具「立法院各委員會組織法第八條及第九條條文修正草案」案。十、審查親民黨黨團擬具「立法院職權行使法第七十條及第七十一條之一條文修正草案」案。十一、審查親民黨黨團擬具「立法院職權行使法部分條文修正草案」案。十二、審查委員賴瑞隆等17人 擬具「立法院職權行使法第十五條之二及第四十五條條文修正草案」案。十三、審查委員蘇巧慧等24人擬具「立法院職權行使法部分條文修正草案」案。十四、審查時代力量黨團擬具「立法院職權行使法第七十條條文修正草案」案。十五、審查時代力量黨團擬具「立法院職權行使法部分條文修正草案」案。十六、審查委員賴瑞隆等16人擬具「立法委員行為法部分條文修正草案」案。十七、審查委員陳亭妃等21人擬具「立法院修憲委員會組織規程增訂第六條之一條文草案」案。十八、審查委員陳亭妃等21人擬具「立法院程序委員會組織規程第七條條文修正草案」案。十九、審查委員鄭運鵬等16人擬具「立法院程序委員會組織規程第四條條文修正草案」案。二十、審查委員陳明文等23人擬具「立法院程序委員會組織規程部分條文修正草案」案。二十一、審查委員趙天麟等20人 擬具廢止「立法院程序委員會組織規程」案。二十二、審查委員陳亭妃等20人擬具「立法院議事規則刪除第六十一條條文草案」案。二十三、審查委員賴瑞隆等16人擬具「立法院議事規則第九條及第二十二條條文修正草案」案。二十四、審查時代力量黨團擬具「立法院議事規則第六十一條及第六十二條條文修正草案」案。二十五、審查親民黨黨團擬具「立法院會議錄影錄音管理播送辦法草案」案。二十六、審查委員鄭運鵬等16人擬具「立法院網路國民提案實施辦法草案」案。 ,柯建銘;林德福;段宜康;周陳秀霞;蔡易餘;許毓仁;林為洲;周春米;顧立雄;尤美女;許淑華;李俊俋;賴瑞隆;鄭天財Sra．Kacaw;江啟臣;孔文吉;盧秀燕;鄭運鵬;徐國勇;黃昭順;廖國棟Sufin．Siluko;吳志揚;賴士葆;徐永明;蔣乃辛;李彥秀;林俊憲;鍾佳濱;邱志偉;高金素梅;陳雪生;羅明才;王育敏;劉櫂豪;張麗善;黃偉哲;陳亭妃;陳學聖;王惠美;蘇巧慧;張宏陸;劉世芳;陳歐珀,
105/03/10,九樓大禮堂,財政委員會,無,立法院第9屆第1會期財政委員會第2次全體委員會議,105年3月10日（星期四） 邀請中央銀行彭總裁淮南率所屬單位主管暨財金資訊股份有限公司董事長列席業務報告，並備質詢。(105年3月7日（星期一）、3月9日（星期三）及3月10日（星期四）上午9時至12時、下午2時30分至5時30分【三天一次會】),曾銘宗;盧秀燕;吳秉叡;賴士葆;徐國勇;吳志揚;李應元;費鴻泰;陳賴素美;羅明才;黃國昌;黃昭順;廖國棟Sufin．Siluko;陳亭妃;黃偉哲;陳歐珀;鄭運鵬;林德福;蕭美琴;蔣乃辛;蔣萬安;管碧玲;高金素梅;林俊憲;邱志偉;張麗善;劉櫂豪;江永昌;王榮璋,
105/03/10,群賢樓101會議室,教育及文化委員會,無,立法院第9屆第1會期教育及文化委員會第5次全體委員會議,一、邀請教育部部長列席專題報告「高教藍圖創新計畫」，並備質詢。二、邀請教育部部長及勞動部部長列席專題報告「外國頂尖人才來台任教相關辦法」，並備質詢。,吳志揚;柯志恩;黃國書;張廖萬堅;蘇巧慧;吳思瑤;林靜儀;蔣乃辛;鄭麗君;許智傑;高金素梅;許毓仁;何欣純;陳學聖;鍾佳濱;蔣萬安;高潞．以用．巴魕剌Kawlo．Iyun．Pacidal;陳亭妃;孔文吉;蔡易餘;盧秀燕;王定宇;鄭天財Sra．Kacaw;李昆澤;賴士葆;鄭運鵬;黃偉哲;陳歐珀;林德福;蕭美琴;徐永明;李彥秀;黃昭順;林俊憲;管碧玲;邱志偉;周陳秀霞;陳雪生;徐國勇;羅明才;張麗善;廖國棟Sufin．Siluko;陳宜民;吳焜裕;王惠美;鍾孔炤,
105/03/10,紅樓301會議室,外交及國防委員會,無,立法院第9屆第1會期外交及國防委員會第4次全體委員會議,邀請僑務委員會委員長陳士魁報告業務概況，並備質詢。,陳亭妃;呂孫綾;王定宇;羅致政;林昶佐;劉世芳;江啟臣;蔡適應;邱志偉;黃偉哲;賴士葆;陳歐珀;盧秀燕;鄭運鵬;林德福;孔文吉;徐國勇;吳志揚;黃昭順;廖國棟Sufin．Siluko;徐永明;蔣乃辛;李彥秀;林俊憲;鍾佳濱;高金素梅;陳雪生;羅明才;林為洲;劉櫂豪;張麗善;許淑華,
105/03/10,紅樓201會議室,交通委員會,無,立法院第9屆第1會期交通委員會第2次全體委員會議,邀請行政院公共工程委員會主任委員許俊逸列席報告業務概況，並備質詢。(3月7日、9日及10日三天一次會),鄭寶清;鄭運鵬;李昆澤;簡東明Uliw．Qaljupayare;鄭天財Sra．Kacaw;林俊憲;蕭美琴;葉宜津;陳歐珀;李鴻鈞;陳雪生;趙正宇;劉櫂豪;鍾佳濱;黃偉哲;孔文吉;賴士葆;陳亭妃;黃昭順;廖國棟Sufin．Siluko;吳志揚;林德福;盧秀燕;徐國勇;江啟臣;徐永明;蔣乃辛;管碧玲;何欣純;邱志偉;高金素梅;羅明才;林為洲;陳其邁;張麗善;許淑華,
105/03/10,群賢樓801會議室,社會福利及衛生環境委員會,無,舉行「銀色海嘯來襲－如何推動長照保險制度」公聽會,討論題綱：一、相較於稅收制，何以長照保險制度更能提供我國長照體系充足穩定之財源？二、長照保險納保年齡應如何訂定，方能兼顧長照服務供需平衡與長照保險財務穩定？三、基於使用者付費原則，長照保險對象應自行負擔部分費用。考量我國人口老化快速，應如何訂定一般民眾應負擔之長照保險給付費用比例，以確保長照保險財務收支長期維持平衡？四、按行政院版「長期照顧保險法」草案之規劃，有何應補強修正之處？五、以我國長照資源建置現況，長照保險之實施期程與方式應如何制定？,,
105/03/10,紅樓101會議室,經濟委員會,無,立法院第9屆第1會期經濟委員會第4次全體委員會議,邀請公平交易委員會主任委員列席報告業務概況，並備質詢。,黃偉哲;廖國棟Sufin．Siluko;孔文吉;蘇震清;陳明文;高志鵬;徐永明;張麗善;管碧玲;王惠美;邱志偉;鄭運鵬;簡東明Uliw．Qaljupayare;蘇巧慧;吳志揚;鄭天財Sra．Kacaw;李昆澤;賴士葆;陳亭妃;林德福;盧秀燕;江啟臣;徐國勇;陳歐珀;蕭美琴;蔣乃辛;林俊憲;何欣純;李彥秀;陳雪生;周陳秀霞;林為洲;高金素梅;羅明才;黃昭順;許淑華,
105/03/10,紅樓202會議室,內政委員會,無,立法院第9屆第1會期內政委員會第2次全體委員會議,一、審查行政院函請審議「災害防救法第四十七條之一條文修正草案」案。 二、審查本院委員王定宇等37人擬具「災害防救法部分條文修正草案」案。 三、審查本院委員陳亭妃等20人擬具「災害防救法部分條文修正草案」案。 四、審查本院委員何欣純等22人擬具「災害防救法部分條文修正草案」案。 五、審查本院委員黃偉哲等24人擬具「災害防救法部分條文修正草案」案。 六、審查本院委員曾銘宗等17人擬具「災害防救法第四十四條及第四十四條之一條文修正草案」案。 七、審查本院時代力量黨團擬具「災害防救法部分條文修正草案」案 八、審查本院委員葉宜津等23人擬具「災害防救法部分條文修正草案」案。 九、審查本院委員林俊憲等44人擬具「災害防救法部分條文修正草案」案。 十、審查本院親民黨黨團擬具「災害防救法部分條文修正草案」案。,,
105/03/14,九樓大禮堂,內政委員會,財政委員會、司法及法制委員會,立法院第9屆第1會期內政、財政、司法及法制委員會第1次聯席會議,一、審查委員葉宜津等30人擬具「不當黨產處理條例草案」案。 二、審查委員黃偉哲等19人擬具「不當黨產處理條例草案」案。 三、審查委員鄭寶清等42人擬具「政黨不當取得財產處理條例草案」案。 四、審查委員陳亭妃等20人擬具「政黨及其附隨組織取得財產清查及處理條例草案」案。 五、審查委員鄭運鵬等16人擬具「政黨不當取得財產處理條例草案」案。 六、審查委員高志鵬等21人擬具「政黨及其附隨組織取得財產清查及處理條例草案」案。 七、審查國民黨黨團擬具「政黨財產監督管理條例草案」案。,黃國昌;徐國勇;段宜康;賴士葆;吳秉叡;莊瑞雄;許淑華;曾銘宗;黃昭順;林德福;陳怡潔;林麗蟬;柯建銘;賴瑞隆;陳瑩;徐榛蔚;張宏陸;李俊俋;陳超明;鄭天財Sra．Kacaw;蔡易餘;楊鎮浯;盧秀燕;谷辣斯．尤達卡Kolas Yotaka;趙天麟;周陳秀霞;顧立雄;洪宗熠;姚文智;林為洲;周春米;陳其邁;陳賴素美;吳思瑤;林昶佐;高潞．以用．巴魕剌Kawlo．Iyun．Pacidal;洪慈庸;葉宜津;李昆澤;柯志恩;吳志揚;陳亭妃;廖國棟Sufin．Siluko;蔡適應;鄭寶清;顏寬恒;王定宇;羅明才;鄭運鵬;邱志偉;劉櫂豪;徐永明;蘇巧慧;陳歐珀;王榮璋;李彥秀;蕭美琴;陳明文;江啟臣;黃秀芳;管碧玲;高金素梅;黃偉哲;王惠美;陳雪生;林俊憲;何欣純;劉世芳;陳宜民;李應元;尤美女;許毓仁;費鴻泰;邱議瑩;江永昌,
105/03/14,群賢樓801會議室,社會福利及衛生環境委員會,無,立法院第9屆第1會期社會福利及衛生環境委員會第4次全體委員會議,邀請行政院環境保護署、衛生福利部、經濟部、科技部、交通部、財政部、行政院公共工程委員會、行政院農業委員會、國家通訊傳播委員會、內政部營建署就「檢視現行事業廢棄物之處理與再利用現況、管理制度、編制人力、預算以及違法樣態，並提出未來檢討修正方向」列席報告，並備質詢。,洪慈庸;劉建國;陳曼麗;吳玉琴;蔣萬安;吳焜裕;陳瑩;李彥秀;鍾孔炤;黃秀芳;陳宜民;楊曜;吳秉叡;王惠美;吳志揚;廖國棟Sufin．Siluko;陳亭妃;徐榛蔚;林德福;江啟臣;蘇治芬;劉櫂豪;陳歐珀;簡東明Uliw．Qaljupayare;顏寬恒;盧秀燕;賴士葆;鄭運鵬;邱志偉;徐永明;蕭美琴;羅明才;陳明文;鄭天財Sra．Kacaw;黃偉哲;陳怡潔;高金素梅;何欣純;林俊憲;趙天麟;周陳秀霞;姚文智;林淑芬,
105/03/14,紅樓101會議室,經濟委員會,無,立法院第9屆第1會期經濟委員會第5次全體委員會議,邀請國家發展委員會主任委員列席報告業務概況，並備質詢。,林岱樺;蘇治芬;邱志偉;王惠美;徐永明;邱議瑩;陳明文;黃偉哲;管碧玲;蘇震清;廖國棟Sufin．Siluko;高志鵬;許毓仁;賴瑞隆;蕭美琴;蔣萬安;徐榛蔚;林俊憲;莊瑞雄;陳亭妃;黃昭順;蔡適應;鄭天財Sra．Kacaw;陳怡潔;盧秀燕;劉櫂豪;賴士葆;吳志揚;簡東明Uliw．Qaljupayare;顏寬恒;李彥秀;陳歐珀;費鴻泰;江啟臣;羅明才;許淑華;李昆澤;黃秀芳;鄭運鵬;何欣純;高金素梅;周陳秀霞;林為洲;林德福;蔡培慧,
105/03/14,紅樓302會議室,司法及法制委員會,無,立法院第9屆第1會期司法及法制委員會第5次全體委員會議,審查司法院、行政院函請審議「刑事訴訟法部分條文修正草案」及「刑事訴訟法施行法增訂第七條之九條文草案」案。,林德福;柯建銘;張宏陸;許淑華;蔡易餘;周陳秀霞;周春米;許毓仁;顧立雄;段宜康;尤美女;盧秀燕;林為洲;劉櫂豪;邱志偉;陳歐珀;賴士葆;徐國勇;吳志揚;廖國棟Sufin．Siluko;蕭美琴;顏寬恒;陳怡潔;徐榛蔚;陳明文;江啟臣;管碧玲;王惠美;黃偉哲;林俊憲;高金素梅;簡東明Uliw．Qaljupayare,
105/03/14,群賢樓101會議室,教育及文化委員會,無,立法院第9屆第1會期教育及文化委員會第6次全體委員會議,一、邀請文化部部長列席報告業務概況，並備質詢。二、審查105年度中央政府總預算案關於文化部主管國立文化機構作業基金附屬單位預算案。(詢答)(3月14日、16日、17日3天一次會),蘇巧慧;吳志揚;黃國書;柯志恩;張廖萬堅;高金素梅;何欣純;許智傑;鄭麗君;陳學聖;高潞．以用．巴魕剌Kawlo．Iyun．Pacidal;林昶佐;鍾佳濱;廖國棟Sufin．Siluko;吳思瑤;陳歐珀;賴瑞隆;王惠美;劉櫂豪;邱志偉;王定宇;賴士葆;陳亭妃;陳怡潔;蔡適應;林德福;鄭天財Sra．Kacaw;李彥秀;顏寬恒;徐榛蔚;鄭運鵬;簡東明Uliw．Qaljupayare;李昆澤;羅明才;蕭美琴;陳明文;許淑華;林俊憲;管碧玲;盧秀燕;黃偉哲;吳焜裕;周陳秀霞;林為洲;姚文智;莊瑞雄;徐國勇,
105/03/14,紅樓301會議室,外交及國防委員會,無,立法院第9屆第1會期外交及國防委員會第5次全體委員會議,邀請國防部部長高廣圻、內政部營建署署長、文化部文化資產局局長、財政部國有財產署署長報告「國軍老舊眷村改建工作實施至今之執行狀況與檢討」，並備質詢。,林昶佐;陳亭妃;王定宇;蔡適應;呂孫綾;江啟臣;劉世芳;羅致政;段宜康;黃昭順;盧秀燕;林俊憲;邱志偉;蘇巧慧;馬文君;簡東明Uliw．Qaljupayare;吳玉琴;陳歐珀;賴士葆;徐國勇;劉建國;廖國棟Sufin．Siluko;吳志揚;蕭美琴;顏寬恒;陳怡潔;徐榛蔚;陳明文;管碧玲;王惠美;劉櫂豪;黃偉哲;高金素梅;周陳秀霞;林為洲;林德福,
105/03/14,紅樓201會議室,交通委員會,無,立法院第9屆第1會期交通委員會第3次全體委員會議,邀請國家通訊傳播委員會主任委員石世豪列席報告業務概況，並備質詢。,李昆澤;葉宜津;鄭寶清;劉櫂豪;簡東明Uliw．Qaljupayare;顏寬恒;鄭天財Sra．Kacaw;陳歐珀;鄭運鵬;蕭美琴;林俊憲;李鴻鈞;陳雪生;陳素月;趙正宇;賴士葆;徐永明;蘇巧慧;徐國勇;吳志揚;廖國棟Sufin．Siluko;陳亭妃;林德福;陳怡潔;徐榛蔚;陳明文;羅明才;管碧玲;陳賴素美;江啟臣;黃偉哲;王惠美;高金素梅;何欣純;周陳秀霞;林為洲;邱志偉,
105/03/14,紅樓202會議室,財政委員會,無,立法院第9屆第1會期財政委員會第3次全體委員會議,邀請行政院主計總處石主計長素梅、審計部林審計長慶隆率所屬單位主管列席業務報告，並備質詢。,曾銘宗;吳秉叡;黃國昌;盧秀燕;賴士葆;李應元;余宛如;王榮璋;費鴻泰;陳賴素美;徐國勇;徐榛蔚;吳玉琴;簡東明Uliw．Qaljupayare;顏寬恒;鄭天財Sra．Kacaw;江永昌;陳歐珀;徐永明;劉櫂豪;吳志揚;廖國棟Sufin．Siluko;陳亭妃;蕭美琴;林德福;陳怡潔;林為洲;陳明文;管碧玲;江啟臣;林俊憲;黃偉哲;陳學聖;王惠美;趙天麟;高金素梅;何欣純;周陳秀霞;羅明才;吳琪銘;谷辣斯．尤達卡Kolas Yotaka;邱志偉,
105/03/15,紅樓201會議室,程序委員會,無,第9屆第1會期程序委員會第2次會議,     審定本院第9屆第1會期第5次會議議事日程及人民      請願案,林德福,
105/03/16,紅樓301會議室,外交及國防委員會,無,立法院第9屆第1會期外交及國防委員會第6次全體委員會議,邀請國軍退除役官兵輔導委員會主任委員董翔龍報告業務概況，並備質詢。,林昶佐;陳亭妃;羅致政;江啟臣;呂孫綾;蔡適應;劉世芳;徐榛蔚;賴士葆;黃偉哲;蔡易餘;馬文君;鄭天財Sra．Kacaw;趙正宇;李彥秀;邱志偉;徐永明;盧秀燕;林俊憲;吳志揚;蔣乃辛;羅明才;王惠美;陳怡潔;管碧玲;鄭運鵬;高金素梅;賴瑞隆;陳明文;周陳秀霞;林為洲;李昆澤;鍾佳濱;黃昭順,
105/03/16,紅樓202會議室,內政委員會,無,立法院第9屆第1會期內政委員會第3次全體委員會議,一、審查委員Kolas Yotaka等22人擬具「公職人員選舉罷免法第四十七條條文修正草案」案。二、審查委員高志鵬等20人擬具「公職人員選舉罷免法部分條文修正草案」案。三、審查委員李昆澤等17人擬具「公職人員選舉罷免法部分條文修正草案」案。四、審查委員廖國棟等17人擬具「公職人員選舉罷免法增訂部分條文草案」案。五、審查委員顧立雄等20人擬具「公職人員選舉罷免法第七十三條條文修正草案」案。六、審查委員徐國勇等32人擬具「公職人員選舉罷免法部分條文修正草案」案。七、審查委員王定宇等18人擬具「公職人員選舉罷免法部分條文修正草案」案。（第3案至第7案，如經院會復議，則不予審查。）,徐榛蔚;黃昭順;莊瑞雄;谷辣斯．尤達卡Kolas Yotaka;陳怡潔;李俊俋;賴瑞隆;黃國昌;鄭天財Sra．Kacaw;陳其邁;趙天麟;尤美女;陳亭妃;徐永明;鍾佳濱;林俊憲;盧秀燕;高金素梅;李彥秀;廖國棟Sufin．Siluko;賴士葆;陳瑩;蔣乃辛;羅明才;王惠美;邱志偉;管碧玲;吳志揚;何欣純;陳明文;簡東明Uliw．Qaljupayare;林為洲;周陳秀霞;李昆澤;黃偉哲;鄭運鵬;林德福;姚文智;陳超明,
105/03/16,群賢樓801會議室,社會福利及衛生環境委員會,無,立法院第9屆第1會期社會福利及衛生環境委員會第5次全體委員會議,一、邀請勞動部陳部長雄文列席報告業務概況，並備質詢。 二、審查中華民國105年度中央政府總預算案附屬單位預算有關勞動部主管非營業基金（預算詢答）:   (一)作業基金—勞工保險局作業基金   (二)特別收入基金—就業安定基金   (三)信託基金:      1.勞工退休基金《舊制》      2.勞工退休基金《新制》      3.積欠工資墊償基金,劉建國;洪慈庸;吳焜裕;鍾孔炤;吳玉琴;陳曼麗;蔣萬安;李彥秀;陳宜民;陳瑩;黃秀芳;王榮璋;楊曜;李昆澤;鍾佳濱;賴士葆;高潞．以用．巴魕剌Kawlo．Iyun．Pacidal;江啟臣;賴瑞隆;吳志揚;鄭天財Sra．Kacaw;黃偉哲;徐永明;鄭運鵬;蔣乃辛;吳秉叡;羅明才;管碧玲;王惠美;高金素梅;陳怡潔;林俊憲;何欣純;邱志偉;周陳秀霞;盧秀燕;林淑芬;鍾孔炤,
105/03/16,群賢樓101會議室,教育及文化委員會,無,立法院第9屆第1會期教育及文化委員會第6次全體委員會議,一、邀請國立故宮博物院院長列席報告業務概況，並備質詢。二、審查105年度中央政府總預算案關於國立故宮博物院主管故宮文物藝術發展基金附屬單位預算案。(詢答)(3月14日、16日、17日3天一次會),吳志揚;柯志恩;蘇巧慧;吳思瑤;黃國書;鄭麗君;蔣乃辛;張廖萬堅;高金素梅;何欣純;許智傑;陳明文;林俊憲;許毓仁;鍾佳濱;陳亭妃;李俊俋;陳學聖;黃偉哲;蔡易餘;邱志偉;林德福;黃昭順;鄭運鵬;賴士葆;羅明才;管碧玲;鄭天財Sra．Kacaw;黃秀芳;賴瑞隆;王惠美;徐永明;吳秉叡;江啟臣;林為洲;高潞．以用．巴魕剌Kawlo．Iyun．Pacidal;盧秀燕,
105/03/16,紅樓101會議室,經濟委員會,無,立法院第9屆第1會期經濟委員會第6次全體委員會議,邀請行政院農業委員會主任委員列席報告業務概況，並備質詢。,林岱樺;黃偉哲;蘇治芬;徐永明;高志鵬;蔡培慧;王惠美;蘇震清;管碧玲;陳明文;邱志偉;邱議瑩;江啟臣;黃昭順;賴瑞隆;鄭天財Sra．Kacaw;劉建國;吳焜裕;谷辣斯．尤達卡Kolas Yotaka;蔡易餘;林俊憲;廖國棟Sufin．Siluko;鄭運鵬;高金素梅;陳亭妃;徐榛蔚;劉世芳;周陳秀霞;賴士葆;高潞．以用．巴魕剌Kawlo．Iyun．Pacidal;李昆澤;蔣乃辛;鍾佳濱;羅明才;吳秉叡;黃秀芳;陳怡潔;吳志揚;何欣純;林為洲;盧秀燕;莊瑞雄;許淑華;林德福,
105/03/16,九樓大禮堂,財政委員會,無,立法院第9屆第1會期財政委員會第4次全體委員會議,邀請財政部張部長盛和、金融監督管理委員會王主任委員儷玲、國家發展委員會副主任委員、內政部次長、教育部次長、經濟部次長、衛生福利部次長、勞動部次長、行政院農業委員會副主任委員及原住民族委員會副主任委員分別就「行政院改善所得分配具體方案之執行與檢討」作專題報告，並備質詢。(105年3月16日及3月17日兩天一次會),曾銘宗;吳秉叡;賴士葆;黃國昌;盧秀燕;王榮璋;余宛如;羅明才;陳賴素美;林德福;李應元;鍾佳濱;徐國勇;黃偉哲;費鴻泰;吳志揚;何欣純;徐永明;鄭運鵬;蔣乃辛;管碧玲;王惠美;高金素梅;陳怡潔;林俊憲;邱志偉;賴瑞隆;周陳秀霞;鄭天財Sra．Kacaw;江永昌,
105/03/16,紅樓302會議室,司法及法制委員會,無,立法院第9屆第1會期司法及法制委員會第6次全體委員會議,一、邀請法務部部長率所屬單位主管列席報告業務概況，並備質詢。二、處理法務部105年度中央政府總預算決議，「法醫病理鑑定及指導地檢署法醫業務」3313萬5000元，凍結十分之一，報告並經同意後始得動支乙案，請安排報告，請查照案。三、處理法務部105年度中央政府總預算決議，「矯正業務」項下「人員維持」之「獎金」10億4266萬6000元，其中編列之「醫師不開業獎金」81萬6000元，凍結十分之一，報告後始得動支乙案，請安排報告，請查照案。四、處理法務部105年度中央政府總預算決議，「檢察卷證數位化暨獄政假釋無紙化計畫」9870萬元，凍結十分之一，報告並經同意後始得動支乙案，請安排報告，請查照案。(第二案至第四案如經院會復議，則不予處理),柯建銘;林德福;柯建銘;許毓仁;周陳秀霞;尤美女;段宜康;蔡易餘;許淑華;陳亭妃;周春米;顧立雄;賴士葆;鄭天財Sra．Kacaw;徐榛蔚;李彥秀;鍾佳濱;江啟臣;盧秀燕;余宛如;林俊憲;吳志揚;劉世芳;蔣乃辛;羅明才;王惠美;陳怡潔;管碧玲;邱志偉;高金素梅;賴瑞隆;陳明文;李昆澤;徐永明;鄭運鵬;黃偉哲;黃昭順;林為洲;張宏陸,
105/03/17,群賢樓101會議室,教育及文化委員會,無,立法院第9屆第1會期教育及文化委員會第6次全體委員會議,邀請文化部部長、國家通訊傳播委員會副主任委員專題報告「兩岸影視流行音樂交流之困境與突破」，並備質詢。另邀行政院大陸委員會主任委員、經濟部次長、財政部次長就上述相關主管業務出席備詢。(3月14日、16日、17日3天一次會),林昶佐;許智傑;蘇巧慧;吳志揚;黃國書;柯志恩;吳思瑤;鍾佳濱;張廖萬堅;蔣乃辛;何欣純;高金素梅;鄭麗君;陳學聖;高潞．以用．巴魕剌Kawlo．Iyun．Pacidal;許毓仁;賴瑞隆;盧秀燕;李彥秀;賴士葆;劉建國;段宜康;羅明才;鄭運鵬;陳歐珀;黃秀芳;陳瑩;徐永明;廖國棟Sufin．Siluko,
105/03/17,紅樓301會議室,外交及國防委員會,無,立法院第9屆第1會期外交及國防委員會第7次全體委員會議【報告秘密，詢答（先秘密、後公開）】,邀請國家安全局局長楊國強率相關情報機關首長提出「國家情報工作暨國家安全局業務報告」，並備質詢。,羅致政;林昶佐;陳亭妃;劉世芳;江啟臣;蔡適應;王定宇;林昶佐;呂孫綾;徐志榮;鍾佳濱;鄭運鵬;蔡易餘;盧秀燕;賴士葆;陳怡潔;劉建國;徐永明;吳志揚;羅明才;蔣乃辛;陳歐珀;馬文君,
105/03/17,群賢樓801會議室,社會福利及衛生環境委員會,無,立法院第9屆第1會期社會福利及衛生環境委員會第6次全體委員會議,一、邀請行政院環境保護署魏署長國彥列席報告業務概況，並備質詢。 二、審查中華民國105年度中央政府總預算案附屬單位預算有關行政院環境保護署主管非營業基金（預算詢答）:   (一)特別收入基金（環境保護基金）   (二)信託基金:      1.資源回收管理基金─信託基金部分      2.清潔人員執行職務死亡濟助基金 ,李彥秀;洪慈庸;劉建國;鍾孔炤;蔣萬安;陳曼麗;吳玉琴;陳宜民;吳焜裕;黃秀芳;陳瑩;王榮璋;楊曜;鍾佳濱;林淑芬;賴瑞隆;賴士葆;廖國棟Sufin．Siluko;江啟臣;吳志揚;吳思瑤;羅明才;鄭運鵬;陳怡潔;蔣乃辛;陳歐珀;何欣純;盧秀燕;吳秉叡;吳焜裕,
105/03/17,紅樓302會議室,司法及法制委員會,無,立法院第9屆第1會期司法及法制委員會, 「總統交接條例草案憲法爭議」公聽會,,
105/03/17,紅樓202會議室,內政委員會,無,立法院第9屆第1會期內政委員會第4次全體委員會議,一、邀請內政部部長陳威仁就「土壤液化防治與公私有建築物辦理耐震能力評估及其配套措施」提出專題報告，另請行政院消費者保護處、災害防救辦公室、經濟部、交通部、教育部、科技部、衛生福利部、行政院公共工程委員會、行政院主計總處、金融監督管理委員會派員列席備詢。二、審查行政院函請審議「集會遊行法修正草案」案。三、審查本院委員林淑芬等20人廢止「集會遊行法」案。四、審查本院委員鄭麗君等35人擬具「集會遊行法修正草案」案。(第四案如經院會復議，則不予審查。),賴瑞隆;陳怡潔;林麗蟬;莊瑞雄;洪宗熠;李俊俋;谷辣斯．尤達卡Kolas Yotaka;陳其邁;徐永明;鍾佳濱;陳超明;吳焜裕;劉建國;尤美女;盧秀燕;黃國昌;賴士葆;羅明才;蔣乃辛;鄭運鵬;何欣純;鄭麗君;陳歐珀;吳志揚;林淑芬;姚文智;趙天麟,
105/03/17,九樓大禮堂,財政委員會,無,立法院第9屆第1會期財政委員會第4次全體委員會議,一、審查本院委員費鴻泰等20人、委員陳怡潔等28人、委員徐志榮等16人、委員孔文吉等18人、委員黃偉哲等18人分別擬具「保險法第一百零七條條文修正草案」、委員曾銘宗等17人擬具「保險法第一百零七條、第一百四十六條之五及第一百六十八條條文修正草案」、委員王定宇等34人擬具「保險法第一百零七條及第一百七十八條條文修正草案」及委員陳亭妃等22人擬具「保險法第一百零七條及第一百七十八條之一條文修正草案」案等8案(以上8案如經院會復議，則不予審查) 。二、審查本院委員盧秀燕等25人擬具「保險法第一百零七條條文修正草案」、委員王榮璋等17人擬具「保險法第一百零七條及第一百七十八條條文修正草案」及委員楊曜等20人擬具「保險法第一百零七條及第一百七十八條之一條文修正草案」案等3案(以上3案均經各黨團簽署不復議同意書在案)。(105年3月16日及3月17日兩天一次會),曾銘宗;吳秉叡;盧秀燕;賴士葆;王榮璋;黃國昌;余宛如;陳賴素美;李應元;周春米;羅明才;鍾佳濱;李彥秀;徐永明;江啟臣;吳志揚;吳思瑤;鄭運鵬;蔣乃辛;陳歐珀;費鴻泰;徐國勇;江永昌,
105/03/21,群賢樓801會議室,社會福利及衛生環境委員會,無,立法院第9屆第1會期社會福利及衛生環境委員會第7次全體委員會議,邀請國家發展委員會、勞動部、衛生福利部、財政部、教育部、內政部就「從友善職場、賦稅減免、經濟支持、托育服務、住宅政策等面向營造我國友善育兒環境」列席報告，並備質詢。,洪慈庸;陳曼麗;吳玉琴;黃秀芳;蔣萬安;李彥秀;吳焜裕;鍾孔炤;陳宜民;王育敏;楊曜;劉建國;盧秀燕;余宛如;林淑芬;李昆澤;陳瑩;鄭天財Sra．Kacaw;林德福;江啟臣;林靜儀;吳秉叡;賴士葆;黃偉哲;鄭運鵬;孔文吉;蔣乃辛;陳亭妃;徐永明;黃昭順;陳怡潔;葉宜津;管碧玲;呂玉玲;王惠美;林俊憲;蕭美琴;陳歐珀;姚文智;周陳秀霞;高金素梅;何欣純;徐榛蔚;張麗善;尤美女;邱志偉;張廖萬堅;吳思瑤;王榮璋;羅明才;賴瑞隆,
105/03/21,紅樓201會議室,交通委員會,無,立法院第9屆第1會期交通委員會第4次全體委員會議,邀請交通部部長陳建宇、行政院公共工程委員會主任委員許俊逸率同所屬列席就「臺灣桃園國際機場聯外捷運系統建設計畫辦理情形」提出報告，並備質詢；並請桃園大眾捷運股份有限公司董事長何煖軒、日商丸紅國際股份有限公司交通專案分公司代表列席備詢。,李昆澤;陳歐珀;鄭運鵬;陳素月;鄭天財Sra．Kacaw;鄭寶清;劉櫂豪;葉宜津;林俊憲;蕭美琴;李鴻鈞;黃偉哲;邱議瑩;吳志揚;徐永明;陳亭妃;陳明文;孔文吉;呂玉玲;賴士葆;黃昭順;陳怡潔;管碧玲;江啟臣;蔣乃辛;盧秀燕;王惠美;賴瑞隆;姚文智;周陳秀霞;高金素梅;何欣純;徐榛蔚;林為洲;陳學聖;簡東明Uliw．Qaljupayare;邱志偉;趙正宇;徐國勇;羅明才;顏寬恒;鄭運鵬,
105/03/21,紅樓302會議室,司法及法制委員會,無,立法院第9屆第1會期司法及法制委員會第7次全體委員會議,3月21日（星期一）上午一、邀請行政院秘書長、國家發展委員會副主任委員、行政院人事行政總處副人事長、行政院海岸巡防署副署長、銓敘部次長列席就「海洋委員會籌備情形」進行專題報告，並備質詢。二、邀請行政院秘書長、科技部部長、國家發展委員會副主任委員、行政院人事行政總處副人事長、國家安全會議、國家安全局、內政部警政署列席就「國家資安體系及國家資通安全科技中心籌備情形」進行專題報告，並備質詢。3月21日（星期一）下午三、繼續併案審查(一)民進黨黨團擬具「總統職務交接條例草案」、(二)委員李應元等17人擬具「總統職務交接條例草案」、(三)時代力量黨團擬具「總統、副總統交接條例草案」、(四)親民黨黨團擬具「總統交接條例草案」、(五)國民黨黨團擬具「總統副總統職務交接條例草案」、(六)委員李俊俋等28人擬具「總統職務交接條例草案」案。,柯建銘;段宜康;林德福;蔡易餘;張宏陸;周陳秀霞;尤美女;許毓仁;顧立雄;林為洲;許淑華;賴瑞隆;周春米;黃國昌;管碧玲;曾銘宗;柯志恩;盧秀燕;黃偉哲;徐永明;孔文吉;鄭天財Sra．Kacaw;呂孫綾;林昶佐;李彥秀;賴士葆;黃昭順;陳怡潔;鄭運鵬;蔣乃辛;呂玉玲;吳焜裕;王惠美;高潞．以用．巴魕剌Kawlo．Iyun．Pacidal;林俊憲;蕭美琴;陳明文;姚文智;高金素梅;徐榛蔚;陳歐珀;邱志偉,
105/03/21,紅樓101會議室,經濟委員會,無,立法院第9屆第1會期經濟委員會第7次全體委員會議,邀請經濟部部長率經濟部主管國營事業負責人就國營事業經營績效、工安管理及資產管理情形列席報告，並備質詢；另邀請內政部、法務部、財政部派員列席。,林岱樺;陳明文;蘇治芬;黃偉哲;邱議瑩;徐永明;孔文吉;蔡培慧;管碧玲;王惠美;劉世芳;蘇震清;張麗善;高志鵬;林俊憲;王定宇;蕭美琴;邱志偉;賴瑞隆;陳曼麗;鄭天財Sra．Kacaw;林德福;黃昭順;吳思瑤;盧秀燕;鄭運鵬;江啟臣;葉宜津;李彥秀;徐榛蔚;許淑華;陳歐珀;賴士葆;陳怡潔;呂玉玲;陳亭妃;黃秀芳;姚文智;周陳秀霞;吳秉叡;蔣乃辛;高金素梅;何欣純;林為洲;簡東明Uliw．Qaljupayare;李昆澤;羅明才,
105/03/21,紅樓301會議室,外交及國防委員會,無,立法院第9屆第1會期外交及國防委員會第8次全體委員會議,邀請總統府秘書長、外交部部長、國家安全局局長、行政院大陸委員會主任委員報告「甘比亞與中國建交之我國外交處境、後續效應因應措施及外交部擬邀請外國媒體赴太平島實地勘察之規劃評估」，並備質詢。,王定宇;陳亭妃;江啟臣;羅致政;劉世芳;蔡適應;林昶佐;呂孫綾;呂玉玲;馬文君;徐志榮;林德福;陳明文;盧秀燕;徐永明;邱志偉;賴瑞隆;陳歐珀;孔文吉;鄭天財Sra．Kacaw;李彥秀;黃昭順;賴士葆;陳怡潔;管碧玲;蔣乃辛;黃偉哲;王惠美;鄭運鵬;蕭美琴;周陳秀霞;吳焜裕;姚文智;高金素梅;谷辣斯．尤達卡Kolas Yotaka;徐榛蔚;林為洲;林俊憲,
105/03/21,紅樓202會議室,內政委員會,司法及法制委員會,立法院第9屆第1會期內政、司法及法制委員會第1次聯席會議,一、審查行政院函請審議「政黨法草案」案。 二、審查委員葉宜津等24人擬具「政黨法草案」案。 三、審查委員黃偉哲等18人擬具「政黨法草案」案。 四、審查委員陳亭妃等21人擬具「政黨法草案」案。 五、審查委員高志鵬等22人擬具「政黨法草案」案。 六、審查國民黨黨團擬具「政黨法草案」案。 七、審查親民黨黨團擬具「政黨法草案」案。（第7案，如未經本院各黨團達成不復議之共識，致未能完成法定付委程序，則不予審查。）,林德福;張宏陸;莊瑞雄;黃昭順;陳怡潔;蔡易餘;李俊俋;賴瑞隆;許淑華;趙天麟;楊鎮浯;洪宗熠;周陳秀霞;姚文智;段宜康;谷辣斯．尤達卡Kolas Yotaka;陳其邁;徐榛蔚;林為洲;顧立雄;周春米;李昆澤;王定宇;黃偉哲;邱議瑩;鄭運鵬;陳歐珀;鄭寶清;徐永明;徐國勇;吳志揚;陳亭妃;孔文吉;陳明文;盧秀燕;賴士葆;江啟臣;管碧玲;蔣乃辛;呂玉玲;葉宜津;王惠美;林俊憲;蕭美琴;高金素梅;何欣純;簡東明Uliw．Qaljupayare;邱志偉;尤美女;陳超明;林麗蟬;羅明才;鍾孔炤;許毓仁,
105/03/21,群賢樓101會議室,教育及文化委員會,無,立法院第9屆第1會期教育及文化委員會第7次全體委員會議,一、邀請教育部部長就「針對各級學校及社教館位處土壤液化潛勢區之因應及配套措施」專題報告，並備質詢。另邀內政部營建署、經濟部地質調查所、財團法人國家實驗研究院國家地震工程研究中心就上述相關主管業務出席備詢。二、邀請教育部部長及內政部營建署就「世大運硬體準備與我國選手培訓概況」專題報告，並備質詢。另邀臺北市政府教育局、臺北市政府體育局、國家運動訓練中心就上述相關主管業務出席備詢。三、教育部部長就「美感教育中長期計畫」專題報告，並備質詢。另邀文化部部長就上述專題相關業務主管業務出席備詢。,蘇巧慧;吳志揚;黃國書;張廖萬堅;柯志恩;許毓仁;吳思瑤;蔣乃辛;許智傑;高金素梅;何欣純;陳學聖;鄭麗君;陳亭妃;吳秉叡;余宛如;李昆澤;高潞．以用．巴魕剌Kawlo．Iyun．Pacidal;黃秀芳;鄭運鵬;李彥秀;鄭天財Sra．Kacaw;林德福;蔣萬安;黃偉哲;陳明文;徐永明;陳歐珀;盧秀燕;孔文吉;黃昭順;賴士葆;陳怡潔;管碧玲;呂玉玲;王惠美;江啟臣;劉建國;林俊憲;蘇震清;姚文智;周陳秀霞;蕭美琴;賴瑞隆;張麗善;邱志偉;林為洲;羅明才,
105/03/21,九樓大禮堂,財政委員會,經濟委員會、內政委員會、教育及文化委員會、社會福利及衛生環境委員會、外交及國防委員會、司法及法制委員會、交通委員會,立法院第9屆第1會期財政、內政、外交及國防、經濟、教育及文化、交通、司法及法制、社會福利及衛生環境委員會第1次聯席會議,審查行政院函請審議「104年度中央政府總預算第二預備金動支數額表」案等14案。,曾銘宗;吳秉叡;黃國昌;賴士葆;王榮璋;余宛如;盧秀燕;徐國勇;李應元;洪慈庸;林德福;黃偉哲;蘇巧慧;鄭天財Sra．Kacaw;羅明才;吳思瑤;陳賴素美;高潞．以用．巴魕剌Kawlo．Iyun．Pacidal;林俊憲;呂孫綾;鄭運鵬;陳宜民;陳歐珀;黃秀芳;徐永明;陳亭妃;孔文吉;莊瑞雄;蔡易餘;蔣乃辛;林昶佐;吳焜裕;鍾孔炤;葉宜津;黃昭順;李彥秀;陳怡潔;管碧玲;許淑華;呂玉玲;王育敏;王惠美;劉建國;李俊俋;李昆澤;蘇震清;趙天麟;蘇治芬;蕭美琴;費鴻泰;周春米;賴瑞隆;姚文智;周陳秀霞;高金素梅;許毓仁;何欣純;徐榛蔚;蔡適應;張麗善;鄭麗君;尤美女;邱志偉;林為洲;陳瑩;林淑芬;江啟臣;江永昌;張廖萬堅,
105/03/22,紅樓201會議室,程序委員會,無,第9屆第1會期程序委員會第3次會議, 審定本院第9屆第1會期第6次會議議事日程及人民  請願案,段宜康,
105/03/23,九樓大禮堂,財政委員會,無,立法院第9屆第1會期財政委員會第5次全體委員會議,105年3月23日（星期三）一、審查本院委員曾銘宗等17人擬具「會計師法部分條文修正草案」案。二、審查行政院函請審議「記帳士法第四條條文修正草案」案。,曾銘宗;吳秉叡;黃國昌;賴士葆;盧秀燕;王榮璋;徐國勇;余宛如;費鴻泰;林德福;李彥秀;羅明才;黃偉哲;徐永明;鍾佳濱;邱志偉;鄭運鵬;高金素梅;王惠美;黃秀芳;管碧玲;陳明文;陳亭妃;江啟臣;周陳秀霞;孔文吉;柯志恩;張麗善;蔣乃辛;李應元;廖國棟Sufin．Siluko;江永昌,
105/03/23,紅樓101會議室,經濟委員會,無,立法院第9屆第1會期經濟委員會第8次全體委員會議,審查105年度中央政府總預算案附屬單位預算營業部分關於經濟部主管：台灣電力股份有限公司。（詢答）,林岱樺;廖國棟Sufin．Siluko;邱議瑩;蘇治芬;王惠美;徐永明;邱志偉;高志鵬;陳明文;黃偉哲;管碧玲;蘇震清;孔文吉;張麗善;鍾佳濱;黃國昌;鄭運鵬;吳焜裕;鍾孔炤;高潞．以用．巴魕剌Kawlo．Iyun．Pacidal;吳秉叡;賴士葆;林德福;盧秀燕;谷辣斯．尤達卡Kolas Yotaka;陳亭妃;江啟臣;周陳秀霞;高金素梅;黃秀芳;蔣乃辛;羅明才;余宛如;林俊憲;陳歐珀;蔡易餘,
105/03/23,群賢樓801會議室,社會福利及衛生環境委員會,無,立法院第9屆第1會期社會福利及衛生環境委員會第8次全體委員會議,邀請衛生福利部、勞動部、原住民族委員會、教育部就「長照人力發展之困境與挑戰－改善照顧服務員薪資及勞動條件、精進服務模式、強化人才培育、滿足原鄉及偏遠地區長照需求，並檢視外籍看護工進用政策之利弊與未來展望」列席報告，並備質詢。,林靜儀;劉建國;吳焜裕;吳玉琴;鍾孔炤;李彥秀;洪慈庸;蔣萬安;陳宜民;陳瑩;王育敏;黃秀芳;林淑芬;高潞．以用．巴魕剌Kawlo．Iyun．Pacidal;楊曜;尤美女;王榮璋;王惠美;高金素梅;曾銘宗;林德福;鍾佳濱;徐永明;鄭運鵬;邱志偉;徐國勇;谷辣斯．尤達卡Kolas Yotaka;賴士葆;盧秀燕;管碧玲;陳明文;陳亭妃;江啟臣;周陳秀霞;孔文吉;羅明才;張麗善;蔣乃辛;陳歐珀;黃偉哲;廖國棟Sufin．Siluko;吳秉叡,
105/03/23,紅樓302會議室,司法及法制委員會,無,立法院第9屆第1會期司法及法制委員會第8次全體委員會議,3月23日（星期三）下午三、邀請考試院秘書長、考選部部長、銓敘部部長及公務人員保障暨培訓委員會主任委員列席報告業務概況及立法計畫，並備質詢。四、處理中華民國104及105年度中央政府總預算關於考選部預算凍結項目共2案。五、邀請行政院人事行政總處人事長率所屬列席報告業務概況，並備質詢。六、處理中華民國105年度中央政府總預算關於行政院人事行政總處及所屬預算凍結項目共1案。,林德福;林為洲;尤美女;周陳秀霞;許毓仁;周春米;段宜康;張宏陸;鍾佳濱;顧立雄;蔡易餘,
105/03/23,紅樓302會議室,司法及法制委員會,無,立法院第9屆第1會期司法及法制委員會第8次全體委員會議,3月23日（星期三）上午一、邀請司法院秘書長列席說明立法計畫，並備質詢。二、處理中華民國105年度中央政府總預算關於司法院預算凍結項目共5案。（討論事項第3案至第5案如經院會復議，則不予處理）,林德福;柯建銘;周陳秀霞;蔡易餘;周春米;許毓仁;尤美女;黃偉哲;徐永明;鍾佳濱;邱志偉;盧秀燕;賴士葆;王惠美;管碧玲;陳明文;陳亭妃;高金素梅;江啟臣;孔文吉;蔣乃辛;張麗善;顧立雄;鄭運鵬;陳歐珀;段宜康,
105/03/23,紅樓301會議室,外交及國防委員會,無,舉行「國軍老舊眷村改建條例」公聽會 ,舉行「國軍老舊眷村改建條例」公聽會 ,,
105/03/24,紅樓101會議室,經濟委員會,無,立法院第9屆第1會期經濟委員會第9次全體委員會議,審查105年度中央政府總預算案附屬單位預算營業部分關於經濟部主管：台灣自來水股份有限公司。（詢答）,林岱樺;邱議瑩;蘇治芬;陳明文;蘇震清;徐永明;邱志偉;黃偉哲;管碧玲;張麗善;王惠美;呂玉玲;林俊憲;廖國棟Sufin．Siluko;賴瑞隆;鍾佳濱;鄭運鵬;林德福;鄭天財Sra．Kacaw;徐榛蔚;顏寬恒;劉世芳;周陳秀霞;蕭美琴;陳亭妃;黃秀芳;谷辣斯．尤達卡Kolas Yotaka;江啟臣;許淑華;劉櫂豪;簡東明Uliw．Qaljupayare;蔣乃辛;吳志揚;賴士葆;李彥秀;李昆澤;陳歐珀,
105/03/24,紅樓201會議室,交通委員會,無,立法院第9屆第1會期交通委員會第5次全體委員會議,一、邀請交通部部長陳建宇列席就「具公共運輸性質汽車車輛（客車、計程車、校車…等）安全保障問題」提出報告，並備質詢；並請教育部次長及內政部警政署署長列席備詢。 二、審查委員葉宜津等23人擬具「公路法第六十三條條文修正草案」案。(以上2案合併詢答),鄭寶清;李昆澤;陳歐珀;顏寬恒;鄭天財Sra．Kacaw;陳素月;葉宜津;鄭運鵬;蕭美琴;林俊憲;趙正宇;李鴻鈞;劉櫂豪;簡東明Uliw．Qaljupayare;江啟臣;高潞．以用．巴魕剌Kawlo．Iyun．Pacidal;廖國棟Sufin．Siluko;賴瑞隆;邱志偉;徐榛蔚;鍾佳濱;周陳秀霞;黃偉哲;管碧玲;陳亭妃;張麗善;許淑華;林德福;蔣乃辛;賴士葆;呂玉玲;陳明文;徐永明,
105/03/24,群賢樓101會議室,教育及文化委員會,無,立法院第9屆第1會期教育及文化委員會第8次全體委員會議,繼續審查105年度中央政府總預算案關於行政院原子能委員會主管核子事故緊急應變基金附屬單位預算案。(處理),,
105/03/24,群賢樓801會議室,社會福利及衛生環境委員會,無,立法院第9屆第1會期社會福利及衛生環境委員會第9次全體委員會議,一、邀請勞動部就「通訊科技及國際勞動法制趨勢下，我國電傳勞動者及自僱工作者面臨之勞動條件問題、勞動權益維護措施及相關修法規劃」列席報告，並備質詢。 二、審查(一)本院委員王育敏等19人擬具「就業服務法第四十六條條文修正草案」、(二)親民黨黨團擬具「就業服務法第二十四條條文修正草案」、(三)親民黨黨團擬具「就業服務法第六十五條條文修正草案」等3案。,洪慈庸;陳宜民;吳焜裕;李彥秀;蔣萬安;鍾孔炤;吳玉琴;楊曜;陳瑩;黃秀芳;王育敏;林靜儀;鍾佳濱;李昆澤;廖國棟Sufin．Siluko;林淑芬;徐榛蔚;鄭天財Sra．Kacaw;林德福;顏寬恒;陳明文;徐永明;林俊憲;邱志偉;鄭運鵬;蕭美琴;周陳秀霞;黃偉哲;陳亭妃;劉建國;李鴻鈞;張麗善;劉櫂豪;簡東明Uliw．Qaljupayare;蔣乃辛;呂玉玲;管碧玲;王惠美;陳歐珀,
105/03/24,紅樓302會議室,司法及法制委員會,無,立法院第9屆第1會期司法及法制委員會第9次全體委員會議,3月24日（星期四）上午 一、繼續審查委員陳亭妃等21人擬具「立法院組織法部分條文修正草案」案。 二、繼續審查委員賴瑞隆等17人 擬具「立法院組織法部分條文修正草案」案。 三、繼續審查委員趙天麟等21人擬具「立法院組織法刪除第七條條文草案」案。 四、繼續審查時代力量黨團擬具「立法院組織法第三條及第五條條文修正草案」案。 五、審查委員尤美女等23人擬具「立法院組織法第三條及第十三條條文修正草案」案。 六、審查委員李昆澤等17人擬具「立法院組織法第三條及第五條條文修正草案」案。 七、審查委員劉世芳等21人擬具「立法院組織法第五條及第十六條條文修正草案」案。 八、審查委員林俊憲等21人擬具「立法院組織法部分條文修正草案」案。 九、審查國民黨黨團擬具「立法院組織法第三條及第十六條條文修正草案」案。 十、審查委員江啟臣等22人擬具「立法院組織法部分條文修正草案」案。 十一、繼續審查委員陳亭妃等21人擬具「立法院各委員會組織法第八條及第九條條文修正草案」案。 十二、繼續審查委員賴瑞隆等17人擬具「立法院各委員會組織法部分條文修正草案」案。 十三、繼續審查委員陳明文等26人擬具「立法院各委員會組織法部分條文修正草案」案。 十四、繼續審查時代力量黨團擬具「立法院各委員會組織法第八條及第九條條文修正草案」案。 十五、審查委員林俊憲等21人擬具「立法院各委員會組織法第八條及第九條條文修正草案」案。 十六、審查委員李俊俋等32人擬具「立法院各委員會組織法第九條及第十條之一條文修正草案」案。 十七、審查國民黨黨團擬具「立法院各委員會組織法第三條之四條文修正草案」案。 十八、繼續審查親民黨黨團擬具「立法院職權行使法第七十條及第七十一條之一條文修正草案」案。 十九、繼續審查親民黨黨團擬具「立法院職權行使法部分條文修正草案」案。 二十、繼續審查委員賴瑞隆等17人 擬具「立法院職權行使法第十五條之二及第四十五條條文修正草案」案。 二十一、繼續審查委員蘇巧慧等24人擬具「立法院職權行使法部分條文修正草案」案。 二十二、繼續審查時代力量黨團擬具「立法院職權行使法第七十條條文修正草案」案。 二十三、繼續審查時代力量黨團擬具「立法院職權行使法部分條文修正草案」案。 二十四、審查委員尤美女等24人擬具「立法院...,段宜康;周陳秀霞;許淑華;許毓仁;陳歐珀;林德福;鄭天財Sra．Kacaw;林為洲;尤美女;顏寬恒;顧立雄;鄭運鵬;陳明文;李彥秀;鍾佳濱;蕭美琴;徐永明;余宛如;黃偉哲;管碧玲;陳亭妃;張麗善;李俊俋;江啟臣;劉櫂豪;簡東明Uliw．Qaljupayare;蔣乃辛;賴士葆;呂玉玲;周春米;張宏陸;林俊憲;蔡易餘;徐榛蔚,
105/03/24,紅樓202會議室,內政委員會,無,立法院第9屆第1會期內政、司法及法制委員會,「政黨法草案」公聽會,,
105/03/28,紅樓301會議室,外交及國防委員會,無,立法院第9屆第1會期外交及國防委員會第9次全體委員會議,邀請國家安全局局長、外交部部長、行政院國土安全辦公室主任報告「從比利時恐怖攻擊事件看外籍人士滲透我國境內從事恐怖活動之防範及因應作為」，併請國防部、勞動部、內政部警政署及移民署、法務部調查局列席，並備質詢。,陳亭妃;羅致政;蔡適應;王定宇;江啟臣;劉世芳;呂玉玲;林昶佐;呂孫綾;徐志榮;陳明文;蔡易餘;賴瑞隆;許毓仁;孔文吉;徐榛蔚;廖國棟Sufin．Siluko;吳志揚;盧秀燕;賴士葆;黃昭順;邱志偉;蕭美琴;陳怡潔;陳歐珀;王惠美;黃偉哲;蔣乃辛;林俊憲;徐永明;鄭運鵬;周陳秀霞;簡東明Uliw．Qaljupayare;張麗善;顏寬恒;馬文君,
105/03/28,九樓大禮堂,財政委員會,無,立法院第9屆第1會期財政委員會第6次全體委員會議,105年3月28日（星期一）一、彙總整理提出「中華民國105年度中央政府總預算案附屬單位預算營業及非營業部分審查總報告草案」提報院會案。二、邀請金融監督管理委員會王主任委員儷玲就「目標可贖回遠期契約(TRF，Target Redemption Forward)」等結構型商品之發行與監理進行專題報告，並備質詢。,曾銘宗;吳秉叡;盧秀燕;黃國昌;賴士葆;余宛如;李應元;費鴻泰;林德福;陳賴素美;徐國勇;林俊憲;江啟臣;陳亭妃;劉櫂豪;鄭天財Sra．Kacaw;顏寬恒;黃偉哲;陳歐珀;徐榛蔚;徐永明;吳志揚;鄭運鵬;黃昭順;蕭美琴;蔣乃辛;陳怡潔;王惠美;王榮璋;呂玉玲;邱志偉;周陳秀霞;簡東明Uliw．Qaljupayare;何欣純;張麗善;羅明才;江永昌,
105/03/28,紅樓101會議室,經濟委員會,無,立法院第9屆第1會期經濟委員會第10次全體委員會議,審查105年度中央政府總預算案附屬單位預算營業部分關於經濟部主管：台灣糖業股份有限公司、台灣中油股份有限公司。(3月28日、30日、31日三天一次會),林岱樺;廖國棟Sufin．Siluko;黃偉哲;孔文吉;蘇治芬;蘇震清;徐永明;陳明文;管碧玲;王惠美;邱志偉;高志鵬;蔡培慧;徐榛蔚;吳志揚;林俊憲;曾銘宗;高潞．以用．巴魕剌Kawlo．Iyun．Pacidal;高金素梅;賴瑞隆;陳亭妃;蕭美琴;張麗善;林德福;鄭運鵬;江啟臣;李昆澤;賴士葆;黃昭順;鄭天財Sra．Kacaw;顏寬恒;陳歐珀;盧秀燕;劉櫂豪;王定宇;蔣乃辛;陳怡潔;呂玉玲;吳秉叡;蔡易餘;劉建國;陳賴素美;周陳秀霞;劉世芳;簡東明Uliw．Qaljupayare;何欣純;余宛如;羅明才;趙天麟,
105/03/28,紅樓302會議室,司法及法制委員會,無,立法院第9屆第1會期司法及法制委員會第10次全體委員會議,繼續審查司法院、行政院函請審議「刑事訴訟法部分條文修正草案」及「刑事訴訟法施行法增訂第七條之九條文草案」案。,,
105/03/28,紅樓202會議室,內政委員會,司法及法制委員會,立法院第9屆第1會期內政、司法及法制委員會第2次聯席會議,一、審查委員陳亭妃等20人擬具「地方制度法第四十四條條文修正草案」，請審議案。 二、審查民進黨黨團擬具「地方制度法第四十四條及第四十六條條文修正草案」案。 三、審查委員林俊憲等17人擬具「地方制度法第四十四條及第四十六條條文修正草案」案。,林德福;黃昭順;莊瑞雄;陳怡潔;蔡易餘;賴瑞隆;楊鎮浯;陳超明;鄭天財Sra．Kacaw;徐榛蔚;李俊俋;張宏陸;陳其邁;劉世芳;吳琪銘;林俊憲;許毓仁;高潞．以用．巴魕剌Kawlo．Iyun．Pacidal;柯建銘;黃偉哲;高金素梅;陳亭妃;周陳秀霞;孔文吉;鄭運鵬;廖國棟Sufin．Siluko;吳志揚;盧秀燕;賴士葆;徐永明;蕭美琴;陳明文;蔣乃辛;陳歐珀;王惠美;呂玉玲;邱志偉;周春米;簡東明Uliw．Qaljupayare;何欣純;張麗善;李昆澤;尤美女;谷辣斯．尤達卡Kolas Yotaka;顏寬恒;趙天麟,
105/03/28,群賢樓801會議室,社會福利及衛生環境委員會,無,立法院第9屆第1會期社會福利及衛生環境委員會第10次全體委員會議,（上午） 審查勞動部函為修正「勞動基準法施行細則」部分條文案。 （下午） 繼續審查中華民國105年度中央政府總預算案附屬單位預算有關勞動部主管非營業基金（預算處理）:   (一)作業基金—勞工保險局作業基金   (二)特別收入基金—就業安定基金   (三)信託基金:      1.勞工退休基金《舊制》      2.勞工退休基金《新制》      3.積欠工資墊償基金,洪慈庸;蔣萬安;鍾孔炤;吳焜裕;劉建國;陳宜民;陳曼麗;陳瑩;李彥秀;林靜儀;黃秀芳;林淑芬;吳玉琴;楊曜;蔡培慧;葉宜津;簡東明Uliw．Qaljupayare;賴士葆;盧秀燕;林德福;江啟臣;李昆澤;吳秉叡;黃偉哲;陳歐珀;劉櫂豪;陳亭妃;廖國棟Sufin．Siluko;徐榛蔚;徐永明;顏寬恒;吳志揚;鄭運鵬;黃昭順;蕭美琴;蔣乃辛;陳怡潔;王惠美;陳賴素美;林俊憲;呂玉玲;鄭天財Sra．Kacaw;邱志偉;周陳秀霞;王育敏;何欣純;張麗善;賴瑞隆,
105/03/28,群賢樓101會議室,教育及文化委員會,無,立法院第9屆第1會期教育及文化委員會第9次全體委員會議,繼續審查105年度中央政府總預算案關於文化部主管國立文化機構作業基金附屬單位預算案。(處理)(3月28日及3月31日2天一次會),,
105/03/28,紅樓201會議室,交通委員會,無,立法院第9屆第1會期交通委員會第6次全體委員會議,一、邀請交通部部長陳建宇就「花東地區交通建設現況及未來發展」列席報告，並備質詢。 二、審查委員徐榛蔚等21人擬具「花東快速道路建設特別條例草案」案。 三、審查委員徐榛蔚等22人擬具「台九線道路改善建設特別條例草案」案。(以上3案合併詢答),鄭寶清;陳歐珀;劉櫂豪;李昆澤;徐榛蔚;陳素月;顏寬恒;鄭運鵬;葉宜津;蕭美琴;鄭天財Sra．Kacaw;簡東明Uliw．Qaljupayare;林俊憲;李鴻鈞;高潞．以用．巴魕剌Kawlo．Iyun．Pacidal;廖國棟Sufin．Siluko;孔文吉;邱志偉;陳亭妃;陳雪生;吳志揚;盧秀燕;賴士葆;黃昭順;徐永明;陳怡潔;陳明文;蔣乃辛;王惠美;蔡易餘;賴瑞隆;呂玉玲;黃偉哲;周陳秀霞;劉世芳;陳賴素美;谷辣斯．尤達卡Kolas Yotaka;何欣純;張麗善;趙正宇,
105/03/29,紅樓201會議室,程序委員會,無,第9屆第1會期程序委員會第4次會議, 審定本院第9屆第1會期第7次會議議事日程及人民  請願案,蔡培慧,
105/03/30,紅樓101會議室,經濟委員會,無,立法院第9屆第1會期經濟委員會第10次全體委員會議,審查105年度中央政府總預算案附屬單位預算非營業部分關於行政院農業委員會主管：農業作業基金、農業特別收入基金。(3月28日、30日、31日三天一次會),廖國棟Sufin．Siluko;邱議瑩;王惠美;黃偉哲;蘇治芬;徐永明;高志鵬;陳明文;管碧玲;邱志偉;張麗善;孔文吉;蘇震清;蔡培慧;鄭天財Sra．Kacaw;賴瑞隆;盧秀燕;賴士葆;曾銘宗;陳歐珀;徐榛蔚;鄭運鵬;黃昭順;羅明才;黃秀芳;高潞．以用．巴魕剌Kawlo．Iyun．Pacidal;吳秉叡;林德福;林岱樺,
105/03/30,九樓大禮堂,內政委員會,財政委員會、司法及法制委員會,立法院第9屆第1會期內政、財政、司法及法制委員會第2次聯席會議,一、繼續審查委員葉宜津等30人擬具「不當黨產處理條例草案」案。二、繼續審查委員黃偉哲等19人擬具「不當黨產處理條例草案」案。三、繼續審查委員鄭寶清等42人擬具「政黨不當取得財產處理條例草案」案。四、繼續審查委員陳亭妃等20人擬具「政黨及其附隨組織取得財產清查及處理條例草案」案。五、繼續審查委員鄭運鵬等16人擬具「政黨不當取得財產處理條例草案」案。六、繼續審查委員高志鵬等21人擬具「政黨及其附隨組織取得財產清查及處理條例草案」案。七、繼續審查國民黨黨團擬具「政黨財產監督管理條例草案」案。八、審查委員林俊憲等17人擬具「不當黨產取得處置條例草案」案。九、審查委員賴瑞隆等18人擬具「政黨及其附隨組織取得財產清查及處理條例草案」案。十、審查時代力量黨團擬具「政黨及其附隨組織不當財產處理條例草案」案。（第9案及第10案，如經院會復議，則不予審查。）,黃國昌;徐國勇;段宜康;賴士葆;吳秉叡;莊瑞雄;許淑華;曾銘宗;黃昭順;林德福;陳怡潔;林麗蟬;柯建銘;賴瑞隆;陳瑩;徐榛蔚;張宏陸;李俊俋;陳超明;鄭天財Sra．Kacaw;蔡易餘;楊鎮浯;盧秀燕;谷辣斯．尤達卡Kolas Yotaka;顧立雄;周陳秀霞;洪宗熠;葉宜津;姚文智;廖國棟Sufin．Siluko;陳宜民;趙天麟;陳明文;尤美女;林昶佐;高潞．以用．巴魕剌Kawlo．Iyun．Pacidal;洪慈庸;邱議瑩;吳思瑤;柯志恩;吳志揚;陳賴素美;江啟臣;蔡適應;鄭寶清;顏寬恒;周春米;羅明才;鄭運鵬;邱志偉;劉櫂豪;徐永明;蘇巧慧;陳歐珀;王榮璋;李彥秀;蕭美琴;陳亭妃;林為洲;黃秀芳;管碧玲;高金素梅;黃偉哲;王惠美;陳雪生;林俊憲;何欣純;劉世芳;王定宇;李應元;李昆澤;許毓仁;費鴻泰;陳其邁;江永昌,
105/03/30,紅樓202會議室,財政委員會,無,立法院第9屆第1會期財政委員會第7次全體委員會議,105年3月30日（星期三）一、審查本院委員黃昭順等21人擬具「證券交易法增訂第十四條之七條文草案」案。二、審查本院委員劉建國等17人擬具「證券交易法增訂第十四條之七條文草案」案。(本案如經院會復議，則不予審查)。,曾銘宗;吳秉叡;盧秀燕;黃國昌;賴士葆;費鴻泰;李應元;林德福;徐國勇;陳賴素美;廖國棟Sufin．Siluko;黃偉哲;鄭天財Sra．Kacaw;陳歐珀;鄭運鵬;徐永明;黃昭順;陳亭妃;管碧玲;邱志偉;李俊俋;陳明文;孔文吉;張麗善;江永昌;羅明才,
105/03/30,群賢樓801會議室,社會福利及衛生環境委員會,無,立法院第9屆第1會期社會福利及衛生環境委員會第11次全體委員會議,（3月30日上午） 審查(一) 本院委員林淑芬等18人擬具「空氣污染防制法部分條文修正草案」、(二) 委員何欣純等23人擬具「空氣污染防制法部分條文修正草案」、(三) 委員蘇治芬等22人「空氣污染防制法第十二條及第二十八條條文修正草案」、(四) 委員賴士葆等19人擬具「空氣污染防制法第五十六條及第五十六條之一條文修正草案」等4案（詢答）。 （3月30日下午） 繼續審查中華民國105年度中央政府總預算案附屬單位預算有關行政院環境保護署主管非營業基金（預算處理）:   (一)特別收入基金─環境保護基金   (二)信託基金:      1.資源回收管理基金─信託基金部分      2.清潔人員執行職務死亡濟助基金 （3月31日） (一)審查行政院函送財團法人國家衛生研究院105年度工作計畫及收支預算書案(預算詢答及處理)。 (二)審查衛生福利部主管財團法人105年度預算書案：1.醫藥品查驗中心、2.醫院評鑑暨醫療品質策進會、3.器官捐贈移植登錄中心、4.藥害救濟基金會、5.鄒濟勳醫學研究發展基金會、6.惠眾醫療救濟基金會、7.賑災基金會、8.婦女權益促進發展基金會、9.醫療財團法人病理發展基金會。(預算詢答及處理) (三)審查行政院環境保護署主管財團法人105年度預算書案:1.環境資源研究發展基金會、2.環境與發展基金會。(預算詢答及處理) (四)邀請衛生福利部就「該部主管財團法人兼善醫學基金會、毒藥物防治發展基金會、鄭德齡醫學發展基金會、國光慈善事業基金會、中華民國寄生蟲防治會、微窗醫學基金會等6家財團法人105年度營運及資金運用計畫」列席報告，並備質詢。,蔣萬安;洪慈庸;林靜儀;吳焜裕;劉建國;吳玉琴;吳玉琴;陳宜民;陳曼麗;陳瑩;鍾孔炤;李彥秀;黃秀芳;林淑芬;王育敏;李昆澤;許毓仁;賴瑞隆;鄭天財Sra．Kacaw;徐榛蔚;廖國棟Sufin．Siluko;盧秀燕;邱志偉;陳歐珀;賴士葆;徐永明;陳亭妃;黃昭順;李應元;羅明才;吳秉叡;管碧玲;陳明文;黃偉哲;張麗善;孔文吉;鄭運鵬;陳賴素美;王惠美;葉宜津,
105/03/31,群賢樓101會議室,教育及文化委員會,無,立法院第9屆第1會期教育及文化委員會第9次全體委員會議,(下午)邀請中央研究院院長列席報告業務概況，並備質詢。(3月28日及3月31日2天一次會),,
105/03/31,群賢樓101會議室,教育及文化委員會,無,立法院第9屆第1會期教育及文化委員會第9次全體委員會議,(上午)繼續審查105年度中央政府總預算案關於國立故宮博物院主管故宮文物藝術發展基金附屬單位預算案。(處理)(3月28日及3月31日2天一次會),,
105/03/31,九樓大禮堂,社會福利及衛生環境委員會,無,立法院第9屆第1會期社會福利及衛生環境委員會第11次全體委員會議,(3月31日)(一)審查行政院函送財團法人國家衛生研究院105年度工作計畫及收支預算書案(預算詢答及處理)。 (二)審查衛生福利部主管財團法人105年度預算書案：1.醫藥品查驗中心、2.醫院評鑑暨醫療品質策進會、3.器官捐贈移植登錄中心、4.藥害救濟基金會、5.鄒濟勳醫學研究發展基金會、6.惠眾醫療救濟基金會、7.賑災基金會、8.婦女權益促進發展基金會、9.醫療財團法人病理發展基金會。(預算詢答及處理) (三)審查行政院環境保護署主管財團法人105年度預算書案:1.環境資源研究發展基金會、2.環境與發展基金會。(預算詢答及處理) (四)邀請衛生福利部就「該部主管財團法人兼善醫學基金會、毒藥物防治發展基金會、鄭德齡醫學發展基金會、國光慈善事業基金會、中華民國寄生蟲防治會、微窗醫學基金會等6家財團法人105年度營運及資金運用計畫」列席報告，並備質詢。,洪慈庸;林靜儀;吳玉琴;陳曼麗;蔣萬安;陳瑩;陳宜民;鍾孔炤;黃秀芳;吳焜裕;李彥秀;王育敏;楊曜;鄭天財Sra．Kacaw;鍾佳濱;廖國棟Sufin．Siluko;林麗蟬;徐榛蔚;徐永明;黃偉哲;陳亭妃;賴士葆;林俊憲;陳歐珀;黃昭順;呂玉玲;蔣乃辛;蘇治芬;林淑芬,
105/03/31,紅樓301會議室,外交及國防委員會,無,立法院第9屆第1會期外交及國防委員會第10次全體委員會議,邀請國防部部長、外交部部長報告「我國漁船遭印尼武裝射擊事件與南海情勢發展對我主權領土安全之國防挑戰及外交因應」，併請國家安全局、行政院海岸巡防署、行政院農業委員會漁業署列席，並備質詢。,林昶佐;羅致政;蔡適應;劉世芳;王定宇;江啟臣;陳亭妃;呂孫綾;呂玉玲;徐榛蔚;黃昭順;莊瑞雄;孔文吉;林俊憲;陳怡潔;徐永明;黃偉哲;鄭天財Sra．Kacaw;賴士葆;姚文智;陳歐珀;鍾佳濱;廖國棟Sufin．Siluko;賴瑞隆;蔣乃辛,
105/03/31,紅樓101會議室,經濟委員會,無,立法院第9屆第1會期經濟委員會第10次全體委員會議,繼續審查105年度中央政府總預算案附屬單位預算營業部分關於經濟部主管：台灣糖業股份有限公司、台灣中油股份有限公司。(3月28日、30日、31日三天一次會),林岱樺;廖國棟Sufin．Siluko;黃偉哲;孔文吉;蘇治芬;蘇震清;徐永明;陳明文;管碧玲;王惠美;邱志偉;高志鵬;林俊憲;吳志揚;高金素梅;賴瑞隆;曾銘宗;蕭美琴;黃昭順;余宛如;陳亭妃;蔡培慧;張麗善;林德福;陳歐珀;江啟臣;李昆澤;賴士葆;徐榛蔚;鄭天財Sra．Kacaw;顏寬恒;劉世芳;盧秀燕;劉櫂豪;王定宇;蔣乃辛;陳怡潔;呂玉玲;吳秉叡;蔡易餘;劉建國;陳賴素美;周陳秀霞;鄭運鵬;簡東明Uliw．Qaljupayare;何欣純;高潞．以用．巴魕剌Kawlo．Iyun．Pacidal;羅明才;趙天麟,
105/03/31,紅樓302會議室,司法及法制委員會,無,立法院第9屆第1會期司法及法制委員會第11次全體委員會議,繼續併案審查(一)行政院函請審議「公職人員利益衝突迴避法修正草案」、(二)委員高志鵬等23人擬具「公職人員利益衝突迴避法部分條文修正草案」、(三) 國民黨黨團擬具「公職人員利益衝突迴避法第二條及第三條條文修正草案」案。【第(二)案及第(三)案如經院會復議，則不予審查】。,,
105/03/31,紅樓202會議室,內政委員會,無,立法院第9屆第1會期內政委員會第5次全體委員會議,邀請內政部部長陳威仁就「隨機殺人事件處理及預防對策」提出專題報告，另請衛生福利部、教育部、法務部派員列席備詢。一、審查行政院函請審議「殯葬管理條例第八條條文修正草案」案。二、審查行政院函請審議「人口販運防制法第二條、第四條及第二十條條文修正草案」案。三、審查行政院函請審議「社會秩序維護法第十八條之一及第九十一條之一條文修正草案」案。四、審查行政院函請審議「警察服制條例第五條條文修正草案」案。五、審查委員林俊憲等18人擬具「公職人員選舉罷免法部分條文修正草案」案。六、審查委員李俊俋等25人擬具「公職人員選舉罷免法部分條文修正草案」案。七、審查時代力量黨團擬具「公職人員選舉罷免法部分條文修正草案」案。八、繼續併案審查：（一）委員高志鵬等20人擬具「公職人員選舉罷免法部分條文修正草案」案。（二）委員李昆澤等17人擬具「公職人員選舉罷免法部分條文修正草案」案。（三）委員徐國勇等32人擬具「公職人員選舉罷免法部分條文修正草案」案。（四）委員王定宇等18人擬具「公職人員選舉罷免法部分條文修正草案」案。（第6案，如經院會復議，則不予審查；第7案，如未經本院各黨團達成不復議之共識，致未能完成法定付委程序，則不予審查。）,黃昭順;莊瑞雄;洪宗熠;陳怡潔;李俊俋;徐榛蔚;賴瑞隆;林麗蟬;葉宜津;姚文智;趙天麟;谷辣斯．尤達卡Kolas Yotaka;林德福;柯志恩;鄭天財Sra．Kacaw;呂玉玲;吳琪銘;陳其邁;江啟臣;黃國昌;尤美女;蔡易餘;林俊憲;陳亭妃;賴士葆;鍾孔炤;張宏陸;陳歐珀;林靜儀;黃偉哲;廖國棟Sufin．Siluko;陳瑩;孔文吉;徐永明;周陳秀霞;鍾佳濱;陳超明;邱議瑩,
105/03/31,群賢樓801會議室,財政委員會,無,立法院第9屆第1會期財政委員會第一次,召開「保險法第一百零七條條文修正草案」案公聽會,,
105/03/31,紅樓302會議室,司法及法制委員會,無,立法院第9屆第1會期司法及法制委員會第11次全體委員會議,併案審查(一)委員徐志榮等18人擬具「中華民國刑法第七十七條及第二百七十二條之一條文修正草案」、(二)委員王育敏等18人擬具「中華民國刑法增訂第二百七十一條之一條文修正草案」案。,林德福;許淑華;段宜康;張宏陸;王惠美;蔡易餘;周陳秀霞;顧立雄;周春米;李彥秀;王育敏;柯志恩;林靜儀;李應元;林為洲;林俊憲;江啟臣;莊瑞雄;徐榛蔚;柯建銘;尤美女,
105/04/06,群賢樓801會議室,社會福利及衛生環境委員會,無,立法院第9屆第1會期社會福利及衛生環境委員會第12次全體委員會議,邀請衛生福利部、內政部、法務部、教育部、國家通訊傳播委員會就「從校園及社區安全維護、毒品防制、藥酒癮戒治、充實精神醫療體系、兒童人身安全及家庭教育、媒體自律報導、建立高危險群預警篩檢關懷機制，探究殺童悲劇之防治對策及相關修法規劃」列席報告，並備質詢。,劉建國;洪慈庸;吳玉琴;吳焜裕;陳宜民;鍾孔炤;陳曼麗;蔣萬安;陳瑩;李彥秀;王育敏;黃秀芳;林靜儀;楊曜;蕭美琴;柯志恩;鍾佳濱;盧秀燕;管碧玲;徐永明;廖國棟Sufin．Siluko;黃偉哲;陳歐珀;林麗蟬;李昆澤;鄭運鵬;吳秉叡;鄭天財Sra．Kacaw;江啟臣;許毓仁;王惠美;陳怡潔;陳亭妃;張麗善;林俊憲;賴瑞隆;邱志偉;簡東明Uliw．Qaljupayare;高金素梅;呂玉玲;賴士葆;姚文智;林淑芬;尤美女;高潞．以用．巴魕剌Kawlo．Iyun．Pacidal;廖國棟Sufin．Siluko,
105/04/06,紅樓302會議室,司法及法制委員會,無,立法院第9屆第1會期司法及法制委員會第12次全體委員會議,繼續併案審查(一)民進黨黨團擬具「總統職務交接條例草案」、(二)委員李應元等17人擬具「總統職務交接條例草案」、(三)時代力量黨團擬具「總統、副總統交接條例草案」、(四)親民黨黨團擬具「總統交接條例草案」、(五)國民黨黨團擬具「總統副總統職務交接條例草案」、(六)委員李俊俋等28人擬具「總統職務交接條例草案」、(七)委員賴瑞隆等16人擬具「總統職務交接條例草案」、(八)委員趙天麟等16人擬具「總統交接條例草案」案。,,
105/04/06,紅樓101會議室,經濟委員會,無,立法院第9屆第1會期經濟委員會第11次全體委員會議,一、審查行政院函請審議「商業登記法部分條文修正草案」案。二、審查行政院函請審議「農業科技園區設置管理條例部分條文修正草案」案。三、處理105年度經濟部及所屬預算凍結案等10案。(4月6日、7日二天一次會),林岱樺;黃偉哲;廖國棟Sufin．Siluko;孔文吉;管碧玲;徐永明;蘇治芬;王惠美;張麗善;蘇震清;邱志偉;賴瑞隆;高志鵬;余宛如;李昆澤;鍾佳濱;鄭天財Sra．Kacaw;江啟臣;盧秀燕;陳歐珀;鄭運鵬;林德福;蔣乃辛;陳亭妃;葉宜津;林俊憲;賴士葆;黃昭順;羅明才;簡東明Uliw．Qaljupayare;蔡易餘;陳怡潔;吳秉叡;高金素梅;劉世芳;呂玉玲;柯志恩;姚文智;顏寬恒,
105/04/06,紅樓301會議室,外交及國防委員會,社會福利及衛生環境委員會,立法院第9屆第1會期外交及國防、社會福利及衛生環境委員會第1次聯席會議,一、審查行政院函請審議我國擬加入聯合國「身心障礙者權利公約」案。 二、審查行政院函請審議我國擬加入聯合國「兒童權利公約」案。 三、審查外交部函為修正「護照條例施行細則」案。,羅致政;蔡適應;江啟臣;陳亭妃;劉世芳;陳宜民;王榮璋;王定宇;林昶佐;劉建國;李彥秀;王育敏;尤美女;蔣萬安;黃秀芳;呂玉玲;吳焜裕;馬文君;鍾佳濱;顧立雄;鍾孔炤;管碧玲;陳歐珀;鄭運鵬;孔文吉;高潞．以用．巴魕剌Kawlo．Iyun．Pacidal;盧秀燕;蕭美琴;徐永明;林德福;廖國棟Sufin．Siluko;蔣乃辛;王惠美;賴士葆;陳怡潔;林俊憲;黃昭順;邱志偉;張麗善;簡東明Uliw．Qaljupayare;高金素梅;姚文智;陳瑩;鄭天財Sra．Kacaw;陳曼麗;林淑芬;洪慈庸;黃偉哲,
105/04/06,紅樓201會議室,交通委員會,無,立法院第9屆第1會期交通委員會第7次全體委員會議,一、邀請交通部部長陳建宇、國家通訊傳播委員會主任委員石世豪就「主管財團法人績效」列席報告，並備質詢。 二、繼續審查交通部函送該部主管財團法人台灣郵政協會、財團法人台灣電信協會、財團法人台灣網路資訊中心、財團法人中華顧問工程司、財團法人中華航空事業發展基金會暨財團法人台灣敦睦聯誼會103年度決算書案。 三、繼續審查交通部函送該部主管財團法人台灣郵政協會、財團法人台灣電信協會、財團法人台灣網路資訊中心、財團法人中華顧問工程司、財團法人中華航空事業發展基金會暨財團法人台灣敦睦聯誼會105年度預算書及相關資料案。 四、繼續審查國家通訊傳播委員會函送財團法人電信技術中心103年度決算書案。 五、繼續審查國家通訊傳播委員會函送財團法人電信技術中心105年度預算書案。(第二至五案業已詢答完畢)(4月6日及7日二天一次會),鄭寶清;蕭美琴;鄭運鵬;陳素月;陳歐珀;鄭天財Sra．Kacaw;李昆澤;葉宜津;林俊憲;簡東明Uliw．Qaljupayare;趙正宇;黃偉哲;谷辣斯．尤達卡Kolas Yotaka;高金素梅;孔文吉;鍾佳濱;江啟臣;林德福;徐永明;盧秀燕;蔣乃辛;廖國棟Sufin．Siluko;李彥秀;陳怡潔;王惠美;陳亭妃;賴士葆;賴瑞隆;邱志偉;黃昭順;張麗善;劉世芳;莊瑞雄;呂玉玲;管碧玲;林為洲;顏寬恒;姚文智,
105/04/06,紅樓202會議室,內政委員會,無,立法院第9屆第1會期內政委員會第6次全體委員會議, 一、審查行政院函請審議「住宅法第十二條之一及第五十四條條文修正草案」案。二、審查本院委員尤美女等23人擬具「住宅法部分條文修正草案」案。三、審查本院委員顏寬恒等17人擬具「住宅法第六條、第十二條之一及第五十四條條文修正草案」案。四、審查本院委員鄭麗君等29人擬具「住宅法第三條條文修正草案」案。五、審查本院委員黃昭順等21人擬具「土地法第二十五條條文修正草案」案。六、審查本院委員陳素月等19人擬具「土地法第十四條條文修正草案」案。七、審查本院委員鍾佳濱等17人擬具「土地法第十六條條文修正草案」案。八、審查本院委員陳超明等21人擬具「營造業法第七條條文修正草案」案。,莊瑞雄;陳怡潔;賴瑞隆;林麗蟬;李俊俋;黃昭順;陳超明;洪宗熠;鍾佳濱;鄭天財Sra．Kacaw;陳其邁;尤美女;吳玉琴;管碧玲;孔文吉;趙天麟;鄭運鵬;江啟臣;蕭美琴;林德福;徐永明;盧秀燕;廖國棟Sufin．Siluko;李彥秀;蔣乃辛;王惠美;陳亭妃;賴士葆;林俊憲;葉宜津;邱志偉;陳歐珀;張麗善;簡東明Uliw．Qaljupayare;高金素梅;呂玉玲;林為洲;姚文智;鄭麗君;劉世芳;顏寬恒;黃偉哲,
105/04/06,群賢樓101會議室,程序委員會,無,第9屆第1會期程序委員會第5次會議, 審定本院第9屆第1會期第8次會議議事日程及人民  請願案,陳曼麗,
105/04/06,九樓大禮堂,財政委員會,無,立法院第9屆第1會期財政委員會第8次全體委員會議,105年4月6日（星期三）處理105年度中央政府總預算案有關財政部主管、審計部主管預算凍結請安排報告案計13案。(105年4月6日及4月7日【兩天一次會】),曾銘宗;黃國昌;盧秀燕;吳秉叡;徐國勇;賴士葆;余宛如;李應元;江永昌;費鴻泰;陳賴素美;顏寬恒;林德福;徐永明;鄭天財Sra．Kacaw;黃偉哲;陳歐珀;管碧玲;江啟臣;鄭運鵬;蕭美琴;李彥秀;王惠美;陳怡潔;張麗善;陳亭妃;林俊憲;邱志偉;簡東明Uliw．Qaljupayare;高金素梅;呂玉玲;姚文智;王榮璋;羅明才,
105/04/07,紅樓101會議室,經濟委員會,無,立法院第9屆第1會期經濟委員會第11次全體委員會議,一、審查行政院函請審議「自來水法部分條文修正草案」案。二、繼續審查105年度中央政府總預算案附屬單位預算營業部分關於經濟部主管：台灣自來水股份有限公司。（處理）(4月6日、7日二天一次會),黃偉哲;孔文吉;徐永明;蘇治芬;管碧玲;陳明文;邱志偉;蘇震清;廖國棟Sufin．Siluko;王惠美;鄭天財Sra．Kacaw;陳曼麗;賴士葆;蕭美琴;吳志揚;鍾佳濱;劉櫂豪;李彥秀;盧秀燕;劉建國;林俊憲;鄭運鵬;顏寬恒;陳歐珀;吳思瑤;簡東明Uliw．Qaljupayare;周陳秀霞;黃昭順;何欣純;羅明才;趙正宇;李昆澤;邱議瑩,
105/04/07,群賢樓101會議室,教育及文化委員會,無,立法院第9屆第1會期教育及文化委員會第10次全體委員會議, 105年4月7日（星期四）一、邀請教育部部長及衛生福利部部長就「陽明大學附設醫院擴充及後續經營」專題報告，並備質詢。二、邀請教育部部長及衛生福利部部長就「醫學系公費生制度規劃」專題報告，並備質詢。三、審查委員黃國書等20人擬具「高級中等教育法第二十五條及第五十三條條文修正草案」案。四、審查委員蔣乃辛等22人擬具「國民體育法第四條條文修正草案」案。五、審查委員黃國書等20人擬具「國民體育法第八條條文修正草案」案。六、審查委員黃國書等19人擬具「國民體育法第十八條條文修正草案」案。七、審查委員張廖萬堅等18人擬具「高級中等學校建教合作實施及建教生權益保障法第十七條、第二十一條及第三十二條條文修正草案」案。八、審查委員陳明文等18人擬具「國民教育法第十條條文修正草案」案。【本案如經院會復議，則不予審查】九、審查行政院函請審議廢止「職業學校法」案。十、審查行政院函請審議廢止「高級中學法」案。,吳思瑤;蘇巧慧;高金素梅;許智傑;柯志恩;吳志揚;徐永明;張廖萬堅;黃國書;鍾佳濱;蔣乃辛;鄭麗君;何欣純;陳學聖;陳宜民;陳歐珀;吳焜裕;鄭天財Sra．Kacaw;林靜儀;林德福;鄭運鵬;劉建國;陳明文;孔文吉;盧秀燕;李彥秀;高潞．以用．巴魕剌Kawlo．Iyun．Pacidal;李昆澤;劉櫂豪;賴士葆;林俊憲;黃偉哲;顏寬恒;簡東明Uliw．Qaljupayare;邱志偉;周陳秀霞;黃昭順;羅明才;廖國棟Sufin．Siluko;蕭美琴;葉宜津,
105/04/07,九樓大禮堂,財政委員會,無,立法院第9屆第1會期財政委員會第8次全體委員會議,105年4月7日（星期四）審查行政院函請審議「海關進口稅則部分稅則修正草案」案。(105年4月6日及4月7日【兩天一次會】),曾銘宗;吳秉叡;黃國昌;賴士葆;盧秀燕;徐國勇;陳賴素美;廖國棟Sufin．Siluko;管碧玲;林德福;吳志揚;鄭天財Sra．Kacaw;李彥秀;黃偉哲;鄭運鵬;陳歐珀;顏寬恒;林俊憲;徐永明;蔣乃辛;劉櫂豪;吳思瑤;邱志偉;何欣純;黃昭順;蕭美琴;羅明才;江永昌,
105/04/07,紅樓202會議室,內政委員會,無,立法院第9屆第1會期內政、司法及法制委員會,「地方制度法與公職人員選舉罷免法」公聽會,,
105/04/07,群賢樓801會議室,社會福利及衛生環境委員會,無,立法院第9屆第1會期社會福利及衛生環境委員會第13次全體委員會議,邀請衛生福利部、中央研究院、行政院科技會報辦公室、經濟部、科技部、財團法人國家衛生研究院、財團法人醫藥品查驗中心、金融監督管理委員會就「我國新藥與疫苗研究開發、上市流程及相關法規之妥適性」列席報告，並備質詢。,林靜儀;吳焜裕;劉建國;王育敏;洪慈庸;陳曼麗;鍾孔炤;吳玉琴;李彥秀;陳宜民;蔣萬安;陳瑩;黃秀芳;楊曜;管碧玲;吳秉叡;林俊憲;賴士葆;盧秀燕;曾銘宗;吳志揚;鄭天財Sra．Kacaw;顏寬恒;蕭美琴;黃偉哲;陳歐珀;鄭運鵬;鍾佳濱;徐永明;蔣乃辛;劉櫂豪;吳思瑤;周陳秀霞;邱志偉;何欣純;黃昭順;羅明才;李昆澤;廖國棟Sufin．Siluko;林淑芬,
105/04/07,紅樓302會議室,司法及法制委員會,無,立法院第9屆第1會期司法及法制委員會第13次全體委員會議,併案審查(一)委員賴士葆等19人擬具「公務人員退休法第二十一條、第二十三條及第二十四條之一條文修正草案」及(二)民進黨黨團擬具「公務人員退休法第二十一條、第二十三條及第二十四條之一條文修正草案」案。,林德福;許淑華;張宏陸;周陳秀霞;段宜康;顧立雄;尤美女;周春米;邱志偉,
105/04/07,紅樓302會議室,司法及法制委員會,經濟委員會,立法院第9屆第1會期司法及法制、經濟委員會第1次聯席會議,審查行政院函請審議「農田水利會組織通則部分條文修正草案」案。(本案如經院會復議，則不予審查。),柯建銘;林德福;段宜康;黃偉哲;顧立雄;徐永明;孔文吉;蘇治芬;蔡易餘;周陳秀霞;周春米;邱志偉;蘇震清;許淑華;張宏陸;林為洲;黃國昌;許毓仁;鄭運鵬;顏寬恒;林俊憲;李昆澤;陳歐珀;劉櫂豪;鍾佳濱;賴士葆;盧秀燕;吳志揚;蔣乃辛;吳思瑤;簡東明Uliw．Qaljupayare;羅明才;王惠美;陳明文;廖國棟Sufin．Siluko;尤美女;鄭天財Sra．Kacaw,
105/04/07,紅樓201會議室,交通委員會,無,立法院第9屆第1會期交通委員會第7次全體委員會議,邀請交通部部長陳建宇就「台灣觀光面臨困境及發展之道」列席報告，並備質詢；並請國家安全局及外交部就「有關外國人觀光簽證開放情形」列席備詢。(4月6日及7日二天一次會),鄭寶清;劉櫂豪;鄭運鵬;李昆澤;陳素月;鄭天財Sra．Kacaw;顏寬恒;林俊憲;陳歐珀;簡東明Uliw．Qaljupayare;陳明文;蕭美琴;趙正宇;葉宜津;王惠美;高潞．以用．巴魕剌Kawlo．Iyun．Pacidal;陳曼麗;邱志偉;徐永明;許毓仁;孔文吉;吳志揚;李彥秀;蔣乃辛;吳思瑤;蔡易餘;周陳秀霞;鍾佳濱;何欣純;羅明才;賴士葆;廖國棟Sufin．Siluko;黃偉哲;谷辣斯．尤達卡Kolas Yotaka;盧秀燕,
105/04/11,群賢樓801會議室,社會福利及衛生環境委員會,無,立法院第9屆第1會期社會福利及衛生環境委員會第14次全體委員會議,一、審查本院委員林淑芬等21人擬具「廢棄物清理法部分條文修正草案」。(詢答) 二、審查本院委員林淑芬等22人擬具「廢棄物減量及循環利用法草案」。(詢答),洪慈庸;吳玉琴;劉建國;吳焜裕;陳宜民;陳曼麗;李彥秀;陳瑩;鍾孔炤;蔣萬安;黃秀芳;王育敏;林靜儀;楊曜;李昆澤;王榮璋;鄭天財Sra．Kacaw;賴士葆;吳秉叡;曾銘宗;江啟臣;陳歐珀;黃偉哲;蕭美琴;鄭運鵬;鍾佳濱;林德福;簡東明Uliw．Qaljupayare;顏寬恒;陳明文;管碧玲;徐永明;羅明才;蔣乃辛;盧秀燕;何欣純;邱志偉;林俊憲;賴瑞隆;徐榛蔚;周陳秀霞;高金素梅;呂玉玲;陳賴素美;林淑芬;黃昭順,
105/04/11,紅樓301會議室,外交及國防委員會,無,立法院第9屆第1會期外交及國防委員會第11次全體委員會議,一、審查行政院函請審議「兵役法第十七條、第四十一條及第四十四條條文修正草案」案。 二、審查本院委員顏寬恒等20人擬具「兵役法第十八條條文修正草案」案。 三、審查本院委員邱志偉等25人擬具「兵役法第三十七條條文修正草案」案。 四、審查本院委員江啟臣等17人擬具「軍人撫卹條例第七條條文修正草案」案。 五、審查本院委員江啟臣等17人擬具「軍人撫卹條例第三十三條條文修正草案」案。,陳亭妃;蔡適應;江啟臣;羅致政;馬文君;劉世芳;鍾佳濱;呂玉玲;林昶佐;林德福;陳歐珀;鄭運鵬;黃偉哲;顏寬恒;陳明文;簡東明Uliw．Qaljupayare;徐永明;管碧玲;賴士葆;蕭美琴;李彥秀;蔣乃辛;林俊憲;賴瑞隆;盧秀燕;邱志偉;徐榛蔚;黃昭順;周陳秀霞;高金素梅,
105/04/11,紅樓302會議室,司法及法制委員會,無,立法院第9屆第1會期司法及法制委員會第14次全體委員會議,審查委員賴士葆等20人擬具「兒童網路個人資料保護法草案」案。,林德福;段宜康;蔡易餘;周陳秀霞;張宏陸;許淑華;許毓仁;柯建銘;林為洲;尤美女;鍾佳濱;陳歐珀;鄭運鵬;顏寬恒;黃偉哲;簡東明Uliw．Qaljupayare;徐永明;陳明文;管碧玲;賴士葆;蕭美琴;陳亭妃;蔣乃辛;林俊憲;賴瑞隆;盧秀燕;邱志偉;徐榛蔚;馬文君;黃昭順;劉世芳;高金素梅;呂玉玲;顧立雄,
105/04/11,紅樓201會議室,交通委員會,司法及法制委員會,立法院第9屆第1會期交通、司法及法制委員會第1次聯席會議,一、審查行政院函請審議「中華郵政股份有限公司設置條例第五條、第八條之一及第十六條條文修正草案」、「國營國際機場園區股份有限公司設置條例部分條文修正草案」暨「國營港務股份有限公司設置條例第四條、第八條之一及第二十二條條文修正草案」案。 二、審查委員賴士葆等23人擬具「國營國際機場園區股份有限公司設置條例第四條、第六條及第八條之一條文修正草案」案。(以上2案合併詢答),鄭寶清;鄭運鵬;陳歐珀;葉宜津;李昆澤;顏寬恒;陳素月;鄭天財Sra．Kacaw;曾銘宗;蕭美琴;簡東明Uliw．Qaljupayare;林俊憲;李鴻鈞;張宏陸;許淑華;劉櫂豪;尤美女;趙正宇;陳雪生;蔡易餘;賴瑞隆;鍾佳濱;陳明文;徐永明;管碧玲;高潞．以用．巴魕剌Kawlo．Iyun．Pacidal;賴士葆;李彥秀;羅明才;陳亭妃;蔣乃辛;蔡適應;盧秀燕;徐榛蔚;顧立雄;林德福;黃昭順;何欣純;高金素梅;呂玉玲;黃偉哲;周陳秀霞;邱志偉,
105/04/11,紅樓202會議室,內政委員會,無,立法院第9屆第1會期內政委員會第7次全體委員會議,一、繼續併案審查： （一）委員高志鵬等20人擬具「公職人員選舉罷免法部分條文修正草案」案。 （二）委員李昆澤等17人擬具「公職人員選舉罷免法部分條文修正草案」案。 （三）委員徐國勇等32人擬具「公職人員選舉罷免法部分條文修正草案」案。 （四）委員王定宇等18人擬具「公職人員選舉罷免法部分條文修正草案」案。 二、繼續審查委員林俊憲等18人擬具「公職人員選舉罷免法部分條文修正草案」案。 三、繼續審查委員李俊俋等25人擬具「公職人員選舉罷免法部分條文修正草案」案。 四、審查時代力量黨團擬具「公職人員選舉罷免法部分條文修正草案」案。（4月11日及13日，二天一次會）,,
105/04/11,九樓大禮堂,財政委員會,內政委員會,立法院第9屆第1會期財政、內政委員會第1次聯席會議,105年4月11日（星期一）審查「中華民國103年度中央政府總決算審核報告（含附屬單位決算及綜計表）案」關於行政院、中央選舉委員會及所屬、大陸委員會、原住民族委員會、文化園區管理局、客家委員會及所屬、內政部主管、蒙藏委員會、海岸巡防署主管、臺灣省政府、臺灣省諮議會、福建省政府(含附屬單位決算非營業特種基金部分、政府捐助成立財團法人)。,曾銘宗;吳秉叡;黃國昌;賴士葆;盧秀燕;王榮璋;李應元;陳賴素美;徐榛蔚;賴瑞隆;鄭天財Sra．Kacaw;費鴻泰;羅明才;林德福;谷辣斯．尤達卡Kolas Yotaka;徐國勇;江啟臣;高金素梅;鄭運鵬;余宛如;黃偉哲;陳超明;李彥秀;蕭美琴;陳明文;管碧玲;徐永明;簡東明Uliw．Qaljupayare;陳瑩;蔣乃辛;何欣純;邱志偉;林俊憲;周陳秀霞;陳歐珀;呂玉玲;趙天麟;鍾佳濱;江永昌,
105/04/11,紅樓101會議室,經濟委員會,無,立法院第9屆第1會期經濟委員會第12次全體委員會議,一、邀請行政院農業委員會主任委員就「植樹造林計畫推動現況、檢討及未來規劃」進行報告，並備質詢。二、處理105年度行政院農業委員會及所屬預算凍結等5案。三、處理105年度公平交易委員會預算凍結等2案。,林岱樺;邱議瑩;王惠美;陳明文;黃偉哲;徐永明;管碧玲;蘇震清;邱志偉;高志鵬;鄭寶清;蕭美琴;江啟臣;高潞．以用．巴魕剌Kawlo．Iyun．Pacidal;黃國昌;劉櫂豪;劉建國;許毓仁;吳秉叡;李昆澤;鄭天財Sra．Kacaw;陳歐珀;鄭運鵬;賴士葆;余宛如;顏寬恒;簡東明Uliw．Qaljupayare;李彥秀;陳曼麗;羅明才;蔣乃辛;陳亭妃;盧秀燕;黃昭順;蔡易餘;林俊憲;賴瑞隆;何欣純;徐榛蔚;馬文君;劉世芳;周陳秀霞;呂玉玲;高金素梅;谷辣斯．尤達卡Kolas Yotaka;林德福;鍾佳濱,
105/04/12,紅樓201會議室,程序委員會,無,第9屆第1會期程序委員會第6次會議, 審定本院第9屆第1會期第9次會議議事日程及人民  請願案,曾銘宗;尤美女;顧立雄;賴士葆,
105/04/13,紅樓202會議室,內政委員會,無,立法院第9屆第1會期內政委員會第7次全體委員會議,邀請行政院大陸委員會主任委員夏立言、財團法人海峽交流基金會董事長林中森、內政部部長陳威仁、法務部次長及外交部次長就「兩岸事務首長熱線啟動情形、兩岸協議對於國人人身自由與安全保障機制及國人於肯亞遭強制遣中案處理情形」提出專題報告，並備質詢，另請國家安全局派員列席備詢。一、繼續併案審查：（一）委員高志鵬等20人擬具「公職人員選舉罷免法部分條文修正草案」案。（二）委員李昆澤等17人擬具「公職人員選舉罷免法部分條文修正草案」案。（三）委員徐國勇等32人擬具「公職人員選舉罷免法部分條文修正草案」案。（四）委員王定宇等18人擬具「公職人員選舉罷免法部分條文修正草案」案。二、繼續審查委員林俊憲等18人擬具「公職人員選舉罷免法部分條文修正草案」案。三、繼續審查委員李俊俋等25人擬具「公職人員選舉罷免法部分條文修正草案」案。四、審查時代力量黨團擬具「公職人員選舉罷免法部分條文修正草案」案。（4月11日及13日，二天一次會）,趙天麟;李俊俋;黃昭順;林麗蟬;莊瑞雄;姚文智;賴瑞隆;陳怡潔;陳其邁;徐榛蔚;洪宗熠;吳琪銘;谷辣斯．尤達卡Kolas Yotaka;黃國昌;鄭天財Sra．Kacaw;尤美女;陳亭妃;黃偉哲;蘇巧慧;江啟臣;陳超明;陳明文;林德福;曾銘宗;徐永明;蔡易餘;王育敏;邱志偉;徐國勇;周春米;蔣乃辛;周陳秀霞;張麗善;邱議瑩;何欣純;高潞．以用．巴魕剌Kawlo．Iyun．Pacidal;管碧玲,
105/04/13,紅樓301會議室,外交及國防委員會,無,立法院第9屆第1會期外交及國防委員會第12次全體委員會議,邀請外交部部長、行政院大陸委員會主任委員、法務部部長、內政部警政署署長報告「國人於肯亞涉案，卻遭中國大陸強行遣送乙案，政府應有之作為與檢討」，並備質詢。,陳亭妃;林昶佐;羅致政;劉世芳;蔡適應;江啟臣;王定宇;呂玉玲;顧立雄;尤美女;蘇巧慧;徐永明;馬文君;廖國棟Sufin．Siluko;邱志偉;陳明文;徐榛蔚;姚文智;蔣乃辛;黃偉哲;陳怡潔;周春米;王育敏;周陳秀霞;谷辣斯．尤達卡Kolas Yotaka;張麗善;鄭天財Sra．Kacaw;徐國勇;林德福,
105/04/13,紅樓302會議室,司法及法制委員會,無,立法院第9屆第1會期司法及法制委員會,「刑法修正弒童處死刑或無期徒刑爭議」公聽會,,
105/04/13,紅樓101會議室,經濟委員會,無,立法院第9屆第1會期經濟委員會第13次全體委員會議,邀請經濟部、國家發展委員會、科技部、教育部就「我國產業轉型所需研發創新之產業人才、技術及其推廣運用等」進行報告，並備質詢。,林岱樺;廖國棟Sufin．Siluko;黃偉哲;徐永明;蘇治芬;陳明文;蘇震清;邱志偉;管碧玲;張麗善;余宛如;蘇巧慧;蔣乃辛;蔣萬安;王惠美;劉世芳;賴瑞隆;鄭天財Sra．Kacaw;林德福;姚文智;徐榛蔚;蔡培慧;黃昭順;吳秉叡;陳怡潔;賴士葆;邱議瑩;吳焜裕;周陳秀霞;陳亭妃;呂玉玲;何欣純;費鴻泰;鍾孔炤,
105/04/13,九樓大禮堂,財政委員會,無,立法院第9屆第1會期財政委員會第9次全體委員會議【秘密會議】,邀請金融監督管理委員會王主任委員儷玲及財政部張部長盛和就「『浩鼎案』所涉證券交易法及稅務等相關問題之行政調查情形」進行專題報告，並備質詢。,曾銘宗;吳秉叡;費鴻泰;賴士葆;黃國昌;黃偉哲;余宛如;徐國勇;羅明才;盧秀燕;羅致政;蔡適應;陳亭妃;王育敏;王榮璋;江啟臣;徐永明;姚文智;徐榛蔚;鍾孔炤;蔣乃辛;李應元;陳怡潔;管碧玲;鄭天財Sra．Kacaw;周陳秀霞;張麗善;陳宜民;陳雪生;廖國棟Sufin．Siluko;賴瑞隆;黃昭順;林德福,
105/04/14,紅樓302會議室,司法及法制委員會,無,立法院第9屆第1會期司法及法制委員會第15次全體委員會議,（上午）一、邀請法務部部長、行政院大陸委員會主任委員、外交部部長、司法院副秘書長、內政部警政署署長列席就「依海峽兩岸共同打擊犯罪及司法互助協議要求將肯亞案人員移交我國及司法處理情形」進行專題報告，並備質詢。（下午）二、繼續審查司法院、行政院函請審議「刑事訴訟法部分條文修正草案」及「刑事訴訟法施行法增訂第七條之九條文草案」案。,柯建銘;林德福;段宜康;張宏陸;周陳秀霞;林為洲;許淑華;周春米;蔡易餘;許毓仁;林昶佐;顧立雄;管碧玲;黃國昌;陳歐珀;鄭天財Sra．Kacaw;徐榛蔚;徐永明;李彥秀;孔文吉;吳思瑤;蔣乃辛;陳明文;王惠美;張麗善;李俊俋;林俊憲;吳志揚;鄭運鵬;邱志偉;黃偉哲;尤美女,
105/04/14,紅樓202會議室,內政委員會,無,立法院第9屆第1會期內政委員會第8次全體委員會議,邀請行政院秘書長簡太郎、行政院大陸委員會主任委員夏立言、財團法人海峽交流基金會董事長林中森、內政部次長、法務部次長及外交部次長就「外國政府遣送國人至中國接受偵查或審判案件處理機制及肯亞案後續處理情形」提出專題報告，並備質詢，另請國防部、國家安全局派員列席備詢。一、繼續併案審查：（一）委員高志鵬等20人擬具「公職人員選舉罷免法部分條文修正草案」案。（二）委員李昆澤等17人擬具「公職人員選舉罷免法部分條文修正草案」案。（三）委員徐國勇等32人擬具「公職人員選舉罷免法部分條文修正草案」案。（四）委員王定宇等18人擬具「公職人員選舉罷免法部分條文修正草案」案。（五）委員林俊憲等18人擬具「公職人員選舉罷免法部分條文修正草案」案。（六）委員李俊俋等25人擬具「公職人員選舉罷免法部分條文修正草案」案。（七）時代力量黨團擬具「公職人員選舉罷免法部分條文修正草案」案。,莊瑞雄;賴瑞隆;徐榛蔚;李俊俋;黃偉哲;黃國昌;林昶佐;林俊憲;洪宗熠;林德福;廖國棟Sufin．Siluko;吳志揚;鄭天財Sra．Kacaw;徐永明;李彥秀;孔文吉;鍾佳濱;吳思瑤;蔣乃辛;周陳秀霞;陳明文;張麗善;谷辣斯．尤達卡Kolas Yotaka;王惠美;何欣純;陳其邁;鄭運鵬;管碧玲;姚文智;趙天麟;邱志偉,
105/04/14,群賢樓101會議室,教育及文化委員會,無,立法院第9屆第1會期教育及文化委員會第11次全體委員會議,併案審查委員陳學聖等19人擬具「文化資產保存法修正草案」、委員何欣純等22人、委員黃國書等18人、委員鄭天財等20人、委員何欣純等19人擬具「文化資產保存法部分條文修正草案」、委員蔣乃辛等22人擬具「文化資產保存法第三條及第四條條文修正草案」、委員蘇治芬等16人擬具「文化資產保存法第三條及第七十六條條文修正草案」、委員黃國書等18人擬具「文化資產保存法第二十一條、第九十四條及第九十七條條文修正草案」、李俊俋等23人擬具「文化資產保存法第九十四條條文修正草案」案。（進行詢答）【委員陳學聖等19人擬具「文化資產保存法修正草案」案及委員何欣純等19人擬具「文化資產保存法部分條文修正草案」案如經院會復議，則不予審查。】,吳志揚;柯志恩;張廖萬堅;黃國書;高潞．以用．巴魕剌Kawlo．Iyun．Pacidal;高金素梅;吳思瑤;鍾佳濱;蔣乃辛;何欣純;許智傑;鄭麗君;陳學聖;邱志偉;鄭天財Sra．Kacaw;黃偉哲;鍾孔炤;李彥秀;廖國棟Sufin．Siluko;徐永明;孔文吉;徐榛蔚;周陳秀霞;陳明文;張麗善;林俊憲;王惠美;鄭運鵬;陳歐珀;管碧玲;蘇巧慧;尤美女,
105/04/14,群賢樓801會議室,社會福利及衛生環境委員會,無,立法院第9屆第1會期社會福利及衛生環境委員會第15次全體委員會議,邀請衛生福利部、教育部就「特殊需求兒童早期介入與服務現況專題報告：以注意力不足過動症（ADHD）為例」列席報告，並備質詢。,林靜儀;劉建國;吳焜裕;洪慈庸;陳瑩;李彥秀;吳玉琴;鍾孔炤;陳曼麗;王育敏;蔣萬安;黃秀芳;陳宜民;林淑芬;廖國棟Sufin．Siluko;柯志恩;徐榛蔚;鄭天財Sra．Kacaw;張廖萬堅;吳思瑤;鍾佳濱;楊曜;吳志揚;徐永明;蔣乃辛;周陳秀霞;王惠美;陳明文;何欣純;張麗善;林俊憲;鄭運鵬;陳歐珀;邱志偉;賴士葆;黃偉哲,
105/04/14,紅樓101會議室,經濟委員會,無,立法院第9屆第1會期經濟委員會第14次全體委員會議,一、審查行政院函請審議「野生動物保育法部分條文修正草案」案。二、審查本院委員孔文吉等18人擬具「野生動物保育法第二十一條及第二十一條之一條文修正草案」案。三、審查本院委員王育敏等23人擬具「動物保護法第二十五條之一條文修正草案」案。,廖國棟Sufin．Siluko;林岱樺;黃偉哲;高金素梅;徐永明;孔文吉;陳明文;王惠美;管碧玲;高志鵬;蘇震清;邱志偉;吳玉琴;鄭天財Sra．Kacaw;鍾佳濱;張麗善;吳思瑤;簡東明Uliw．Qaljupayare;陳曼麗;陳瑩;谷辣斯．尤達卡Kolas Yotaka;蘇治芬;高潞．以用．巴魕剌Kawlo．Iyun．Pacidal;李彥秀;吳志揚;徐榛蔚;蔣乃辛;周陳秀霞;陳歐珀;林俊憲;何欣純;鄭運鵬;林德福;王育敏;賴瑞隆,
105/04/18,群賢樓801會議室,社會福利及衛生環境委員會,無,立法院第9屆第1會期社會福利及衛生環境委員會第16次全體委員會議,審查(一)本院委員陳宜民等21人擬具「性別工作平等法第十六條條文修正草案」、(二)委員柯志恩等16人擬具「性別工作平等法第十八條條文修正草案」、(三)委員鄭麗君等31人擬具「性別工作平等法第十八條條文修正草案」、(四)委員王育敏等19人擬具「性別工作平等法第二十三條條文修正草案」、(五)委員李彥秀等17人擬具「性別工作平等法第二十三條、第三十八條之一及第四十條條文修正草案」、(六)委員江啟臣等20人擬具「性別工作平等法第二十七條及第三十八條條文修正草案」等6案。,洪慈庸;劉建國;吳焜裕;鍾孔炤;吳玉琴;王育敏;林靜儀;陳曼麗;蔣萬安;陳宜民;陳瑩;黃秀芳;李彥秀;余宛如;李昆澤;盧秀燕;柯志恩;吳志揚;鄭天財Sra．Kacaw;楊曜;江啟臣;尤美女;黃昭順;蕭美琴;劉櫂豪;鄭運鵬;林德福;賴士葆;黃偉哲;高潞．以用．巴魕剌Kawlo．Iyun．Pacidal;蔣乃辛;簡東明Uliw．Qaljupayare;何欣純;林俊憲;蔡易餘;邱志偉;林麗蟬;徐榛蔚;周陳秀霞;高金素梅;陳怡潔;呂玉玲;林淑芬;陳歐珀;鄭麗君;鍾佳濱;吳秉叡,
105/04/18,紅樓201會議室,交通委員會,無,立法院第9屆第1會期交通委員會第8次全體委員會議,邀請交通部部長陳建宇就「交通部得實質掌控營業單位（臺灣鐵路管理局、台灣高速鐵路股份有限公司、中華郵政股份有限公司、桃園國際機場股份有限公司、桃園航勤股份有限公司、中華航空股份有限公司、臺灣港務股份有限公司、陽明海運股份有限公司、台灣航業股份有限公司、中華電信股份有限公司及台灣世曦工程顧問股份有限公司等）績效」列席報告，並備質詢。,鄭寶清;陳歐珀;鄭運鵬;李昆澤;葉宜津;蕭美琴;劉櫂豪;趙正宇;鄭天財Sra．Kacaw;簡東明Uliw．Qaljupayare;林俊憲;李鴻鈞;黃昭順;孔文吉;賴瑞隆;陳瑩;劉建國;吳志揚;賴士葆;鍾佳濱;盧秀燕;蔡適應;黃偉哲;徐榛蔚;蔣乃辛;高潞．以用．巴魕剌Kawlo．Iyun．Pacidal;陳明文;何欣純;邱志偉;李彥秀;趙天麟;馬文君;周陳秀霞;陳怡潔;林為洲;高金素梅;陳超明;呂玉玲;姚文智;顏寬恒;林德福,
105/04/18,紅樓302會議室,司法及法制委員會,無,立法院第9屆第1會期司法及法制委員會第16次全體委員會議,併案審查(一)委員尤美女等25 人擬具「羈押法修正草案」及(二) 委員劉世芳等18 人擬具「羈押法部分條文修正草案」案。,段宜康;林德福;周陳秀霞;蔡易餘;張宏陸;許淑華;顧立雄;林為洲;許毓仁;尤美女;王定宇;孔文吉;陳歐珀;黃國昌;周春米;劉櫂豪;鄭運鵬;賴士葆;林俊憲;呂玉玲;鍾佳濱;盧秀燕;吳志揚;鄭天財Sra．Kacaw;徐榛蔚;黃偉哲;蔣乃辛;邱志偉;李彥秀;馬文君;簡東明Uliw．Qaljupayare;徐國勇;陳怡潔;高金素梅;王育敏;林昶佐;蕭美琴;劉世芳,
105/04/18,紅樓301會議室,外交及國防委員會,無,立法院第9屆第1會期外交及國防委員會第13次全體委員會議,一、審查行政院函送「財團法人國防工業發展基金會」105年度預算書案。 二、審查國防部函送「國家中山科學研究院」105年度預算書案。,蔡適應;劉世芳;王定宇;江啟臣;羅致政;馬文君;呂玉玲;賴士葆;林德福;孔文吉;邱志偉;蕭美琴;鄭運鵬;黃昭順;鍾佳濱;盧秀燕;鄭天財Sra．Kacaw;吳志揚;徐榛蔚;黃偉哲;蔣乃辛;陳明文;陳歐珀;李彥秀;簡東明Uliw．Qaljupayare;林俊憲;周陳秀霞;林為洲;陳怡潔;高金素梅;賴瑞隆,
105/04/18,九樓大禮堂,財政委員會,無,立法院第9屆第1會期財政委員會第10次全體委員會議,審查「中華民國103年度中央政府總決算審核報告（含附屬單位決算及綜計表）案」關於金融監督管理委員會主管（含附屬單位決算營業及非營業特種基金部分）、其他查核事項—特別決算以前年度轉入數決算表、中央銀行（含中央造幣廠、中央印製廠）。105年4月18日及4月21日【兩天一次會】,曾銘宗;吳秉叡;黃國昌;賴士葆;盧秀燕;費鴻泰;徐國勇;余宛如;吳志揚;鄭天財Sra．Kacaw;江啟臣;陳賴素美;林德福;黃昭順;蕭美琴;鍾佳濱;劉櫂豪;黃偉哲;蔣乃辛;徐榛蔚;何欣純;李彥秀;林俊憲;蔡易餘;邱志偉;簡東明Uliw．Qaljupayare;周陳秀霞;高金素梅;陳怡潔;陳歐珀;鄭運鵬;江永昌,
105/04/18,群賢樓101會議室,教育及文化委員會,無,立法院第9屆第1會期教育及文化委員會第12次全體委員會議,邀請中央研究院院長翁啟惠針對浩鼎案疑義提出說明並備質詢。並邀請金融監督管理委員會、財政部、銓敘部、行政院人事行政總處、法務部等單位派員列席。,柯志恩;吳思瑤;蘇巧慧;許智傑;吳志揚;張廖萬堅;黃偉哲;高金素梅;蔣乃辛;黃國書;何欣純;曾銘宗;黃國昌;陳學聖;費鴻泰;鍾佳濱;陳宜民;王育敏;江啟臣;呂玉玲;孔文吉;張宏陸;王定宇;林德福;鄭麗君;蔡易餘;鄭運鵬;黃昭順;徐國勇;陳歐珀;蔣萬安;蕭美琴;姚文智;鄭天財Sra．Kacaw;徐榛蔚;李彥秀;黃秀芳;陳明文;林俊憲;李昆澤;邱志偉;簡東明Uliw．Qaljupayare;林為洲;周陳秀霞;陳怡潔;陳超明;盧秀燕;高潞．以用．巴魕剌Kawlo．Iyun．Pacidal;許淑華;劉櫂豪;廖國棟Sufin．Siluko;賴士葆,
105/04/18,紅樓202會議室,內政委員會,無,立法院第9屆第1會期內政委員會第9次全體委員會議,一、繼續併案審查（一）委員黃昭順等21人擬具「土地法第二十五條條文修正草案」案。（二）委員委員陳素月等19人擬具「土地法第十四條條文修正草案」案。（三）委員委員鍾佳濱等17人擬具「土地法第十六條條文修正草案」案。二、審查行政院函請審議「總統副總統選舉罷免法部分條文修正草案」案。三、審查委員鄭天財等17人擬具「總統副總統選舉罷免法第十三條條文修正草案」案。。四、審查委員孔文吉等18人擬具「公職人員選舉罷免法部分條文修正草案」案。五、審查委員鄭天財等16人擬具「公職人員選舉罷免法第十七條條文修正草案」案。六、審查親民黨黨團擬具「公職人員選舉罷免法第七十三條條文修正草案」案。七、審查行政院函請審議「國籍法部分條文修正草案」案。八、審查委員顏寬恒等17人擬具「國籍法第四條條文修正草案」案。九、審查委員蕭美琴等17人擬具「國籍法刪除第九條及第十條條文草案」案。十、審查委員蔣萬安等23人擬具「國籍法第九條條文修正草案」案。（4月18日及4月21日，二日一次會）,莊瑞雄;黃昭順;賴瑞隆;李俊俋;徐榛蔚;趙天麟;林麗蟬;陳怡潔;孔文吉;谷辣斯．尤達卡Kolas Yotaka;尤美女;姚文智;鄭天財Sra．Kacaw;高金素梅;蕭美琴;陳超明;葉宜津;邱志偉;鄭運鵬;林德福;劉櫂豪;劉建國;吳志揚;賴士葆;盧秀燕;鍾佳濱;黃偉哲;蔣乃辛;高潞．以用．巴魕剌Kawlo．Iyun．Pacidal;陳明文;何欣純;李昆澤;簡東明Uliw．Qaljupayare;李彥秀;馬文君;林俊憲;周陳秀霞;林為洲;陳歐珀;呂玉玲;鍾孔炤;陳其邁;吳琪銘;洪宗熠;陳瑩;廖國棟Sufin．Siluko,
105/04/19,紅樓201會議室,程序委員會,無,第9屆第1會期程序委員會第7次會議, 審定本院第9屆第1會期第10次會議議事日程及人民  請願案,林靜儀,
105/04/20,群賢樓801會議室,社會福利及衛生環境委員會,無,立法院第9屆第1會期社會福利及衛生環境委員會第17次全體委員會議,邀請交通部、教育部、內政部、衛生福利部、經濟部、法務部就「從法規面檢視兒童交通安全及遊戲安全維護現況，並探討相關修法展望」列席報告，並備質詢。,洪慈庸;吳玉琴;吳焜裕;李彥秀;葉宜津;劉建國;蔣萬安;陳宜民;陳曼麗;王育敏;黃秀芳;林淑芬;吳思瑤;鍾佳濱;吳志揚;徐永明;楊曜;蔣乃辛;王惠美;黃偉哲;徐國勇;林俊憲;高金素梅;張麗善;周陳秀霞;陳瑩;陳明文,
105/04/20,群賢樓101會議室,教育及文化委員會,無,立法院第9屆第1會期教育及文化委員會第13次全體委員會議,一、邀請教育部部長、教育部體育署署長就「教育部體育署針對2016年第31屆里約奧運參賽籌備情形」專題報告，並備質詢。二、邀請教育部部長、教育部青年發展署署長列席報告業務概況，並備質詢。,蘇巧慧;吳思瑤;吳志揚;柯志恩;徐永明;張廖萬堅;鍾佳濱;黃國書;許智傑;蔣乃辛;何欣純;陳學聖;高金素梅;鄭天財Sra．Kacaw;高潞．以用．巴魕剌Kawlo．Iyun．Pacidal;廖國棟Sufin．Siluko;管碧玲;黃偉哲;李彥秀;林德福;陳宜民;黃秀芳;王惠美;陳明文;林俊憲;徐國勇;姚文智;張麗善;許毓仁;周陳秀霞;葉宜津,
105/04/20,紅樓302會議室,司法及法制委員會,無,立法院第9屆第1會期司法及法制委員會第17次全體委員會議,(上午)一、邀請法務部部長羅瑩雪列席就「政府對國人遭遣送至第三國或大陸地區接受司法偵查或審判之因應政策」進行專題報告，並備質詢。二、審查行政院函請審議廢止「監獄組織通則」、「看守所組織通則」、「法務部戒治所組織通則」、「法務部技能訓練所組織條例」及「法務部矯正人員訓練所組織條例」案。(下午)三、繼續併案審查(一)行政院函請審議「公職人員利益衝突迴避法修正草案」、(二)委員高志鵬等23人擬具「公職人員利益衝突迴避法部分條文修正草案」、(三) 國民黨黨團擬具「公職人員利益衝突迴避法第二條及第三條條文修正草案」案。,林德福;段宜康;張宏陸;許淑華;周春米;林為洲;顧立雄;周陳秀霞;黃國昌;王定宇;許毓仁;劉世芳;孔文吉;鄭天財Sra．Kacaw;廖國棟Sufin．Siluko;李彥秀;吳志揚;王惠美;蔣乃辛;尤美女;徐國勇;林俊憲;姚文智;高金素梅;張麗善;陳明文;蔡適應,
105/04/20,紅樓101會議室,經濟委員會,無,立法院第9屆第1會期經濟委員會第15次全體委員會議,一、邀請經濟部部長率能源局、工業局、標準檢驗局、國際貿易局、台灣電力股份有限公司、中國鋼鐵股份有限公司、台灣國際造船股份有限公司暨科技部，就目前「綠色能源政策推動成果、進度及長期規劃」進行報告，並備質詢。二、審查行政院函請審議「天然氣事業法部分條文修正草案」。三、審查行政院函請審議「水利法部分條文修正草案」。(4月20日、21日二天一次會),廖國棟Sufin．Siluko;邱議瑩;黃偉哲;徐永明;蘇治芬;管碧玲;王惠美;陳明文;孔文吉;蘇震清;張麗善;鍾佳濱;鄭天財Sra．Kacaw;許毓仁;王定宇;邱志偉;徐國勇;劉建國;陳曼麗;吳志揚;高潞．以用．巴魕剌Kawlo．Iyun．Pacidal;李彥秀;林德福;蔣乃辛;吳焜裕;姚文智;林俊憲;高金素梅;黃昭順;周陳秀霞;吳思瑤,
105/04/20,紅樓301會議室,外交及國防委員會,無,立法院第9屆第1會期外交及國防委員會第14次全體委員會議,邀請國軍退除役官兵輔導委員會主任委員董翔龍報告「退輔會轉投資事業機構經理人以上人員遴選標準及經營績效」，併請公平交易委員會列席，並備質詢。,羅致政;高潞．以用．巴魕剌Kawlo．Iyun．Pacidal;蔡適應;劉世芳;王定宇;林昶佐;徐志榮;呂玉玲;馬文君;黃偉哲;孔文吉;徐永明;鄭天財Sra．Kacaw;王惠美;蔣乃辛;陳明文;林俊憲;徐國勇;姚文智;高金素梅;周陳秀霞;廖國棟Sufin．Siluko;林德福;吳志揚,
105/04/21,紅樓302會議室,司法及法制委員會,無,立法院第9屆第1會期司法及法制委員會第18次全體委員會議,審查民進黨黨團擬具「促進轉型正義條例草案」案。,林德福;張宏陸;許淑華;周陳秀霞;周春米;許毓仁;顧立雄;尤美女;李俊俋;蔡易餘;賴士葆;林昶佐;陳宜民;陳雪生;鄭天財Sra．Kacaw;蘇巧慧;徐國勇;孔文吉;高金素梅;林為洲;賴瑞隆;黃昭順;吳志揚;陳賴素美;廖國棟Sufin．Siluko;葉宜津;陳明文;蘇治芬;陳其邁;林俊憲;陳瑩;曾銘宗;李彥秀;余宛如;蔣乃辛;徐永明;張麗善;柯志恩;劉世芳;高潞．以用．巴魕剌Kawlo．Iyun．Pacidal;陳超明;段宜康;柯建銘;姚文智,
105/04/21,紅樓101會議室,經濟委員會,無,立法院第9屆第1會期經濟委員會第15次全體委員會議,繼續審查105年度中央政府總預算案附屬單位預算營業部分關於經濟部主管：台灣電力股份有限公司。（處理）(4月20日、21日二天一次會),,
105/04/21,九樓大禮堂,財政委員會,無,立法院第9屆第1會期財政委員會第10次全體委員會議,一、審查本院委員盧秀燕等16人擬具「貨物稅條例第十二條之五條文修正草案」案。二、審查本院委員盧秀燕等16人擬具「規費法第十二條條文修正草案」案。(本案如經院會復議，則不予審查)。105年4月18日及4月21日【兩天一次會】,黃國昌;盧秀燕;吳秉叡;賴士葆;曾銘宗;徐國勇;王榮璋;陳賴素美;費鴻泰;余宛如;陳歐珀;陳明文;孔文吉;林德福;吳志揚;周陳秀霞;林俊憲;蔣乃辛;羅明才;江永昌,
105/04/21,紅樓202會議室,內政委員會,無,立法院第9屆第1會期內政委員會第9次全體委員會議,一、審查委員鄭天財等20人擬具「原住民族基本法第十八條條文修正草案」案。 二、審查委員鄭天財等19人擬具「原住民族基本法增訂第二十八條之一條文草案」案。 三、審查陳瑩等22人擬具「原住民族基本法第三十一條條文修正草案」案。 四、審查時代力量黨團擬具「原住民族基本法第二十一條條文修正草案」案。 五、審查委員廖國棟等18人擬具「原住民族基本法第十五條條文修正草案」案。 六、審查委員廖國棟等16人擬具「原住民族基本法第十九條條文修正草案」案。（4月18日及4月21日，二日一次會）,鄭天財Sra．Kacaw;莊瑞雄;李俊俋;賴瑞隆;谷辣斯．尤達卡Kolas Yotaka;陳瑩;黃昭順;吳玉琴;高金素梅;高潞．以用．巴魕剌Kawlo．Iyun．Pacidal;陳怡潔;孔文吉;吳志揚;陳賴素美;陳其邁;廖國棟Sufin．Siluko;洪宗熠;周陳秀霞;林俊憲;蔣乃辛;張麗善;陳明文;賴士葆;吳琪銘;姚文智;林德福,
105/04/25,紅樓201會議室,交通委員會,無,立法院第9屆第1會期交通委員會第9次全體委員會議,併案審查： 一、委員李鴻鈞等25人擬具「鐵路法第六十二條及第七十條條文修正草案」案。 二、委員趙正宇等19人擬具「鐵路法第六十五條、第七十條及第七十一條條文修正草案」案。 三、委員鄭麗君等29人擬具「鐵路法第七十一條條文修正草案」案。,鄭寶清;鄭運鵬;陳歐珀;李昆澤;劉櫂豪;葉宜津;鄭天財Sra．Kacaw;顏寬恒;陳素月;趙正宇;林俊憲;簡東明Uliw．Qaljupayare;蕭美琴;李鴻鈞;陳雪生;徐榛蔚;黃國昌;黃偉哲;林德福;張麗善;陳明文;王惠美;徐永明;蔣乃辛;江啟臣;黃昭順;陳亭妃;邱志偉;管碧玲;呂玉玲;周陳秀霞;徐國勇,
105/04/25,紅樓101會議室,經濟委員會,無,立法院第9屆第1會期經濟委員會第16次全體委員會議 ,一、審查本院委員姚文智等16人擬具「食農教育法草案」。(詢答) 二、審查本院委員陳曼麗等17人擬具「食農教育基本法草案」。(詢答) ,林岱樺;張麗善;陳明文;黃偉哲;許毓仁;王惠美;邱議瑩;徐永明;蘇震清;邱志偉;蔡培慧;管碧玲;鍾佳濱;王定宇;呂玉玲;王育敏;林德福;顏寬恒;蕭美琴;劉櫂豪;李昆澤;徐榛蔚;蔣乃辛;黃昭順;陳亭妃;蔡易餘;陳歐珀;簡東明Uliw．Qaljupayare;蔡適應;鄭天財Sra．Kacaw;江啟臣;林俊憲;周陳秀霞;廖國棟Sufin．Siluko;賴士葆;姚文智,
105/04/25,紅樓302會議室,司法及法制委員會,交通委員會,立法院第9屆第1會期司法及法制、交通委員會第1次聯席會議,一、審查委員葉宜津等24人擬具「交通部公路總局組織條例修正草案」案。二、審查委員葉宜津等24人擬具廢止「交通部公路總局各區養護工程處組織通則」案。三、審查委員葉宜津等24人擬具廢止「交通部公路總局材料試驗所組織條例」案。四、審查委員葉宜津等23人擬具廢止「交通部公路總局各區監理所組織通則」案。,林德福;鄭天財Sra．Kacaw;柯建銘;鄭寶清;陳歐珀;鄭運鵬;顧立雄;顏寬恒;李昆澤;葉宜津;劉櫂豪;張宏陸;趙正宇;許淑華;蕭美琴;蔡易餘;周春米;賴士葆;尤美女;徐榛蔚;周陳秀霞;許毓仁;林為洲;陳素月;王定宇;陳明文;黃偉哲;李鴻鈞;張麗善;徐永明;蔣乃辛;簡東明Uliw．Qaljupayare;黃昭順;陳亭妃;邱志偉;管碧玲;呂玉玲;劉世芳;王惠美;林俊憲,
105/04/25,紅樓301會議室,外交及國防委員會,無,立法院第9屆第1會期外交及國防委員會第15次全體委員會議,邀請僑務委員會委員長陳士魁報告「如何運用全球台商組織，協助政府拓展新興市場，因應中國大陸一帶一路政策」，併請外交部、行政院大陸委員會、經濟部國際貿易局列席，並備質詢。,蔡適應;王定宇;羅致政;江啟臣;陳亭妃;劉世芳;徐志榮;呂玉玲;賴士葆;陳明文;蔡易餘;林俊憲;劉櫂豪;顏寬恒;馬文君;邱志偉;張麗善;徐永明;蔣乃辛;徐榛蔚;黃昭順;蕭美琴;簡東明Uliw．Qaljupayare;陳歐珀;鄭運鵬;黃偉哲;管碧玲;周陳秀霞;林德福;王惠美,
105/04/25,紅樓202會議室,內政委員會,無,立法院第9屆第1會期內政委員會第10次全體委員會議一、繼續審查,（一）行政院函請審議「集會遊行法修正草案」案。 （二）本院委員林淑芬等20人擬廢止「集會遊行法」案。 （三）本院委員鄭麗君等35人擬具「集會遊行法修正草案」案。 二、審查本院委員陳亭妃等23人擬具「集會遊行法部分條文修正草案」案。 三、審查本院委員陳明文等21人擬廢止「集會遊行法」案。 四、審查本院委員蘇治芬等18人擬具「集會遊行法部分條文修正草案」案。 五、審查請願文書3案。,,
105/04/26,紅樓201會議室,程序委員會,無,第9屆第1會期程序委員會第8次會議,審定本院第9屆第1會期第11次會議議事日程及人民 請願案,徐永明;尤美女;王育敏;徐永明,
105/04/27,群賢樓801會議室,社會福利及衛生環境委員會,無,立法院第9屆第1會期社會福利及衛生環境委員會第18次全體委員會議,邀請衛生福利部、勞動部、原住民族委員會就「多元化社區式長照服務資源建置發展困境與長期照顧服務法相關子法訂定進度」列席報告，並備質詢。,洪慈庸;吳玉琴;劉建國;鍾孔炤;李彥秀;吳焜裕;陳宜民;陳曼麗;蔣萬安;陳瑩;林靜儀;黃秀芳;王育敏;王榮璋;楊曜;黃國昌;高金素梅;林麗蟬;林淑芬;谷辣斯．尤達卡Kolas Yotaka;鍾佳濱;蔣乃辛;尤美女;吳志揚;何欣純;高潞．以用．巴魕剌Kawlo．Iyun．Pacidal;張麗善;賴士葆;盧秀燕;賴瑞隆;徐永明;吳秉叡,
105/04/27,紅樓202會議室,內政委員會,無,立法院第9屆第1會期內政委員會第11次全體委員會議,一、審查行政院函請審議「公民投票法部分條文修正草案」案。 二、審查委員葉宜津等21人擬具「公民投票法部分條文修正草案」案。 三、審查委員陳亭妃等22人擬具「公民投票法部分條文修正草案」案。 四、審查委員高志鵬等21人擬具「公民投票法修正草案」案。 五、審查委員林淑芬等20人擬具「公民投票法部分條文修正草案」案。 六、審查委員李昆澤等28人擬具「公民投票法部分條文修正草案」案。 七、審查委員尤美女等24人擬具「公民投票法第七條及第十八條條文修正草案」案。 八、審查委員王定宇等18人擬具「公民投票法部分條文修正草案」案。 九、審查委員鄭麗君等33人擬具「公民投票法修正草案」案。 十、審查時代力量黨團擬具「公民投票法修正草案」案。,莊瑞雄;陳怡潔;李俊俋;賴瑞隆;洪宗熠;黃昭順;林麗蟬;陳亭妃;鄭麗君;陳超明;趙天麟;李彥秀;賴士葆;盧秀燕;蔣乃辛;徐永明;吳志揚;何欣純;張麗善;谷辣斯．尤達卡Kolas Yotaka;尤美女;陳其邁;吳琪銘;陳明文;姚文智;楊鎮浯,
105/04/27,九樓大禮堂,財政委員會,無,立法院第9屆第1會期財政委員會第11次全體委員會議,一、邀請財政部張部長盛和、經濟部次長就「跨境電子商務發展與租稅制度」作專題報告，並備質詢。二、處理金融監督管理委員會函為財團法人汽車交通事故特別補償基金105年度預算凍結請安排報告案1案。,曾銘宗;吳秉叡;盧秀燕;余宛如;黃國昌;賴士葆;王榮璋;徐國勇;羅明才;許毓仁;吳志揚;蔣乃辛;蔣萬安;鄭運鵬;鍾孔炤;張麗善;李彥秀;何欣純;費鴻泰;江永昌,
105/04/27,紅樓101會議室,經濟委員會,無,立法院第9屆第1會期經濟委員會公聽會,「野生動物保育法部分條文修正草案」釋放動物管理規範之公聽會,,
105/04/27,群賢樓101會議室,教育及文化委員會,無,立法院第9屆第1會期教育及文化委員會第14次全體委員會議,邀請中央研究院翁院長就浩鼎案進行第二次報告並備質詢。(4月27日及4月28日2天一次會),吳志揚;張廖萬堅;高潞．以用．巴魕剌Kawlo．Iyun．Pacidal;蔣乃辛;吳思瑤;何欣純;黃國書;蘇巧慧;鄭麗君;柯志恩;鍾佳濱;賴士葆;林德福;曾銘宗;吳秉叡;黃國昌;陳宜民;李彥秀;吳焜裕;王育敏;徐永明;陳明文;賴瑞隆;鍾孔炤;張麗善;黃昭順;陳瑩;費鴻泰;羅明才;許淑華;高金素梅;林俊憲;陳學聖,
105/04/28,群賢樓801會議室,社會福利及衛生環境委員會,無,立法院第9屆第1會期社會福利及衛生環境委員會第19次全體委員會議,邀請勞動部就「部分工時工作者全職化危機：如何避免企業濫用時薪制造成勞動貧窮」列席報告，並備質詢。,洪慈庸;王育敏;劉建國;蔣萬安;林靜儀;李彥秀;陳宜民;陳曼麗;黃秀芳;鍾孔炤;吳焜裕;陳瑩;楊曜;余宛如;王榮璋;鍾佳濱;賴瑞隆;徐榛蔚;徐永明;林麗蟬;黃昭順;江啟臣;鄭天財Sra．Kacaw;周陳秀霞;盧秀燕;黃偉哲;賴士葆;林淑芬;吳秉叡,
105/04/28,九樓大禮堂,財政委員會,司法及法制委員會,立法院第9屆第1會期財政、司法及法制委員會第1次聯席會議,審查「中華民國103年度中央政府總決算審核報告（含附屬單位決算及綜計表）案」關於總統府、國家安全會議、國史館、國史館臺灣文獻館、人事行政總處、公務人力發展中心、地方行政研習中心、研究發展考核委員會(併入國家發展委員會)、檔案管理局、立法院、司法院主管、考試院主管、監察院、法務部主管(含附屬單位決算非營業特種基金部分)。,曾銘宗;黃國昌;吳秉叡;余宛如;盧秀燕;賴士葆;林德福;王榮璋;徐國勇;費鴻泰;許淑華;周陳秀霞;林為洲;周春米;鍾佳濱;鄭天財Sra．Kacaw;黃昭順;江啟臣;徐榛蔚;黃偉哲;尤美女;張宏陸;江永昌,
105/04/28,紅樓202會議室,內政委員會,無,立法院第9屆第1會期內政委員會第12次全體委員會議,一、審查委員李俊俋等23人擬具「臺灣地區與大陸地區人民關係條例第四條之四及第七十九條之三條文修正草案」案。二、審查委員莊瑞雄等20人擬具「臺灣地區與大陸地區人民關係條例第四條之四及第七十九條之三條文修正草案」案。,黃昭順;陳怡潔;莊瑞雄;李俊俋;姚文智;陳其邁;賴瑞隆;孔文吉;陳超明;鄭天財Sra．Kacaw;徐榛蔚;盧秀燕;徐永明;李彥秀;趙天麟;林麗蟬;周陳秀霞;黃偉哲;鍾佳濱;江啟臣;洪宗熠;谷辣斯．尤達卡Kolas Yotaka;吳琪銘,
105/04/28,紅樓202會議室,內政委員會,無,立法院第9屆第1會期內政、財政、司法及法制委員會,「不當黨產處理條例草案、政黨不當取得財產處理條例草案、政黨及其附隨組織取得財產清查及處理條例草案、政黨財產監督管理條例草案、不當黨產取得處置條例草案、政黨及其附隨組織不當財產處理條例草案、政黨及其附隨組織財產調查暨處理條例草案」公聽會,,
105/04/28,紅樓302會議室,司法及法制委員會,無,立法院第9屆第1會期司法及法制委員會第19次全體委員會議,一、繼續併案審查(一)司法院、行政院函請審議「刑事訴訟法部分條文修正草案」、(二)委員林為洲等18 人擬具「刑事訴訟法部分條文修正草案」及(三)委員蔡易餘等17 人擬具「刑事訴訟法第十七條條文修正草案」案。二、繼續審查司法院、行政院函請審議「刑事訴訟法施行法增訂第七條之九條文草案」案。,林德福;柯建銘;張宏陸;段宜康;周春米;周陳秀霞;許淑華;蔡易餘;顧立雄;陳宜民;曾銘宗;鄭天財Sra．Kacaw;盧秀燕;李彥秀;江啟臣;孔文吉;黃偉哲;尤美女;莊瑞雄;林為洲;賴士葆,
105/04/28,群賢樓101會議室,教育及文化委員會,無,立法院第9屆第1會期教育及文化委員會第14次全體委員會議,繼續併案審查委員陳學聖等19人、委員管碧玲等24人擬具「文化資產保存法修正草案」、委員何欣純等22人、委員黃國書等18人、委員鄭天財等20人、委員何欣純等19人、委員鄭麗君等26人擬具「文化資產保存法部分條文修正草案」、委員蔣乃辛等22人擬具「文化資產保存法第三條及第四條條文修正草案」、委員蘇治芬等16人擬具「文化資產保存法第三條及第七十六條條文修正草案」、委員鄭麗君等26人擬具「文化資產保存法第五條條文修正草案」、委員黃國書等18人擬具「文化資產保存法第二十一條、第九十四條及第九十七條條文修正草案」、李俊俋等23人擬具「文化資產保存法第九十四條條文修正草案」案。【委員管碧玲等24人擬具「文化資產保存法修正草案」案如經院會復議，則不予審查。】【不詢答，進行逐條審查。】(4月27日及4月28日2天一次會),,
105/05/02,群賢樓801會議室,社會福利及衛生環境委員會,無,立法院第9屆第1會期社會福利及衛生環境委員會第20次全體委員會議,邀請衛生福利部、財團法人國家衛生研究院、行政院食品安全辦公室、行政院農業委員會、經濟部、教育部、國防部、外交部就「先食安，後經貿－開放含瘦肉精美國豬肉進口對我國民眾健康及產業之衝擊評估」列席報告，並備質詢。,蔣萬安;吳焜裕;洪慈庸;劉建國;陳宜民;吳玉琴;陳瑩;陳曼麗;李彥秀;王育敏;黃秀芳;楊曜;林淑芬;林德福;許淑華;賴士葆;盧秀燕;柯志恩;呂玉玲;江啟臣;林俊憲;徐永明;黃昭順;蔣乃辛;蔡易餘;張麗善;許智傑;羅明才;陳亭妃;陳明文;吳思瑤;陳歐珀;何欣純;吳志揚;費鴻泰;王惠美;許毓仁;曾銘宗;陳雪生;林為洲;尤美女;吳秉叡,
105/05/02,紅樓302會議室,司法及法制委員會,無,立法院第9屆第1會期司法及法制委員會,「促進轉型正義條例草案」第1場公聽會,尤美女;林德福;蔡易餘;羅致政,
105/05/02,群賢樓101會議室,教育及文化委員會,無,立法院第9屆第1會期教育及文化委員會第15次全體委員會議,一、邀請教育部部長列席報告「教育部技術及職業教育司與終身教育司業務」，並備質詢。二、邀請教育部部長就「教育部青年發展署學生生涯輔導與創業就業服務」專題報告，並備質詢。另邀請勞動部列席。,吳志揚;柯志恩;許智傑;吳思瑤;蘇巧慧;黃國書;張廖萬堅;蔣乃辛;高金素梅;何欣純;余宛如;黃國昌;吳秉叡;陳宜民;陳學聖;吳焜裕;蔡易餘;王定宇;盧秀燕;許毓仁;黃昭順;林德福;賴士葆;李彥秀;徐永明;羅明才;陳明文;陳亭妃;王惠美;林俊憲;陳歐珀;呂玉玲;費鴻泰;張麗善;江啟臣;曾銘宗,
105/05/02,九樓大禮堂,財政委員會,無,立法院第9屆第1會期財政委員會第12次全體委員會議,一、審查金融監督管理委員會主管財團法人台灣金融研訓院、財團法人汽車交通事故特別補償基金、財團法人住宅地震保險基金、財團法人保險安定基金、財團法人證券投資人及期貨交易人保護中心、財團法人保險事業發展中心及財團法人金融消費評議中心等7家財團法人103年度決算書案。二、審查本院委員曾銘宗等19人擬具「保險法第一百六十七條之二及第一百六十七條之三條文修正草案」案。,曾銘宗;吳秉叡;黃國昌;余宛如;賴士葆;盧秀燕;徐國勇;王榮璋;費鴻泰;陳賴素美;張麗善;吳志揚;吳思瑤;江啟臣;吳焜裕;徐永明;黃昭順;林德福;蔣乃辛;李彥秀;陳歐珀;王惠美;何欣純;陳明文;陳亭妃;蔡易餘;林俊憲;呂玉玲;羅明才;江永昌,
105/05/02,紅樓302會議室,司法及法制委員會,無,立法院第9屆第1會期司法及法制委員會第20次全體委員會議,繼續審查立法院組織法、立法院各委員會組織法、立法院職權行使法、立法委員行為法、立法院修憲委員會組織規程、立法院程序委員會組織規程、立法院議事規則、立法院會議錄影錄音管理播送辦法、立法院網路國民提案實施辦法、立法院議場規則、立法院各委員會召集委員選舉辦法、立法院各委員會會議室規則、立法委員互選院長副院長辦法等草案共計80案。,,
105/05/02,紅樓301會議室,外交及國防委員會,經濟委員會、財政委員會,立法院第9屆第1會期外交及國防、財政、經濟委員會第1次聯席會議,一、處理院會交付外交部105年度中央政府總預算決議凍結案等5案。 二、審查行政院函請審議「資訊科技協定擴大核可關稅減讓表」案。,蔡適應;江啟臣;王定宇;徐永明;羅致政;陳亭妃;劉世芳;賴士葆;盧秀燕;黃昭順;徐國勇;江永昌;王榮璋;李彥秀;費鴻泰;林昶佐;張麗善;陳賴素美;林德福;吳志揚;吳思瑤;王惠美;蔣乃辛;呂玉玲;陳歐珀;蔡易餘;林俊憲;陳明文,
105/05/03,紅樓201會議室,程序委員會,無,第9屆第1會期程序委員會第9次會議,審定本院第9屆第1會期第12次會議議事日程及人民 請願案,曾銘宗;陳曼麗;陳怡潔;吳玉琴,
105/05/04,群賢樓101會議室,教育及文化委員會,無,立法院第9屆第1會期教育及文化委員會第16次全體委員會議,邀請科技部部長率同財團法人國家實驗研究院院長列席報告業務概況，並備質詢。另邀請交通部中央氣象局、國家中山科學研究院、國家發展委員會、行政院農業委員會、國家通訊傳播委員會、國家災害防救科技中心等單位主管列席備詢。,蘇巧慧;吳思瑤;柯志恩;許智傑;吳志揚;黃國書;張廖萬堅;何欣純;蔣乃辛;陳學聖;鍾佳濱;林德福;盧秀燕;曾銘宗;林俊憲;陳亭妃;蕭美琴;陳明文;鄭運鵬;徐永明;陳歐珀;黃偉哲;徐榛蔚;王定宇;江啟臣;賴士葆;陳怡潔;王惠美;簡東明Uliw．Qaljupayare;李昆澤;顏寬恒;陳賴素美;馬文君;管碧玲;張麗善;呂玉玲;高金素梅;鄭麗君,
105/05/04,紅樓101會議室,經濟委員會,無,立法院第9屆第1會期經濟委員會第17次全體委員會議,一、審查行政院函送財團法人工業技術研究院105年度預算書及其附冊案。（詢答）二、審查經濟部函送該部主管財團法人台灣手工業推廣中心等9家財團法人105年度預算書及相關資料案。（詢答）【詳如議程】,林岱樺;廖國棟Sufin．Siluko;陳明文;黃偉哲;徐永明;王惠美;蘇震清;管碧玲;蔡培慧;蘇治芬;何欣純;徐榛蔚;鄭天財Sra．Kacaw;吳志揚;鍾佳濱;林德福;盧秀燕;吳思瑤;陳亭妃;邱志偉;陳歐珀;江啟臣;張麗善;蕭美琴;王定宇;黃昭順;賴士葆;簡東明Uliw．Qaljupayare;陳怡潔;李昆澤;蔣乃辛;賴瑞隆;鄭運鵬;陳賴素美;馬文君;顏寬恒;劉世芳;呂玉玲;高志鵬;邱議瑩;林俊憲;劉櫂豪,
105/05/04,紅樓202會議室,內政委員會,無,立法院第9屆第1會期內政委員會第13次全體委員會議,一、審查本院委員羅致政等19人擬具「社會秩序維護法第八十五條條文修正草案」案。二、審查本院委員鍾佳濱等16人擬具「社會秩序維護法增訂第八十五條之一條文草案」案。三、審查本院委員何欣純等22人擬具「社會秩序維護法第八十九條、第八十九條之一及第八十九條之二條文修正草案」案。四、審查本院委員陳怡潔等16人擬具「社會秩序維護法第八十五條條文修正草案」案。,黃昭順;陳怡潔;徐榛蔚;莊瑞雄;李俊俋;賴瑞隆;洪宗熠;林麗蟬;李昆澤;谷辣斯．尤達卡Kolas Yotaka;姚文智;鄭天財Sra．Kacaw;陳其邁;陳明文;吳琪銘;楊鎮浯;葉宜津;蕭美琴;黃偉哲;鄭運鵬;鄭寶清;趙正宇;徐永明;吳思瑤;賴士葆;盧秀燕;吳志揚;陳亭妃;江啟臣;簡東明Uliw．Qaljupayare;王惠美;蔣乃辛;林俊憲;顏寬恒;管碧玲;馬文君;陳賴素美;何欣純;呂玉玲;張麗善;陳歐珀;尤美女;羅致政;鍾佳濱;劉櫂豪;邱志偉,
105/05/04,群賢樓801會議室,社會福利及衛生環境委員會,無,立法院第9屆第1會期社會福利及衛生環境委員會第21次全體委員會議,(5月4日下午) 審查中華民國105年度中央政府總預算案附屬單位預算有關衛生福利部主管非營業基金:一、作業基金: (一)醫療藥品基金、(二)管制藥品製藥工廠作業基金、(三)全民健康保險基金、(四)國民年金保險基金；二、特別收入基金:(一)健康照護基金、(二)社會福利基金（詢答）。 ,洪慈庸;李彥秀;劉建國;吳玉琴;黃秀芳;林靜儀;蔣萬安;陳瑩;楊曜;陳宜民;吳焜裕;王育敏;王榮璋;高潞．以用．巴魕剌Kawlo．Iyun．Pacidal;陳曼麗;鍾孔炤;徐榛蔚;林淑芬,
105/05/04,群賢樓801會議室,社會福利及衛生環境委員會,無,舉行「捍衛國人健康－瘦肉精美豬對全民健康風險影響」公聽會,舉行「捍衛國人健康－瘦肉精美豬對全民健康風險影響」(公聽會),,
105/05/04,紅樓201會議室,交通委員會,無,立法院第9屆第1會期交通委員會第10次全體委員會議,一、審查委員李昆澤等16人擬具「停車場法第三十二條及第四十條之一條文修正草案」案。 二、審查委員洪慈庸等16人擬具「停車場法第三十二條及第三十七條條文修正草案」案。 三、審查委員葉宜津等18人擬具「發展觀光條例第五十五條條文修正草案」案。(第三案若經復議，則不予列入)(以上合併詢答，分開審查),鄭寶清;趙正宇;鄭天財Sra．Kacaw;陳歐珀;李昆澤;葉宜津;鄭運鵬;陳素月;蕭美琴;簡東明Uliw．Qaljupayare;林俊憲;顏寬恒;李鴻鈞;劉櫂豪;王榮璋;黃偉哲;徐永明;呂玉玲;吳思瑤;賴士葆;盧秀燕;吳志揚;陳亭妃;江啟臣;馬文君;陳怡潔;王惠美;蔣乃辛;管碧玲;徐榛蔚;陳明文;陳賴素美;何欣純;黃昭順;谷辣斯．尤達卡Kolas Yotaka;鍾佳濱;姚文智,
105/05/04,紅樓301會議室,外交及國防委員會,無,立法院第9屆第1會期外交及國防委員會第16次全體委員會議,一、處理院會交付國防部105年度中央政府總預算決議凍結案等5案。 二、審查本院民進黨黨團擬具「陸海空軍軍官士官服役條例第二十四條、第二十四條之一及第三十四條條文修正草案」案。 三、審查本院委員劉世芳等17人擬具「陸海空軍軍官士官服役條例第三十四條條文修正草案」案。（本案如經院會復議，則不予審查） 四、審查本院委員王定宇等22人擬具「陸海空軍軍官士官服役條例部分條文修正草案」案。 五、審查本院委員鄭運鵬等21人擬具「陸海空軍軍官士官服役條例第二十四條及第三十四條條文修正草案」案。,陳亭妃;王定宇;蔡適應;江啟臣;羅致政;馬文君;林昶佐;劉世芳;呂玉玲;呂孫綾;賴士葆;曾銘宗;陳明文;蕭美琴;鄭運鵬;黃偉哲;徐榛蔚;徐永明;吳志揚;吳思瑤;盧秀燕;陳怡潔;簡東明Uliw．Qaljupayare;王惠美;蔣乃辛;林俊憲;顏寬恒;管碧玲;陳賴素美;陳歐珀;邱志偉,
105/05/04,九樓大禮堂,財政委員會,外交及國防委員會,立法院第9屆第1會期財政、外交及國防委員會第1次聯席會議,審查「中華民國103年度中央政府總決算審核報告（含附屬單位決算及綜計表）案」關於外交部主管、國防部、國防部所屬（含國家安全局）、僑務委員會、國軍退除役官兵輔導委員會(含附屬單位決算營業及非營業特種基金部分、政府捐助成立財團法人)【外交部、國防部主管機密部分舉行秘密會議】。,黃國昌;曾銘宗;林昶佐;吳秉叡;賴士葆;盧秀燕;王榮璋;徐國勇;蔡適應;余宛如;陳賴素美;陳亭妃;江啟臣;王定宇;羅致政;費鴻泰;羅明才;呂玉玲;吳志揚;李昆澤;鄭天財Sra．Kacaw;陳歐珀;黃偉哲;鄭運鵬;陳明文;蕭美琴;徐榛蔚;徐永明;蔣乃辛;王惠美;簡東明Uliw．Qaljupayare;何欣純;顏寬恒;管碧玲;張麗善;呂孫綾;馬文君;江永昌;林德福;黃國昌;曾銘宗;吳秉叡;賴士葆;盧秀燕;王榮璋;徐國勇;蔡適應;羅致政;余宛如;王定宇;陳賴素美;馬文君;呂玉玲;王惠美;何欣純;顏寬恒;費鴻泰;江永昌,
105/05/04,紅樓302會議室,司法及法制委員會,無,立法院第9屆第1會期司法及法制委員會第21次全體委員會議,一、繼續審查委員林為洲等18人擬具「刑事訴訟法部分條文修正草案」案。二、繼續審查委員蔡易餘等17人擬具「刑事訴訟法第十七條條文修正草案」案。,,
105/05/04,紅樓302會議室,司法及法制委員會,無,立法院第9屆第1會期司法及法制委員會,「促進轉型正義條例草案」第2場公聽會,林昶佐;顧立雄;尤美女,
105/05/05,紅樓301會議室,外交及國防委員會,無,立法院第9屆第1會期外交及國防委員會第17次全體委員會議,一、審查本院委員劉世芳等17人擬具「國軍老舊眷村改建條例增訂第二十二條之一條文草案」案。 二、審查本院委員邱志偉等16人擬具「國軍老舊眷村改建條例部分條文修正草案」案。 三、審查本院委員羅致政等19人擬具「國軍老舊眷村改建條例增訂第二十三條之一條文草案」案。 四、審查本院委員王定宇等20人擬具「國軍老舊眷村改建條例部分條文修正草案」案。 五、審查本院委員黃昭順等21人擬具「國軍老舊眷村改建條例第二十二條條文修正草案」案。 六、審查本院委員賴士葆等18人擬具「國軍老舊眷村改建條例第三條條文修正草案」案。,徐志榮;蔡適應;劉世芳;林昶佐;江啟臣;羅致政;陳亭妃;馬文君;呂玉玲;王定宇;管碧玲;蔣乃辛;賴士葆;黃偉哲;林俊憲;邱志偉;吳志揚;陳明文;王惠美;周陳秀霞;孔文吉;林德福;李彥秀;張麗善;鄭天財Sra．Kacaw;鍾佳濱,
105/05/05,群賢樓801會議室,社會福利及衛生環境委員會,無,立法院第9屆第1會期社會福利及衛生環境委員會第21次全體委員會議,(5月5日) 繼續審查中華民國105年度中央政府總預算案附屬單位預算有關衛生福利部主管非營業基金:一、作業基金: (一)醫療藥品基金、(二)管制藥品製藥工廠作業基金、(三)全民健康保險基金、(四)國民年金保險基金；二、特別收入基金:(一)健康照護基金、(二)社會福利基金（預算處理）。,,
105/05/05,紅樓101會議室,經濟委員會,無,立法院第9屆第1會期經濟委員會第18次全體委員會議,一、邀請行政院農業委員會主任委員率漁業署署長及外交部、行政院海岸巡防署就「東聖吉16號事件後續處理情形及台日漁業協議」進行報告，並備質詢。二、審查行政院函請審議「遠洋漁業條例草案」、「投資經營非我國籍漁船管理條例修正草案」及「漁業法部分條文修正草案」。（詢答）,林岱樺;廖國棟Sufin．Siluko;陳明文;黃偉哲;邱議瑩;蘇震清;王惠美;管碧玲;徐永明;孔文吉;蔡培慧;蘇治芬;張麗善;林俊憲;邱志偉;江啟臣;莊瑞雄;林德福;陳曼麗;吳志揚;鍾孔炤;鄭天財Sra．Kacaw;鍾佳濱;黃國昌;周陳秀霞;陳亭妃;何欣純;馬文君;谷辣斯．尤達卡Kolas Yotaka;蔣乃辛;李彥秀;葉宜津;鄭運鵬;呂玉玲;賴士葆;徐國勇;吳思瑤,
105/05/05,群賢樓101會議室,教育及文化委員會,無,立法院第9屆第1會期教育及文化委員會第17次全體委員會議, 一、審查民進黨黨團擬具「高級中等教育法部分條文修正草案」案。二、審查民進黨黨團擬具「國民教育法第八條條文修正草案」案。三、審查委員陳亭妃等23人擬具「國民教育法第八條條文修正草案」案。四、審查委員陳亭妃等23人擬具「高級中等教育法第四十三條條文修正草案」案。五、審查委員鄭麗君等27人擬具「高級中等教育法部分條文修正草案」案。六、繼續審查委員黃國書等20人擬具「高級中等教育法第二十五條及第五十三條條文修正草案」案。七、審查委員黃國書等27人擬具「高級中等教育法第六十七條條文修正草案」案。八、審查委員黃國書等21人擬具「高級中等教育法第十四條條文修正草案」案。九、審查委員黃國書等17人擬具「國民教育法增訂第四條之一條文草案」案。【討論事項第一案、第二案、第八案如經院會復議，則不予審查。】,高潞．以用．巴魕剌Kawlo．Iyun．Pacidal;柯志恩;蘇巧慧;吳思瑤;張廖萬堅;許智傑;吳志揚;高金素梅;蔣乃辛;何欣純;黃國書;鍾佳濱;陳學聖;鄭麗君;鄭天財Sra．Kacaw;鍾孔炤;陳亭妃;黃偉哲;林俊憲;孔文吉;陳明文;王惠美;周陳秀霞;谷辣斯．尤達卡Kolas Yotaka;林德福;李彥秀;張麗善;賴士葆,
105/05/05,紅樓302會議室,司法及法制委員會,無,立法院第9屆第1會期司法及法制委員會第22次全體委員會議,(上午)一、邀請法務部部長列席就「馬來西亞遣送涉及電信詐騙案之32名國人至中國」及「肯亞案協商代表團赴中國談判成果」進行專題報告，並備質詢。(下午)二、繼續併案審查(一)行政院函請審議「公職人員利益衝突迴避法修正草案」、(二)委員高志鵬等23人擬具「公職人員利益衝突迴避法部分條文修正草案」、(三)國民黨黨團擬具「公職人員利益衝突迴避法第二條及第三條條文修正草案」案。,林德福;張宏陸;周陳秀霞;周春米;林為洲;許毓仁;顧立雄;許淑華;尤美女;賴士葆;黃偉哲;鍾佳濱;陳明文;鍾孔炤;林俊憲;羅致政;江啟臣;王惠美;陳亭妃;馬文君;孔文吉;蔣乃辛;李彥秀;張麗善;呂玉玲;管碧玲;王定宇;鄭天財Sra．Kacaw;段宜康;吳志揚;蔡易餘,
105/05/09,群賢樓801會議室,社會福利及衛生環境委員會,無,立法院社會福利及衛生環境委員會公聽會, 舉行「大專兼任教師適用勞基法」公聽會,,
105/05/09,紅樓202會議室,內政委員會,無,立法院第9屆第1會期內政委員會第14次全體委員會議,一、繼續審查（一）行政院函請審議「集會遊行法修正草案」案。（二）本院委員林淑芬等20人擬廢止「集會遊行法」案。（三）本院委員鄭麗君等35人擬具「集會遊行法修正草案」案。（四）本院委員陳亭妃等23人擬具「集會遊行法部分條文修正草案」案。 (五）本院委員陳明文等21人擬廢止「集會遊行法」案。 (六）本院委員蘇治芬等18人擬具「集會遊行法部分條文修正草案」案。（七) 行政院函請審議「公民投票法部分條文修正草案」案。（八）本院委員葉宜津等21人擬具「公民投票法部分條文修正草案」案。（九）本院委員陳亭妃等22人擬具「公民投票法部分條文修正草案」案。（十）本院委員高志鵬等21人擬具「公民投票法修正草案」案。（十一）本院委員林淑芬等20人擬具「公民投票法部分條文修正草案」案。（十二）本院委員李昆澤等28人擬具「公民投票法部分條文修正草案」案。（十三）本院委員尤美女等24人擬具「公民投票法第七條及第十八條條文修正草案」案。(十四）本院委員王定宇等18人擬具「公民投票法部分條文修正草案」案。（十五）本院委員鄭麗君等33人擬具「公民投票法修正草案」案。（十六）本院時代力量黨團擬具「公民投票法修正草案」案。 二、審查請願文書2案。,,
105/05/09,紅樓302會議室,司法及法制委員會,教育及文化委員會,立法院第9屆第1會期司法及法制、教育及文化委員會第1次聯席會議,併案審查行政院函請審議「學校教職員退休條例第十四條條文修正草案」及委員柯志恩等17人、委員顏寬恒等18人、委員林為洲等16人分別擬具「學校教職員退休條例第十四條條文修正草案」案。,吳志揚;林德福;柯建銘;張宏陸;許淑華;蔣乃辛;柯志恩;鄭麗君;黃國書;段宜康;陳亭妃;王定宇;鄭天財Sra．Kacaw;鄭運鵬;林為洲;徐永明;蕭美琴;李彥秀;劉世芳;簡東明Uliw．Qaljupayare;孔文吉;羅明才;徐榛蔚;林俊憲;呂玉玲;顏寬恒;邱志偉;周春米;顧立雄;陳歐珀;鍾佳濱;尤美女,
105/05/09,群賢樓101會議室,教育及文化委員會,無,立法院第9屆第1會期教育及文化委員會第18次全體委員會議,繼續併案審查委員陳學聖等19人、委員管碧玲等24人擬具「文化資產保存法修正草案」、委員何欣純等22人、委員黃國書等18人、委員鄭天財等20人、委員何欣純等19人、委員鄭麗君等26人、親民黨黨團擬具「文化資產保存法部分條文修正草案」、委員蔣乃辛等22人擬具「文化資產保存法第三條及第四條條文修正草案」、委員蘇治芬等16人擬具「文化資產保存法第三條及第七十六條條文修正草案」、委員鄭麗君等26人擬具「文化資產保存法第五條條文修正草案」、委員黃國書等18人擬具「文化資產保存法第二十一條、第九十四條及第九十七條條文修正草案」、委員李俊俋等23人擬具「文化資產保存法第九十四條條文修正草案」案。【修正草案第五條以下逐條審查。】【不詢答，進行逐條審查。】,,
105/05/09,紅樓301會議室,外交及國防委員會,無,立法院第9屆第1會期外交及國防委員會第18次全體委員會議,邀請外交部部長、國家安全局局長、行政院大陸委員會副主任委員報告「近來中甘復交、我國漁船於沖之鳥礁海域遭日本強扣、肯亞及馬來西亞將我國籍詐騙犯遣送中國大陸、WHA邀請函遲未送達等重大外交事件對我國際關係可能造成之困境及因應作為」，併請國防部、法務部、衛生福利部、行政院農業委員會、內政部警政署、行政院海岸巡防署列席，並備質詢。,林昶佐;陳亭妃;蔡適應;羅致政;王定宇;江啟臣;徐志榮;劉世芳;呂玉玲;馬文君;王育敏;鄭天財Sra．Kacaw;呂孫綾;張宏陸;邱志偉;徐永明;林俊憲;吳志揚;蔣乃辛;李彥秀;簡東明Uliw．Qaljupayare;孔文吉;羅明才;蕭美琴;徐榛蔚;顏寬恒;陳歐珀;鄭運鵬;林德福,
105/05/09,紅樓201會議室,交通委員會,無,立法院第9屆第1會期交通委員會第11次全體委員會議,一、審查委員鄭天財等20人擬具「有線廣播電視法第四十五條條文修正草案」案。 二、審查委員陳歐珀等19人擬具「衛星廣播電視法第六十四條條文修正草案」案。 三、審查委員賴士葆等20人擬具「通訊傳播基本法部分條文修正草案」案。 四、審查委員劉櫂豪等18人擬具「通訊傳播基本法第一條條文修正草案」案。(以上4案合併詢答，分開審查),鄭寶清;鄭天財Sra．Kacaw;鄭運鵬;陳歐珀;李昆澤;劉櫂豪;陳素月;蕭美琴;李鴻鈞;簡東明Uliw．Qaljupayare;林俊憲;陳雪生;顏寬恒;羅明才;林德福;趙正宇;徐永明;鍾佳濱;黃昭順;蔣乃辛;李彥秀;孔文吉;吳志揚;廖國棟Sufin．Siluko;徐榛蔚;呂玉玲;谷辣斯．尤達卡Kolas Yotaka;邱志偉;陳亭妃;鍾孔炤;顏寬恒;羅明才;趙正宇;葉宜津,
105/05/09,群賢樓801會議室,社會福利及衛生環境委員會,無,立法院第9屆第1會期社會福利及衛生環境委員會第22次全體委員會議,一、審查本院委員吳玉琴等22人擬具「就業服務法第五十二條條文修正草案」案（詢答）。 二、邀請勞動部就「保障國際勞動人權─如何避免海外仲介費剝削移工血汗勞動」列席報告，並備質詢。,吳玉琴;洪慈庸;吳焜裕;黃秀芳;劉建國;鍾孔炤;陳曼麗;陳宜民;王育敏;蔣萬安;李彥秀;林靜儀;林淑芬;李昆澤;楊曜;林俊憲;林德福;吳志揚;徐永明;黃昭順;蔣乃辛;簡東明Uliw．Qaljupayare;廖國棟Sufin．Siluko;林麗蟬;徐榛蔚;陳亭妃;呂玉玲;鍾佳濱;邱志偉;陳歐珀,
105/05/10,紅樓201會議室,程序委員會,無,第9屆第1會期程序委員會第10次會議,審定本院第9屆第1會期第13次會議議事日程及人民 請願案,徐永明;鍾孔炤,
105/05/11,紅樓202會議室,內政委員會,無,立法院第9屆第1會期內政委員會第14次全體委員會議,一、繼續審查（一）行政院函請審議「集會遊行法修正草案」案。（二）本院委員林淑芬等20人擬廢止「集會遊行法」案。（三）本院委員鄭麗君等35人擬具「集會遊行法修正草案」案。 （四）本院委員陳亭妃等23人擬具「集會遊行法部分條文修正草案」案。（五）本院委員陳明文等21人擬廢止「集會遊行法」案。（六）本院委員蘇治芬等18人擬具「集會遊行法部分條文修正草案」案。（七) 行政院函請審議「公民投票法部分條文修正草案」案。 （八）本院委員葉宜津等21人擬具「公民投票法部分條文修正草案」案。（九）本院委員陳亭妃等22人擬具「公民投票法部分條文修正草案」案。（十）本院委員高志鵬等21人擬具「公民投票法修正草案」案。 （十一）本院委員林淑芬等20人擬具「公民投票法部分條文修正草案」案。（十二）本院委員李昆澤等28人擬具「公民投票法部分條文修正草案」案。（十三）本院委員尤美女等24人擬具「公民投票法第七條及第十八條條文修正草案」案。（十四）本院委員王定宇等18人擬具「公民投票法部分條文修正草案」案。（十五）本院委員鄭麗君等33人擬具「公民投票法修正草案」案。（十六）本院時代力量黨團擬具「公民投票法修正草案」案。二、審查請願文書2案。,,
105/05/11,群賢樓101會議室,教育及文化委員會,無,立法院第9屆第1會期教育及文化委員會第19次全體委員會議,繼續併案審查行政院函請審議「文化資產保存法修正草案」、委員陳學聖等19人、委員管碧玲等24人擬具「文化資產保存法修正草案」、委員何欣純等22人、委員黃國書等18人、委員鄭天財等20人、委員何欣純等19人、委員鄭麗君等26人、親民黨黨團、時代力量黨團擬具「文化資產保存法部分條文修正草案」、委員蔣乃辛等22人擬具「文化資產保存法第三條及第四條條文修正草案」、委員蘇治芬等16人擬具「文化資產保存法第三條及第七十六條條文修正草案」、委員鄭麗君等26人擬具「文化資產保存法第五條條文修正草案」、委員黃國書等18人擬具「文化資產保存法第二十一條、第九十四條及第九十七條條文修正草案」、委員李俊俋等23人擬具「文化資產保存法第九十四條條文修正草案」案。【行政院函請審議「文化資產保存法修正草案」案及時代力量黨團擬具「文化資產保存法部分條文修正草案」案，如經院會復議，則不予審查。】【不詢答，進行逐條審查】(5月11日及5月12日2天一次會),,
105/05/11,紅樓301會議室,外交及國防委員會,無,立法院第9屆第1會期外交及國防委員會第19次全體委員會議,邀請國防部部長、國家安全局局長、行政院資通安全辦公室主任、行政院大陸委員會、國家通訊傳播委員會報告「從國防部成立第四軍種之必要性探討網路駭客之侵擾對政府及民間資訊安全防範之挑戰」，併請法務部、經濟部、交通部、科技部、內政部警政署列席，並備質詢。,林昶佐;羅致政;蔡適應;江啟臣;王定宇;呂孫綾;劉世芳;陳亭妃;呂玉玲;蔡易餘;林俊憲;馬文君;邱志偉;盧秀燕;徐榛蔚;李彥秀;徐永明;王惠美;陳明文;賴瑞隆;鍾佳濱;蔣乃辛;張麗善;黃偉哲;姚文智;賴士葆,
105/05/11,群賢樓801會議室,社會福利及衛生環境委員會,無,立法院第9屆第1會期社會福利及衛生環境委員會第23次全體委員會議,邀請行政院環境保護署、交通部、行政院農業委員會就「依『2007年殘骸移除奈洛比國際公約』檢視我國德翔台北輪船體移除作業是否符合海洋環境保護需求及後續污染賠償作業報告」列席報告，並備質詢。,洪慈庸;劉建國;陳曼麗;吳玉琴;陳宜民;鍾孔炤;林靜儀;李彥秀;蔣萬安;黃秀芳;林淑芬;王育敏;楊曜;鍾佳濱;黃國昌;賴士葆;盧秀燕;黃偉哲;呂孫綾;徐永明;徐榛蔚;林俊憲;王惠美;賴瑞隆;呂玉玲;張麗善;鄭運鵬;蕭美琴;吳秉叡;林淑芬,
105/05/11,九樓大禮堂,財政委員會,無,立法院第9屆第1會期財政委員會第13次全體委員會議,邀請財政部張部長盛和就「海關推動查驗技術現代化執行狀況及成效」進行專題報告，並備質詢。,曾銘宗;吳秉叡;黃國昌;盧秀燕;余宛如;賴士葆;徐國勇;陳賴素美;黃偉哲;徐永明;徐榛蔚;羅明才;林俊憲;王惠美;呂玉玲;張麗善;鍾佳濱;李彥秀;江永昌;費鴻泰,
105/05/11,紅樓101會議室,經濟委員會,無,立法院第9屆第1會期經濟委員會第19次全體委員會議,審查經濟部函送該部主管財團法人中國生產力中心、中興工程顧問社、台灣機電工程服務社、台灣非破壞檢測協會、中衛發展中心、自行車暨健康科技工業研究發展中心、石材暨資源產業研究發展中心等7家財團法人105年度預算書及相關資料案。(詢答)(二天一次會),廖國棟Sufin．Siluko;林岱樺;黃偉哲;徐永明;蘇震清;王惠美;陳明文;邱志偉;管碧玲;張麗善;高志鵬;江啟臣;盧秀燕;賴瑞隆;賴士葆;鍾孔炤;徐榛蔚;林俊憲;李彥秀;陳亭妃;黃秀芳;鍾佳濱;呂玉玲;鄭運鵬;蔣乃辛;蘇治芬;陳歐珀;羅明才;蔡培慧,
105/05/12,群賢樓101會議室,教育及文化委員會,無,立法院第9屆第1會期教育及文化委員會第19次全體委員會議,繼續併案審查行政院函請審議「文化資產保存法修正草案」、委員陳學聖等19人、委員管碧玲等24人擬具「文化資產保存法修正草案」、委員何欣純等22人、委員黃國書等18人、委員鄭天財等20人、委員何欣純等19人、委員鄭麗君等26人、親民黨黨團、時代力量黨團擬具「文化資產保存法部分條文修正草案」、委員蔣乃辛等22人擬具「文化資產保存法第三條及第四條條文修正草案」、委員蘇治芬等16人擬具「文化資產保存法第三條及第七十六條條文修正草案」、委員鄭麗君等26人擬具「文化資產保存法第五條條文修正草案」、委員黃國書等18人擬具「文化資產保存法第二十一條、第九十四條及第九十七條條文修正草案」、委員李俊俋等23人擬具「文化資產保存法第九十四條條文修正草案」案。【行政院函請審議「文化資產保存法修正草案」案及時代力量黨團擬具「文化資產保存法部分條文修正草案」案，如經院會復議，則不予審查。】【不詢答，進行逐條審查】(5月11日及5月12日2天一次會),,
105/05/12,群賢樓801會議室,社會福利及衛生環境委員會,無,立法院社會福利及衛生環境委員會公聽會,舉行「廢棄物循環利用發展方向及管理制度檢討」公聽會（上午：廢棄物循環利用發展方向之討論、 下午： 廢棄物管理制度檢討）         ,,
105/05/12,紅樓301會議室,外交及國防委員會,無,立法院第9屆第1會期外交及國防委員會第20次全體委員會議,審查行政院函請審議「要塞堡壘地帶法修正草案」案。（詢答）,陳亭妃;蔡適應;羅致政;王定宇;黃昭順;林昶佐;黃偉哲;江啟臣;馬文君;劉世芳;邱志偉;賴士葆;徐永明;吳志揚;廖國棟Sufin．Siluko;徐榛蔚;賴瑞隆;羅明才;蔣乃辛;張麗善;呂玉玲;盧秀燕,
105/05/12,紅樓302會議室,司法及法制委員會,無,立法院第9屆第1會期司法及法制委員會,「促進轉型正義條例草案」第3場公聽會,,
105/05/12,九樓大禮堂,內政委員會,無,立法院第9屆第1會期內政委員會第14次全體委員會議,一、繼續審查（一）行政院函請審議「集會遊行法修正草案」案。（二）本院委員林淑芬等20人擬廢止「集會遊行法」案。（三）本院委員鄭麗君等35人擬具「集會遊行法修正草案」案。（四）本院委員陳亭妃等23人擬具「集會遊行法部分條文修正草案」案。（五）本院委員陳明文等21人擬廢止「集會遊行法」案。（六）本院委員蘇治芬等18人擬具「集會遊行法部分條文修正草案」案。（七) 行政院函請審議「公民投票法部分條文修正草案」案。（八）本院委員葉宜津等21人擬具「公民投票法部分條文修正草案」案。（九）本院委員陳亭妃等22人擬具「公民投票法部分條文修正草案」案。（十）本院委員高志鵬等21人擬具「公民投票法修正草案」案。（十一）本院委員林淑芬等20人擬具「公民投票法部分條文修正草案」案。（十二）本院委員李昆澤等28人擬具「公民投票法部分條文修正草案」案。（十三）本院委員尤美女等24人擬具「公民投票法第七條及第十八條條文修正草案」案。（十四）本院委員王定宇等18人擬具「公民投票法部分條文修正草案」案。（十五）本院委員鄭麗君等33人擬具「公民投票法修正草案」案。（十六）本院時代力量黨團擬具「公民投票法修正草案」案。二、審查請願文書2案。,,
105/05/12,紅樓202會議室,財政委員會,教育及文化委員會,立法院第9屆第1會期財政、教育及文化委員會第1次聯席會議,審查「中華民國103年度中央政府總決算審核報告（含附屬單位決算及綜計表）案」關於文化部主管、國立故宮博物院 (含附屬單位決算營業及非營業特種基金部分、政府捐助成立財團法人)。,曾銘宗;吳秉叡;黃國昌;盧秀燕;賴士葆;吳志揚;余宛如;蔡易餘;王榮璋;徐國勇;羅明才;蔣乃辛;費鴻泰;鍾佳濱;徐永明;廖國棟Sufin．Siluko;徐榛蔚;張麗善;邱志偉;許智傑;呂玉玲;陳賴素美;黃偉哲;江永昌;柯志恩,
105/05/12,紅樓101會議室,經濟委員會,無,立法院第9屆第1會期經濟委員會第19次全體委員會議,一、審查行政院函送財團法人中華經濟研究院105年度預算書案。(詢答) 二、審查經濟部函送該部主管財團法人台灣地理資訊中心、專利檢索中心等2家財團法人105年度預算書及相關資料案。(詢答)(二天一次會),黃偉哲;廖國棟Sufin．Siluko;徐永明;陳明文;蘇震清;張麗善;邱志偉;高志鵬;曾銘宗;劉世芳;黃昭順;江啟臣;盧秀燕;吳志揚;徐榛蔚;鍾佳濱;賴瑞隆;羅明才;管碧玲;林岱樺,
105/05/16,紅樓202會議室,內政委員會,無,立法院第9屆第1會期內政委員會第15次全體委員會議,邀請原住民族委員會、內政部、財政部、行政院農業委員會、國防部，就「我國土地產權中公權與私權間，因法令規範不明致無法認定所有權人等爭議(例如：原住民傳統領域、原住民保留地、祭祀公業、神明會、耕地三七五租約『地主』與『佃農』間爭議及日據時期民眾被日本政府佔有土地等)，土地無法有效利用，導致民眾權益受損」進行專題報告並備質詢。,陳超明;李俊俋;鄭天財Sra．Kacaw;莊瑞雄;賴瑞隆;谷辣斯．尤達卡Kolas Yotaka;洪宗熠;林德福;高金素梅;陳瑩;陳其邁;蕭美琴;徐榛蔚;李彥秀;鄭運鵬;蔡易餘;王惠美;林俊憲;蔣乃辛;陳亭妃;周陳秀霞;林昶佐;陳歐珀;葉宜津;李昆澤;何欣純;吳琪銘;吳志揚;陳怡潔;趙天麟;黃昭順,
105/05/16,群賢樓101會議室,教育及文化委員會,無,立法院第9屆第1會期教育及文化委員會,「私立學校法」修法公聽會,,
105/05/16,群賢樓801會議室,社會福利及衛生環境委員會,無,立法院第9屆第1會期社會福利及衛生環境委員會第24次全體委員會議,邀請衛生福利部、勞動部及教育部就「因應腸病毒流行季之防疫對策、門急診就醫分流、健保給付等緊急應變機制與建立有薪家庭照顧假、臨托服務、停課標準及退費標準(含學校、幼兒園、補習班、課後照顧服務中心及托嬰中心)等配套措施」列席報告，並備質詢。,洪慈庸;吳玉琴;陳瑩;鍾孔炤;劉建國;吳焜裕;李彥秀;蔣萬安;王育敏;陳曼麗;黃秀芳;陳宜民;林靜儀;楊曜;鄭天財Sra．Kacaw;王惠美;鄭運鵬;林俊憲;林德福;江啟臣;黃昭順;徐榛蔚;顏寬恒;蔣乃辛;李昆澤;陳亭妃;周陳秀霞;林淑芬;陳歐珀,
105/05/16,紅樓302會議室,司法及法制委員會,無,立法院第9屆第1會期司法及法制委員會第23次全體委員會議,繼續審查立法院組織法、立法院各委員會組織法、立法院職權行使法、立法委員行為法、立法院修憲委員會組織規程、立法院程序委員會組織規程、立法院議事規則、立法院會議錄影錄音管理播送辦法、立法院網路國民提案實施辦法、立法院議場規則、立法院各委員會召集委員選舉辦法、立法院各委員會會議室規則、立法委員互選院長副院長辦法等草案共計81案。,林德福;許淑華;蔡易餘;周陳秀霞;段宜康;顏寬恒;鄭運鵬;陳歐珀;李彥秀;江啟臣;黃昭順;徐榛蔚;王惠美;林俊憲;劉世芳;陳亭妃;蔣乃辛;高金素梅;林為洲;顧立雄;周春米;尤美女;李俊俋,
105/05/16,紅樓301會議室,外交及國防委員會,無,立法院第9屆第1會期外交及國防委員會第21次全體委員會議,繼續審查：一、本院民進黨黨團擬具「陸海空軍軍官士官服役條例第二十四條、第二十四條之一及第三十四條條文修正草案」案。 二、本院委員劉世芳等17人擬具「陸海空軍軍官士官服役條例第三十四條條文修正草案」案。三、本院委員王定宇等22人擬具「陸海空軍軍官士官服役條例部分條文修正草案」案。四、本院委員鄭運鵬等21人擬具「陸海空軍軍官士官服役條例第二十四條及第三十四條條文修正草案」案。,,
105/05/16,紅樓201會議室,交通委員會,無,立法院第9屆第1會期交通委員會第12次全體委員會議,邀請交通部暨所屬就「災害防救相關業務」列席報告，並備質詢。,李昆澤;鄭寶清;陳歐珀;顏寬恒;葉宜津;蕭美琴;鄭運鵬;陳素月;鄭天財Sra．Kacaw;林俊憲;李鴻鈞;陳雪生;江啟臣;趙正宇;李彥秀;林德福;黃昭順;徐榛蔚;劉櫂豪;王惠美;賴瑞隆;蔣乃辛;周陳秀霞;陳亭妃;高金素梅;蔡易餘;何欣純;吳志揚;簡東明Uliw．Qaljupayare;鍾孔炤,
105/05/17,紅樓201會議室,程序委員會,無,第9屆第1會期程序委員會第11次會議,審定本院第9屆第1會期第14次會議議事日程及人民 請願案,鍾孔炤;曾銘宗;江啟臣;李彥秀,
105/05/18,紅樓201會議室,交通委員會,無,立法院第9屆第1會期交通委員會第13次全體委員會議,一、繼續審查委員李昆澤等16人擬具「停車場法第三十二條及第四十條之一條文修正草案」案。 二、繼續審查委員洪慈庸等16人擬具「停車場法第三十二條及第三十七條條文修正草案」案。 三、繼續審查委員葉宜津等18人擬具「發展觀光條例第五十五條條文修正草案」案。(業已詢答完畢，進行逐條審查),,
105/05/18,紅樓202會議室,內政委員會,司法及法制委員會,立法院第9屆第1會期內政、司法及法制委員會第3次聯席會議,一、審查本院委員鄭天財等18人擬具「財團法人原住民族文化事業基金會設置條例第四條條文修正草案」案。 二、審查本院委員陳瑩等18人擬具「財團法人原住民族文化事業基金會設置條例第九條條文修正草案」案。,莊瑞雄;李俊俋;賴瑞隆;周陳秀霞;洪宗熠;高金素梅;許淑華;莊瑞雄;鄭天財Sra．Kacaw;陳其邁;徐永明;簡東明Uliw．Qaljupayare;谷辣斯．尤達卡Kolas Yotaka;蕭美琴;姚文智;黃昭順;尤美女;周春米;吳琪銘;林俊憲,
105/05/18,紅樓302會議室,司法及法制委員會,無,立法院第9屆第1會期司法及法制委員會第24次全體委員會議,審查委員顧立雄等24人擬具「刑事案件確定後去氧核醣核酸鑑定條例草案」案。,林德福;柯建銘;張宏陸;周陳秀霞;許淑華;周春米;顧立雄;段宜康;曾銘宗;林俊憲;徐永明;簡東明Uliw．Qaljupayare;蔣乃辛;尤美女;蔡易餘;林俊憲,
105/05/18,紅樓101會議室,經濟委員會,無,立法院第9屆第1會期經濟委員會公聽會 ,從行政院函請審議「遠洋漁業條例草案」等案─探討台灣遠洋漁業制度暨遠洋漁業永續發展公聽會,,
105/05/18,九樓大禮堂,財政委員會,交通委員會,立法院第9屆第1會期財政、交通委員會第1次聯席會議,審查「中華民國103年度中央政府總決算審核報告（含附屬單位決算及綜計表）案」關於交通部主管(含附屬單位決算營業及非營業特種基金部分)。,吳秉叡;曾銘宗;黃國昌;賴士葆;林俊憲;徐國勇;費鴻泰;盧秀燕;王榮璋;陳賴素美;林德福;鄭天財Sra．Kacaw;余宛如;陳素月;蕭美琴;趙正宇;李昆澤;簡東明Uliw．Qaljupayare;徐永明;高金素梅;周陳秀霞;陳歐珀;劉櫂豪;江永昌;羅明才,
105/05/19,群賢樓101會議室,教育及文化委員會,無,立法院第9屆第1會期教育及文化委員會第20次全體委員會議,一、邀請教育部列席報告「國立高中職改隸市立之規劃狀況」，並備質詢。二、邀請教育部列席報告「教育部學產基金及國有學產房地經營與運作狀況」，並備質詢。三、邀請教育部體育署列席報告「2017WBC世界棒球經典賽第一輪賽事申辦情形與規劃」，並備質詢。,吳志揚;柯志恩;吳思瑤;蘇巧慧;黃國書;張廖萬堅;蔣乃辛;許智傑;何欣純;高金素梅;高潞．以用．巴魕剌Kawlo．Iyun．Pacidal;陳學聖;鍾佳濱;羅致政;王定宇;李彥秀;徐永明;林德福;鍾孔炤;黃秀芳;林俊憲;周陳秀霞;呂玉玲,
105/05/19,紅樓302會議室,司法及法制委員會,無,立法院第9屆第1會期司法及法制委員會第25次全體委員會議,一、審查委員顧立雄等32人擬具「刑事訴訟法部分條文修正草案」案。二、繼續審查委員林為洲等18人擬具「刑事訴訟法部分條文修正草案」案。三、審查委員顧立雄等30人擬具「中華民國刑法第三十八條之三條文修正草案」及「中華民國刑法施行法第十條之三條文修正草案」案。四、審查委員曾銘宗等16人擬具「中華民國刑法第四十條條文修正草案」案。五、審查委員顧立雄等31人擬具「法院組織法增訂第十四條之一條文草案」案。六、繼續審查委員蔡易餘等17 人擬具「刑事訴訟法第十七條條文修正草案」案。,林德福;張宏陸;尤美女;周陳秀霞;段宜康;羅致政;許淑華;徐永明;江啟臣;李彥秀;蔣乃辛;劉世芳;鍾佳濱;林俊憲;呂玉玲;周春米;顧立雄;蔡易餘;吳志揚;柯建銘,
105/05/19,群賢樓801會議室,社會福利及衛生環境委員會,無,立法院第9屆第1會期社會福利及衛生環境委員會第25次全體委員會議,審查(一)本院委員王育敏等16人擬具「化粧品衛生管理條例第二十三條之二、第二十七條及第三十五條條文修正草案」、(二)委員蔣乃辛等21人擬具「化粧品衛生管理條例第六條條文修正草案」、(三)委員莊瑞雄等22人擬具「化粧品衛生管理條例第二十三條之二及第二十七條條文修正草案」等3案。,洪慈庸;吳焜裕;吳玉琴;李彥秀;鍾孔炤;陳曼麗;王育敏;劉建國;陳宜民;黃秀芳;陳瑩;蔣萬安;林俊憲;蔣乃辛;楊曜;高金素梅;鍾佳濱;徐永明;周陳秀霞;呂玉玲;吳志揚;林淑芬;何欣純,
105/05/19,紅樓201會議室,交通委員會,無,立法院第9屆第1會期交通委員會,「電動自行車如何納入管理」公聽會,,
105/05/19,紅樓301會議室,外交及國防委員會,無,立法院第9屆第1會期外交及國防委員會第22次全體委員會議,邀請國防部、衛生福利部、國軍退除役官兵輔導委員會報告「如何提升我國現役軍人之精神衛生管理、輔導措施、就醫轉診程序、醫療環境與品質及退除給與、退輔措施」，並備質詢。,羅致政;蔡適應;王定宇;江啟臣;林昶佐;劉世芳;呂玉玲;林德福;吳焜裕;呂孫綾;吳志揚;鍾孔炤;徐永明;李彥秀;蔣乃辛;鍾佳濱;吳玉琴;周陳秀霞;林俊憲,
105/05/23,紅樓202會議室,內政委員會,無,立法院第9屆第1會期內政委員會第16次全體委員會議,處理105年度中央政府總預算有關客家委員會預算凍結項目報告案計9案。,黃昭順;莊瑞雄;姚文智;李俊俋;陳超明;楊鎮浯;谷辣斯．尤達卡Kolas Yotaka;賴瑞隆;徐榛蔚;林麗蟬;趙天麟;陳其邁;鄭天財Sra．Kacaw;徐志榮;陳歐珀;洪宗熠;李昆澤;徐永明;顏寬恒;簡東明Uliw．Qaljupayare;陳亭妃;吳志揚;蔣乃辛;黃偉哲;李彥秀;陳明文;王惠美;邱志偉;劉世芳;馬文君;林俊憲;高金素梅;呂玉玲;葉宜津;林德福;吳琪銘;鍾孔炤,
105/05/23,九樓大禮堂,教育及文化委員會,無,立法院第9屆第1會期教育及文化委員會第21次全體委員會議,邀請文化部部長列席報告業務概況，並備質詢。(5月23日及5月25日2天一次會),吳志揚;張廖萬堅;柯志恩;黃國書;鍾佳濱;蘇巧慧;高潞．以用．巴魕剌Kawlo．Iyun．Pacidal;吳思瑤;蔣乃辛;許智傑;高金素梅;陳學聖;何欣純;曾銘宗;鄭天財Sra．Kacaw;羅致政;黃昭順;管碧玲;江啟臣;林德福;徐永明;邱志偉;顏寬恒;徐榛蔚;簡東明Uliw．Qaljupayare;姚文智;李彥秀;黃偉哲;王惠美;李昆澤;陳歐珀;林俊憲;呂玉玲;盧秀燕,
105/05/23,紅樓301會議室,外交及國防委員會,無,立法院第9屆第1會期外交及國防委員會第23次全體委員會議,邀請國防部部長報告業務概況，並備質詢。,陳亭妃;江啟臣;羅致政;王定宇;劉世芳;馬文君;呂玉玲;呂孫綾;黃昭順;林德福;蕭美琴;管碧玲;徐志榮;黃偉哲;徐永明;簡東明Uliw．Qaljupayare;賴瑞隆;姚文智;陳歐珀;蔣乃辛;李彥秀;王惠美;陳明文;邱志偉;吳志揚;林俊憲;顏寬恒;高金素梅;徐榛蔚,
105/05/23,紅樓201會議室,交通委員會,無,立法院第9屆第1會期交通委員會第14次全體委員會議,邀請交通部部長賀陳旦列席報告業務概況，並備質詢。,李昆澤;鄭寶清;鄭天財Sra．Kacaw;鄭運鵬;陳歐珀;葉宜津;顏寬恒;蕭美琴;陳素月;簡東明Uliw．Qaljupayare;趙正宇;李鴻鈞;林俊憲;黃昭順;林德福;陳雪生;徐榛蔚;黃國昌;劉櫂豪;江啟臣;邱志偉;王定宇;鍾孔炤;曾銘宗;楊鎮浯;羅致政;高潞．以用．巴魕剌Kawlo．Iyun．Pacidal;呂玉玲;黃偉哲;李彥秀;王育敏;陳明文;王惠美;吳志揚;姚文智;陳亭妃;徐永明;劉世芳;陳超明;高金素梅;蔣乃辛;谷辣斯．尤達卡Kolas Yotaka;管碧玲;賴瑞隆;蔡易餘,
105/05/23,紅樓302會議室,司法及法制委員會,無,立法院第9屆第1會期司法及法制委員會第26次全體委員會議,繼續審查立法院組織法、立法院各委員會組織法、立法院職權行使法、立法委員行為法、立法院修憲委員會組織規程、立法院程序委員會組織規程、立法院議事規則、立法院會議錄影錄音管理播送辦法、立法院網路國民提案實施辦法、立法院議場規則、立法院各委員會召集委員選舉辦法、立法院各委員會會議室規則共計79案。,,
105/05/24,紅樓201會議室,程序委員會,無,第9屆第1會期程序委員會第12次會議,審定本院第9屆第1會期第15次會議議事日程及人民 請願案,吳玉琴;李彥秀,
105/05/25,紅樓202會議室,內政委員會,無,立法院第9屆第1會期內政委員會第17次全體委員會議,一、處理105年度中央政府總預算有關行政院預算凍結項目報告案計2案。二、處理105年度中央政府總預算有關臺灣省政府預算凍結項目報告案計2案。三、處理105年度中央政府總預算有關中央選舉委員會預算凍結項目報告案計2案。四、處理105年度中央政府總預算有關行政院海岸巡防署主管─海岸巡防署、海洋巡防總局、海岸巡防總局及所屬預算凍結項目報告案計7案。,鄭天財Sra．Kacaw;黃昭順;李俊俋;莊瑞雄;洪宗熠;賴瑞隆;陳其邁;陳超明;谷辣斯．尤達卡Kolas Yotaka;林麗蟬;黃偉哲;賴士葆;吳志揚;李彥秀;林俊憲;蔣乃辛;陳明文;管碧玲;邱志偉;何欣純;簡東明Uliw．Qaljupayare;呂玉玲;蕭美琴;呂孫綾;張麗善;羅明才;鄭運鵬;趙天麟;姚文智;吳琪銘;高金素梅;林德福,
105/05/25,群賢樓801會議室,社會福利及衛生環境委員會,無,立法院第9屆第1會期社會福利及衛生環境委員會第26次全體委員會議,（上午） 邀請行政院環境保護署、經濟部工業局就「檢視『經濟部事業廢棄物再利用管理辦法』修正草案是否足以妥善清理電弧爐煉鋼爐碴(石) 」列席報告，並備質詢。 （下午） 繼續審查(一)本院委員林淑芬等21人擬具「廢棄物清理法部分條文修正草案」、(二)委員蘇治芬等20人擬具「廢棄物清理法第二十八條、第三十二條及第四十六條條文修正草案」等2案。,洪慈庸;吳焜裕;劉建國;吳玉琴;陳曼麗;李彥秀;蔣萬安;黃秀芳;陳瑩;陳歐珀;楊曜;王育敏;賴瑞隆;黃偉哲;盧秀燕;賴士葆;曾銘宗;吳志揚;江啟臣;徐永明;鍾孔炤;蔣乃辛;林俊憲;黃昭順;何欣純;蘇震清;陳賴素美;管碧玲;吳秉叡;邱志偉;呂玉玲;羅明才;王惠美;林淑芬,
105/05/25,紅樓201會議室,交通委員會,無,立法院第9屆第1會期交通委員會第15次全體委員會議,繼續併案審查： 一、委員李鴻鈞等25人擬具「鐵路法第六十二條及第七十條條文修正草案」案。 二、委員趙正宇等19人擬具「鐵路法第六十五條、第七十條及第七十一條條文修正草案」案。 三、委員鄭麗君等29人擬具「鐵路法第七十一條條文修正草案」案。(業已詢答完畢，進行逐條審查),,
105/05/25,九樓大禮堂,財政委員會,經濟委員會,立法院第9屆第1會期財政、經濟委員會第1次聯席會議,審查「中華民國103年度中央政府總決算審核報告（含附屬單位決算及綜計表）案」關於公平交易委員會。,黃國昌;吳秉叡;曾銘宗;賴士葆;黃偉哲;盧秀燕;徐永明;徐國勇;蔡培慧;林德福;蘇震清;費鴻泰;邱志偉;陳賴素美;余宛如;呂玉玲;鄭天財Sra．Kacaw;吳志揚;江啟臣;陳歐珀;李彥秀;蔣乃辛;林俊憲;黃昭順;何欣純;羅明才;管碧玲;江永昌,
105/05/25,群賢樓101會議室,教育及文化委員會,無,立法院第9屆第1會期教育及文化委員會第21次全體委員會議,邀請國立故宮博物院院長列席報告業務概況，並備質詢。(5月23日及5月25日2天一次會),許智傑;蘇巧慧;吳志揚;吳思瑤;張廖萬堅;黃國書;柯志恩;蔣乃辛;鍾佳濱;陳明文;何欣純;陳學聖;黃偉哲;曾銘宗;盧秀燕;徐永明;陳歐珀;江啟臣;賴士葆;林俊憲;吳秉叡;黃昭順;蘇震清;邱志偉;賴瑞隆;陳賴素美;蕭美琴;呂玉玲;羅明才;張麗善;姚文智;蔡易餘,
105/05/25,紅樓301會議室,外交及國防委員會,無,立法院第9屆第1會期外交及國防委員會第24次全體委員會議,邀請外交部部長報告業務概況，並備質詢。,王定宇;江啟臣;陳亭妃;羅致政;劉世芳;徐志榮;呂玉玲;呂孫綾;林麗蟬;徐永明;馬文君;陳明文;賴士葆;黃偉哲;邱志偉;高金素梅;黃昭順;管碧玲;李彥秀;林俊憲;賴瑞隆;陳歐珀;何欣純;王育敏;張麗善;羅明才;蔣乃辛;吳志揚;蔡易餘,
105/05/26,紅樓302會議室,司法及法制委員會,無,立法院第9屆第1會期司法及法制委員會第27次全體委員會議,一、審查委員鄭天財等23人擬具「促進轉型正義回復原住民族傳統領域土地條例草案」案。二、審查時代力量黨團擬具「歷史正義與權利回復法草案」案。,林德福;許淑華;尤美女;顧立雄;張宏陸;陳瑩;周春米;高金素梅;高潞．以用．巴魕剌Kawlo．Iyun．Pacidal;鄭天財Sra．Kacaw;谷辣斯．尤達卡Kolas Yotaka;簡東明Uliw．Qaljupayare;廖國棟Sufin．Siluko;吳志揚;黃昭順;李彥秀;段宜康;曾銘宗;張麗善,
105/05/26,群賢樓801會議室,社會福利及衛生環境委員會,無,立法院第9屆第1會期社會福利及衛生環境委員會第27次全體委員會議,邀請行政院環境保護署李署長應元列席報告業務概況，並備質詢。,李彥秀;吳焜裕;賴瑞隆;洪慈庸;陳曼麗;鍾孔炤;陳賴素美;蔣萬安;吳玉琴;王育敏;陳瑩;黃秀芳;林靜儀;劉建國;廖國棟Sufin．Siluko;鄭天財Sra．Kacaw;曾銘宗;王惠美;賴士葆;盧秀燕;蘇治芬;高潞．以用．巴魕剌Kawlo．Iyun．Pacidal;楊曜;吳秉叡;蘇震清;蔡易餘;林俊憲;蔣乃辛;徐永明;徐榛蔚;吳志揚;黃昭順;王惠美;蘇治芬;高潞．以用．巴魕剌Kawlo．Iyun．Pacidal;廖國棟Sufin．Siluko;曾銘宗;林淑芬,
105/05/26,紅樓302會議室,司法及法制委員會,無,立法院第9屆第1會期司法及法制委員會,「刑事案件確定後去氧核醣核酸鑑定條例草案」公聽會,,
105/05/26,九樓大禮堂,財政委員會,教育及文化委員會,立法院第9屆第1會期財政、教育及文化委員會第2次聯席會議,審查「中華民國103年度中央政府總決算審核報告（含附屬單位決算及綜計表）案」關於教育部主管 (含附屬單位決算非營業特種基金部分)。,曾銘宗;黃國昌;吳秉叡;蔣乃辛;余宛如;賴士葆;盧秀燕;徐國勇;王榮璋;吳志揚;柯志恩;高金素梅;鍾佳濱;陳賴素美;蘇巧慧;黃國書;費鴻泰;李彥秀;蘇震清;林俊憲;陳學聖;高潞．以用．巴魕剌Kawlo．Iyun．Pacidal;江永昌;鄭天財Sra．Kacaw,
105/05/26,紅樓301會議室,外交及國防委員會,無,立法院第9屆第1會期外交及國防委員會第25次全體委員會議,邀請國防部部長報告「募兵制實施現況之檢討暨未來改良之規劃」，併請國軍退除役官兵輔導委員會、內政部役政署派員列席，並備質詢。,羅致政;陳亭妃;劉世芳;江啟臣;呂孫綾;徐志榮;王定宇;馬文君;呂玉玲;王惠美;賴士葆;盧秀燕;蔡易餘;吳志揚;徐永明;蔣乃辛;鍾孔炤;蘇震清;林俊憲;陳賴素美;李彥秀,
105/05/26,紅樓101會議室,內政委員會,財政委員會、司法及法制委員會,立法院第9屆第1會期內政、財政、司法及法制委員會第3次聯席會議,一、繼續審查委員葉宜津等30人擬具「不當黨產處理條例草案」案。 二、繼續審查委員黃偉哲等19人擬具「不當黨產處理條例草案」案。 三、繼續審查委員鄭寶清等42人擬具「政黨不當取得財產處理條例草案」案。 四、繼續審查委員陳亭妃等20人擬具「政黨及其附隨組織取得財產清查及處理條例草案」案。 五、繼續審查委員鄭運鵬等16人擬具「政黨不當取得財產處理條例草案」案。 六、繼續審查委員高志鵬等21人擬具「政黨及其附隨組織取得財產清查及處理條例草案」案。 七、繼續審查國民黨黨團擬具「政黨財產監督管理條例草案」案。 八、繼續審查委員林俊憲等17人擬具「不當黨產取得處置條例草案」案。 九、繼續審查委員賴瑞隆等18人擬具「政黨及其附隨組織取得財產清查及處理條例草案」案。 十、繼續審查時代力量黨團擬具「政黨及其附隨組織不當財產處理條例草案」案。 十一、審查親民黨黨團擬具「政黨及其附隨組織財產調查暨處理條例草案」案。 十二、審查請願文書1案。,,
105/05/30,紅樓101會議室,經濟委員會,無,立法院第9屆第1會期經濟委員會第20次全體委員會議,邀請行政院農業委員會主任委員列席報告業務概況，並備質詢。(5月30日、6月1日、2日三天一次會),林岱樺;邱議瑩;黃偉哲;蘇治芬;王惠美;張麗善;管碧玲;徐永明;陳明文;蘇震清;高志鵬;蔡培慧;徐榛蔚;江啟臣;黃昭順;賴瑞隆;蕭美琴;林德福;陳歐珀;林俊憲;陳超明;林淑芬;吳焜裕;高金素梅;劉櫂豪;李昆澤;李彥秀;鄭天財Sra．Kacaw;賴士葆;鄭運鵬;陳怡潔;吳志揚;蔣乃辛;吳思瑤;楊曜;蔡易餘;余宛如;鍾孔炤;陳雪生;盧秀燕;柯志恩;周陳秀霞;呂玉玲;谷辣斯．尤達卡Kolas Yotaka;羅明才;費鴻泰;曾銘宗;鍾佳濱;高潞．以用．巴魕剌Kawlo．Iyun．Pacidal,
105/05/30,九樓大禮堂,財政委員會,無,立法院第9屆第1會期財政委員會第14次全體委員會議,105年5月30日（星期一）邀請行政院主計總處朱主計長澤民率所屬單位主管列席業務報告，並備質詢。(105年5月30日、6月1日及6月2日【三天一次會】) ,曾銘宗;吳秉叡;黃國昌;賴士葆;余宛如;施義芳;盧秀燕;徐國勇;王榮璋;顏寬恒;徐榛蔚;江啟臣;李彥秀;費鴻泰;吳志揚;鄭天財Sra．Kacaw;張麗善;黃偉哲;林德福;王惠美;陳賴素美;陳歐珀;劉櫂豪;徐永明;蔣乃辛;陳怡潔;何欣純;陳明文;蘇震清;高金素梅;蔡易餘;林俊憲;管碧玲;賴瑞隆;周陳秀霞;呂玉玲;鄭運鵬;江永昌;羅明才,
105/05/30,紅樓201會議室,交通委員會,無,立法院第9屆第1會期交通委員會第16次全體委員會議,邀請行政院公共工程委員會主任委員吳宏謀列席報告業務概況，並備質詢。,陳歐珀;李昆澤;鄭寶清;鄭運鵬;鄭天財Sra．Kacaw;陳素月;趙正宇;劉櫂豪;段宜康;蕭美琴;李鴻鈞;林俊憲;顏寬恒;葉宜津;徐榛蔚;施義芳;賴瑞隆;王惠美;蘇治芬;徐永明;吳焜裕;李彥秀;陳雪生;吳志揚;賴士葆;陳怡潔;張麗善;蔣乃辛;莊瑞雄;吳思瑤;陳明文;何欣純;蔡易餘;黃偉哲;管碧玲;蘇震清;高金素梅;周陳秀霞;呂玉玲;羅明才;江啟臣;黃昭順,
105/05/30,群賢樓801會議室,社會福利及衛生環境委員會,無,立法院第9屆第1會期社會福利及衛生環境委員會第28次全體委員會議,邀請衛生福利部部長、外交部次長、經濟部次長、行政院農業委員會副主委率所屬單位主管列席報告下列事項，並備質詢： 一、衛生福利部業務概況及立法計畫。 二、我國代表團參加2016年世界衛生大會(WHA)及與美、日等國雙邊會談之過程檢討、成果檢視及未來衛生防疫政策規劃。 三、開放瘦肉精美豬進口對國人健康風險影響及相關管制措施之可行性評估。,吳焜裕;王育敏;蔣萬安;洪慈庸;楊曜;黃秀芳;鍾孔炤;陳曼麗;陳宜民;李彥秀;林靜儀;林淑芬;陳瑩;吳玉琴;林昶佐;徐榛蔚;江啟臣;高金素梅;張麗善;黃昭順;吳志揚;王榮璋;盧秀燕;賴士葆;曾銘宗;李昆澤;林德福;王惠美;賴瑞隆;陳歐珀;蔣乃辛;鄭運鵬;劉櫂豪;陳怡潔;何欣純;陳明文;蘇震清;柯志恩;蔡易餘;林俊憲;黃偉哲;管碧玲;徐永明;許毓仁;陳超明;陳雪生;周陳秀霞;呂玉玲;林麗蟬;羅明才;費鴻泰;許淑華;顏寬恒,
105/05/30,群賢樓101會議室,教育及文化委員會,無,立法院第9屆第1會期教育及文化委員會第22次全體委員會議,邀請教育部部長就「教育部施政理念與政策」列席業務報告，並備質詢。(5月30日.6月1日及6月2日3天一次會),柯志恩;吳志揚;蘇巧慧;吳思瑤;黃國書;張廖萬堅;蔣乃辛;李麗芬;何欣純;高金素梅;陳學聖;鍾佳濱;林麗蟬;江啟臣;陳歐珀;黃國昌;蕭美琴;呂玉玲;鄭天財Sra．Kacaw;吳焜裕;王惠美;徐榛蔚;林德福;盧秀燕;黃偉哲;林岱樺;李昆澤;余宛如;劉櫂豪;徐永明;蘇治芬;鄭運鵬;李彥秀;賴士葆;陳怡潔;陳明文;林俊憲;蔡易餘;管碧玲;賴瑞隆;周陳秀霞;張麗善;谷辣斯．尤達卡Kolas Yotaka;羅明才;顏寬恒;高潞．以用．巴魕剌Kawlo．Iyun．Pacidal,
105/05/30,紅樓302會議室,司法及法制委員會,無,立法院第9屆第1會期司法及法制委員會第28次全體委員會議,邀請法務部部長列席報告業務概況（含「開放受刑人日間外出工作政策」及「兩岸溝通機制若中斷對在大陸受羈押之我國詐欺嫌疑人後續司法互助影響」），並備質詢。,柯建銘;許毓仁;段宜康;許淑華;張宏陸;蔡易餘;林德福;周春米;周陳秀霞;顧立雄;鄭天財Sra．Kacaw;尤美女;江啟臣;黃偉哲;劉櫂豪;徐永明;李彥秀;林為洲;曾銘宗;賴士葆;徐榛蔚;吳志揚;張麗善;陳怡潔;蔣乃辛;陳明文;林俊憲;管碧玲;賴瑞隆;蘇震清;高金素梅;呂玉玲;羅明才;王惠美;陳歐珀;鄭運鵬,
105/05/30,紅樓202會議室,內政委員會,無,立法院第9屆第1會期內政委員會第18次全體委員會議,邀請內政部部長葉俊榮率同所屬列席報告業務概況（含上會期臨時提案辦理情形），並備質詢。,黃昭順;林麗蟬;徐榛蔚;莊瑞雄;陳怡潔;李俊俋;陳其邁;趙天麟;賴瑞隆;洪宗熠;陳超明;谷辣斯．尤達卡Kolas Yotaka;吳琪銘;鄭天財Sra．Kacaw;段宜康;高金素梅;高志鵬;林德福;林俊憲;蔡易餘;黃偉哲;林岱樺;鄭運鵬;楊鎮浯;葉宜津;蘇治芬;吳焜裕;徐永明;李彥秀;吳志揚;賴士葆;張麗善;蔣乃辛;吳思瑤;陳明文;何欣純;蕭美琴;劉櫂豪;管碧玲;蘇震清;陳歐珀;周陳秀霞;呂玉玲;羅明才;江啟臣;姚文智;王惠美,
105/05/31,紅樓201會議室,程序委員會,無,第9屆第1會期程序委員會第13次會議,審定本院第9屆第1會期第16次會議議事日程及人民 請願案,王育敏;李彥秀;尤美女;林德福;段宜康;顧立雄;徐永明;段宜康;李彥秀;王育敏,
105/06/01,紅樓202會議室,內政委員會,外交及國防委員會,立法院第9屆第1會期內政、外交及國防委員會第1次聯席會議,一、審查行政院函請審議「難民法草案」案。二、審查本院委員尤美女等25人擬具「難民法草案」案。三、審查本院委員蕭美琴等20人擬具「難民法草案」案。四、審查本院委員蔡易餘等21人擬具「難民法草案」案。,江啟臣;徐榛蔚;林昶佐;莊瑞雄;王定宇;蔡適應;黃昭順;洪宗熠;李俊俋;賴瑞隆;劉世芳;陳其邁;陳超明;趙天麟;谷辣斯．尤達卡Kolas Yotaka;顧立雄;姚文智;林麗蟬;尤美女;吳琪銘;蕭美琴;楊鎮浯;簡東明Uliw．Qaljupayare;陳怡潔;李彥秀;顏寬恒;管碧玲;鍾孔炤;徐永明;蔣乃辛;盧秀燕;葉宜津;賴士葆;孔文吉;何欣純;陳明文;蔡易餘;邱志偉;鍾佳濱;林俊憲;周陳秀霞;張麗善;陳賴素美;陳歐珀;羅明才;黃偉哲;陳亭妃;徐國勇;林德福,
105/06/01,群賢樓801會議室,社會福利及衛生環境委員會,無,立法院第9屆第1會期社會福利及衛生環境委員會第29次全體委員會議,一、邀請勞動部就「新政府擬推動勞工全面週休2日、恢復勞工7天國定假日、彈性加班工時配套、調整基本工資時薪計算公式、有薪家庭照顧假等政策措施、實施期程及修法規劃」列席報告，並備質詢。 二、審查(一)本院委員王育敏等20人擬具「性別工作平等法第二十條條文修正草案」、(二)委員陳怡潔等18人擬具「性別工作平等法第二十條條文修正草案」、(三)委員李昆澤等17人擬具「性別工作平等法第二十條條文修正草案」等3案。 三、審查(一)本院委員王育敏等18人擬具「就業保險法第十條、第十一條及第十九條之三條文修正草案」、(二)委員呂玉玲等19人擬具「就業保險法第三十條條文修正草案」等2案。,洪慈庸;林靜儀;吳焜裕;鍾孔炤;吳玉琴;李彥秀;陳宜民;黃秀芳;蔣萬安;王育敏;陳曼麗;楊曜;王榮璋;陳瑩;李昆澤;鄭運鵬;余宛如;施義芳;王惠美;姚文智;吳志揚;徐永明;盧秀燕;曾銘宗;江啟臣;陳歐珀;鄭天財Sra．Kacaw;顏寬恒;林德福;簡東明Uliw．Qaljupayare;徐榛蔚;蔣乃辛;黃昭順;陳亭妃;陳明文;鍾佳濱;邱志偉;蘇治芬;林俊憲;張麗善;周陳秀霞;羅明才;吳秉叡;管碧玲;尤美女;賴士葆;黃偉哲;林淑芬,
105/06/01,紅樓302會議室,司法及法制委員會,社會福利及衛生環境委員會,立法院第9屆第1會期司法及法制、社會福利及衛生環境委員會第1次聯席會議,一、審查委員陳宜民等17人擬具「衛生福利部組織法第五條條文修正草案」案。二、審查委員陳宜民等17人擬具「國立熱帶醫學中心組織法草案」案。,柯建銘;林德福;陳宜民;許淑華;陳曼麗;吳焜裕;洪慈庸;林靜儀;張宏陸;鍾孔炤;吳玉琴;蔣萬安;趙天麟;蔡易餘;顧立雄;周春米;周陳秀霞;李彥秀;黃秀芳;林為洲;劉世芳;許毓仁;林俊憲;顏寬恒;徐國勇;黃偉哲;吳志揚;鄭天財Sra．Kacaw;徐永明;徐榛蔚;盧秀燕;蔣乃辛;賴士葆;孔文吉;陳亭妃;陳明文;賴瑞隆;邱志偉;鍾佳濱;尤美女;陳怡潔;張麗善;姚文智;羅明才;林淑芬;王育敏;簡東明Uliw．Qaljupayare;蕭美琴,
105/06/01,紅樓101會議室,經濟委員會,無,立法院第9屆第1會期經濟委員會第20次全體委員會議,併案審查：行政院函請審議「遠洋漁業條例草案」、「投資經營非我國籍漁船管理條例修正草案」及「漁業法部分條文修正草案」、本院委員黃昭順等17人擬具「遠洋漁業法草案」、委員蔡培慧等24人擬具「遠洋漁業條例草案」、委員賴瑞隆等17人擬具「遠洋漁業發展條例」、委員黃昭順等16人擬具「投資經營非我國籍漁船管理條例修正草案」、委員賴瑞隆等17人擬具「投資經營非我國籍漁船管理條例修正草案」、委員賴瑞隆等17人擬具「漁業法部分條文修正草案」。（逐條討論）(5月30日、6月1日、2日三天一次會),,
105/06/01,紅樓201會議室,交通委員會,教育及文化委員會,立法院第9屆第1會期交通、教育及文化委員會第1次聯席會議,審查行政院函送提名國家通訊傳播委員會委員名單，詹婷怡為委員並為主任委員、翁柏宗委員指定為副主任委員、洪貞玲、陳耀祥、郭文忠及何吉森均為委員案。,李昆澤;鄭寶清;林俊憲;鄭運鵬;鄭天財Sra．Kacaw;陳歐珀;吳志揚;顏寬恒;陳素月;蕭美琴;柯志恩;蘇巧慧;陳雪生;簡東明Uliw．Qaljupayare;鍾佳濱;葉宜津;蔣乃辛;李麗芬;何欣純;許智傑;顧立雄;孔文吉;李彥秀;黃國昌;徐國勇;蔡易餘;林德福;邱志偉;徐榛蔚;江啟臣;管碧玲;徐永明;鍾孔炤;盧秀燕;賴士葆;黃昭順;李鴻鈞;陳明文;余宛如;陳亭妃;黃秀芳;賴瑞隆;黃偉哲;陳怡潔;許毓仁;周陳秀霞;張麗善;陳賴素美;谷辣斯．尤達卡Kolas Yotaka;趙正宇;姚文智;羅明才;陳學聖;高金素梅;王惠美;劉櫂豪,
105/06/01,群賢樓101會議室,教育及文化委員會,無,立法院第9屆第1會期教育及文化委員會第22次全體委員會議,邀請科技部部長列席業務報告，並備質詢。加邀國家中山科學研究院院長列席備詢。(5月30日.6月1日及6月2日3天一次會),吳志揚;蘇巧慧;柯志恩;吳思瑤;黃國書;張廖萬堅;蔣乃辛;李麗芬;余宛如;何欣純;許智傑;管碧玲;徐永明;陳學聖;吳焜裕;鍾佳濱;李昆澤;鄭運鵬;鄭天財Sra．Kacaw;蕭美琴;許毓仁;陳宜民;盧秀燕;李彥秀;陳歐珀;林德福;顏寬恒;簡東明Uliw．Qaljupayare;黃昭順;孔文吉;陳明文;蔡易餘;陳亭妃;邱志偉;蘇治芬;林俊憲;賴士葆;張麗善;陳怡潔;陳賴素美;羅明才;姚文智;江啟臣;高金素梅,
105/06/01,紅樓301會議室,外交及國防委員會,無,立法院第9屆第1會期外交及國防委員會第26次全體委員會議,邀請國軍退除役官兵輔導委員會主任委員李翔宙報告業務概況，並備質詢。,羅致政;王定宇;劉世芳;江啟臣;蔡適應;徐志榮;林昶佐;陳亭妃;馬文君;蕭美琴;陳歐珀;吳志揚;李彥秀;顏寬恒;邱志偉;簡東明Uliw．Qaljupayare;呂孫綾;徐榛蔚;鄭天財Sra．Kacaw;盧秀燕;徐永明;蔣乃辛;賴士葆;孔文吉;林俊憲;蔡易餘;賴瑞隆;徐國勇;鍾佳濱;黃偉哲;陳怡潔;周陳秀霞;張麗善;陳賴素美;姚文智;羅明才;陳明文;林德福;呂玉玲,
105/06/01,九樓大禮堂,財政委員會,無,立法院第9屆第1會期財政委員會第14次全體委員會議,105年6月1日（星期三）邀請金融監督管理委員會丁主任委員克華率所屬機關首長暨中央存款保險股份有限公司、監管相關機構有關之財團法人、臺灣證券交易所股份有限公司、臺灣期貨交易所股份有限公司、臺灣集中保管結算所股份有限公司等董事長、總經理列席業務報告，並備質詢。(105年5月30日、6月1日及6月2日【三天一次會】) ,吳秉叡;黃國昌;曾銘宗;賴士葆;余宛如;盧秀燕;徐國勇;王榮璋;陳賴素美;羅明才;費鴻泰;吳焜裕;黃偉哲;吳玉琴;管碧玲;徐永明;施義芳;許毓仁;林德福;顏寬恒;簡東明Uliw．Qaljupayare;徐榛蔚;蔣乃辛;黃昭順;陳亭妃;陳歐珀;陳明文;邱志偉;林俊憲;李彥秀;張麗善;周陳秀霞;姚文智;鍾佳濱;吳志揚;江永昌,
105/06/02,紅樓201會議室,交通委員會,無,立法院第9屆第1會期交通委員會第17次全體委員會議,邀請交通部部長賀陳旦就「參加第九屆亞太經濟合作會議（APEC）觀光部長會議」列席報告，並備質詢。,李昆澤;鄭寶清;鄭運鵬;鄭天財Sra．Kacaw;陳歐珀;葉宜津;顏寬恒;趙正宇;陳素月;蕭美琴;林俊憲;簡東明Uliw．Qaljupayare;孔文吉;鍾佳濱;徐永明;王惠美;羅致政;劉櫂豪;吳志揚;盧秀燕;蔣乃辛;徐榛蔚;黃昭順;陳明文;賴士葆;張麗善;何欣純;賴瑞隆;蔣萬安;周陳秀霞;呂玉玲;姚文智;陳賴素美;谷辣斯．尤達卡Kolas Yotaka;蔡易餘;陳怡潔;羅明才;李鴻鈞;李彥秀;徐國勇;江啟臣;邱志偉,
105/06/02,紅樓302會議室,司法及法制委員會,無,立法院第9屆第1會期司法及法制委員會第29次全體委員會議,併案審查委員蔣乃辛等20人、委員鄭寶清等16人、委員賴士葆等20人、委員黃偉哲等19人、親民黨黨團、委員陳怡潔等18人分別擬具「中華民國刑法第三百三十九條之四條文修正草案」及委員張廖萬堅等18人擬具「中華民國刑法修正第三百三十九條之四及增訂第三百三十九條之五條文草案」案。,柯建銘;段宜康;周春米;周陳秀霞;張宏陸;許毓仁;徐國勇;許淑華;尤美女;顧立雄;林為洲;林俊憲;林德福;鄭運鵬;蔡易餘;顏寬恒;鄭天財Sra．Kacaw;盧秀燕;鍾佳濱;吳志揚;賴士葆;蔣乃辛;黃昭順;徐榛蔚;陳明文;張麗善;高金素梅;何欣純;賴瑞隆;陳歐珀;呂玉玲;姚文智;陳賴素美;羅明才;江啟臣;陳亭妃;徐永明;李彥秀;邱志偉;孔文吉,
105/06/02,紅樓101會議室,經濟委員會,無,立法院第9屆第1會期經濟委員會第20次全體委員會議,併案審查：行政院函請審議「遠洋漁業條例草案」、「投資經營非我國籍漁船管理條例修正草案」及「漁業法部分條文修正草案」、本院委員黃昭順等17人擬具「遠洋漁業法草案」、委員蔡培慧等24人擬具「遠洋漁業條例草案」、委員賴瑞隆等17人擬具「遠洋漁業發展條例」、委員黃昭順等16人擬具「投資經營非我國籍漁船管理條例修正草案」、委員賴瑞隆等17人擬具「投資經營非我國籍漁船管理條例修正草案」、委員賴瑞隆等17人擬具「漁業法部分條文修正草案」。（逐條討論）(5月30日、6月1日、2日三天一次會),,
105/06/02,群賢樓801會議室,社會福利及衛生環境委員會,無,社會福利及衛生環境委員會公聽會,舉行「紅十字會法專法存廢及其影響」公聽會,,
105/06/02,群賢樓101會議室,教育及文化委員會,無,立法院第9屆第1會期教育及文化委員會第22次全體委員會議,一、邀請教育部部長就「105學年度大學學雜費調整」列席專題報告，並備質詢。二、邀請教育部部長就「校園民主與性別平等」列席專題報告，並備質詢。(5月30日.6月1日及6月2日3天一次會),柯志恩;蘇巧慧;吳思瑤;吳志揚;黃國書;許智傑;高潞．以用．巴魕剌Kawlo．Iyun．Pacidal;張廖萬堅;鍾佳濱;蔣乃辛;高金素梅;何欣純;李麗芬;陳學聖;施義芳;鄭天財Sra．Kacaw;江啟臣;李彥秀;徐永明;邱志偉;孔文吉;顏寬恒;賴士葆;尤美女;張麗善;黃昭順;徐榛蔚;陳明文;蕭美琴;陳其邁;林俊憲;陳賴素美;呂玉玲;王定宇;蔡易餘;姚文智;羅明才;陳歐珀;羅致政;盧秀燕,
105/06/02,紅樓202會議室,內政委員會,無,立法院第9屆第1會期內政委員會第19次全體委員會議,邀請行政院秘書長陳美伶、內政部部長葉俊榮及營建署署長許文龍、原住民族委員會主任委員夷將‧拔路兒(Icyang‧Parod)針對土地轉型正義、社會住宅、租屋政策、都市更新等「土地政策」進行專題報告，並備質詢；另請國防部、行政院農業委員會、財政部派員列席備詢。,陳超明;林麗蟬;莊瑞雄;黃昭順;李俊俋;徐榛蔚;賴瑞隆;陳其邁;姚文智;洪宗熠;谷辣斯．尤達卡Kolas Yotaka;陳怡潔;孔文吉;鄭天財Sra．Kacaw;簡東明Uliw．Qaljupayare;趙天麟;高金素梅;吳琪銘;江啟臣;陳明文;施義芳;尤美女;羅致政;吳志揚;盧秀燕;蔣乃辛;徐永明;顏寬恒;賴士葆;張麗善;高潞．以用．巴魕剌Kawlo．Iyun．Pacidal;蕭美琴;林俊憲;葉宜津;蔣萬安;呂玉玲;周陳秀霞;陳賴素美;徐國勇;蔡易餘;羅明才;何欣純;陳歐珀;李彥秀;邱志偉;陳瑩;鄭運鵬,
105/06/02,紅樓301會議室,外交及國防委員會,無,立法院第9屆第1會期外交及國防委員會第27次全體委員會議,邀請外交部部長李大維、衛生福利部部長林奏延報告「我國參與2016年世界衛生大會（WHA）之成果檢討與展望」，並備質詢。,林昶佐;陳亭妃;江啟臣;王定宇;羅致政;蔡適應;劉世芳;呂玉玲;徐志榮;徐永明;陳宜民;呂孫綾;馬文君;許毓仁;邱志偉;陳明文;孔文吉;盧秀燕;鍾佳濱;吳志揚;蔣乃辛;林麗蟬;黃昭順;徐榛蔚;陳歐珀;賴士葆;張麗善;高金素梅;何欣純;賴瑞隆;林俊憲;周陳秀霞;蔣萬安;姚文智;陳賴素美;張宏陸;顏寬恒;蔡易餘;羅明才;徐國勇;許淑華;鄭運鵬;鍾孔炤;王惠美;李彥秀;鄭天財Sra．Kacaw,
105/06/02,九樓大禮堂,財政委員會,無,立法院第9屆第1會期財政委員會第14次全體委員會議,105年6月2日（星期四）邀請財政部許部長虞哲率所屬機關首長暨國營事業董事長、總經理(含各轉投資事業機構公股代表之董、監事)列席業務報告，並備質詢。(105年5月30日、6月1日及6月2日【三天一次會】) ,吳秉叡;曾銘宗;黃國昌;余宛如;賴士葆;盧秀燕;徐國勇;王榮璋;陳賴素美;施義芳;羅明才;費鴻泰;鍾佳濱;吳志揚;顏寬恒;陳歐珀;徐永明;孔文吉;蔣乃辛;張麗善;何欣純;黃昭順;徐榛蔚;江永昌;呂玉玲;周陳秀霞;姚文智;蔡易餘;邱志偉;江啟臣;林俊憲;林德福,
105/06/06,群賢樓801會議室,財政委員會,社會福利及衛生環境委員會,立法院第9屆第1會期財政、社會福利及衛生環境委員會第1次聯席會議,審查本院委員黃國書等20人擬具「公益彩券發行條例第四條條文修正草案」案。,吳秉叡;曾銘宗;黃國昌;賴士葆;盧秀燕;洪慈庸;余宛如;陳宜民;王榮璋;陳賴素美;蔣萬安;徐國勇;李彥秀;費鴻泰;羅明才;施義芳;陳曼麗;鍾佳濱;李昆澤;陳歐珀;林俊憲;鄭運鵬;鄭天財Sra．Kacaw;徐榛蔚;黃偉哲;吳志揚;顏寬恒;管碧玲;林德福;廖國棟Sufin．Siluko;蔣乃辛;高金素梅;王惠美;陳明文;何欣純;簡東明Uliw．Qaljupayare;周陳秀霞;張麗善;黃國書;呂玉玲;江永昌,
105/06/06,紅樓301會議室,外交及國防委員會,無,立法院第9屆第1會期外交及國防委員會第28次全體委員會議,邀請國家安全局局長楊國強、國防部部長馮世寬、外交部次長、行政院大陸委員會副主任委員報告「近期東亞區域情勢對我國家安全之衝擊與因應」，並備質詢。,蔡適應;羅致政;江啟臣;王定宇;劉世芳;林昶佐;呂玉玲;陳亭妃;楊鎮浯;徐志榮;馬文君;呂孫綾;林俊憲;陳明文;顏寬恒;黃偉哲;廖國棟Sufin．Siluko;孔文吉;吳志揚;管碧玲;盧秀燕;徐國勇;賴士葆;徐永明;邱志偉;張麗善;蔣乃辛;高金素梅;陳歐珀;王惠美;羅明才;李彥秀;蔡易餘;張宏陸;賴瑞隆;鄭運鵬;簡東明Uliw．Qaljupayare;周陳秀霞;何欣純;陳賴素美;徐榛蔚;姚文智;鍾佳濱;林德福,
105/06/06,群賢樓101會議室,教育及文化委員會,無,立法院第9屆第1會期教育及文化委員會第23次全體委員會議,邀請文化部部長就「臺灣出版市場的困境與突破」列席專題報告，並備質詢。加邀財政部、行政院大陸委員會業務主管列席備詢。(6月6日及6月8日2天一次會),蘇巧慧;柯志恩;吳思瑤;吳志揚;高金素梅;黃國書;張廖萬堅;蔣乃辛;鍾佳濱;許智傑;李麗芬;何欣純;陳學聖;吳秉叡;蕭美琴;許毓仁;盧秀燕;鄭天財Sra．Kacaw;林俊憲;鄭運鵬;李昆澤;孔文吉;徐永明;林德福;陳曼麗;陳宜民;陳歐珀;賴士葆;顏寬恒;黃偉哲;廖國棟Sufin．Siluko;管碧玲;陳明文;羅明才;王惠美;蔡易餘;陳亭妃;李彥秀;邱志偉;簡東明Uliw．Qaljupayare;周陳秀霞;陳賴素美;徐榛蔚;張麗善;呂玉玲;姚文智;林靜儀,
105/06/06,九樓大禮堂,社會福利及衛生環境委員會,無,社會福利及衛生環境委員會公聽會,舉行「醫師適用勞動基準法之具體時程」公聽會。,,
105/06/06,紅樓202會議室,內政委員會,財政委員會、司法及法制委員會,立法院第9屆第1會期內政、財政、司法及法制委員會第4次聯席會議,一、繼續審查委員葉宜津等30人擬具「不當黨產處理條例草案」案。 二、繼續審查委員黃偉哲等19人擬具「不當黨產處理條例草案」案。 三、繼續審查委員鄭寶清等42人擬具「政黨不當取得財產處理條例草案」案。 四、繼續審查委員陳亭妃等20人擬具「政黨及其附隨組織取得財產清查及處理條例草案」案。 五、繼續審查委員鄭運鵬等16人擬具「政黨不當取得財產處理條例草案」案。 六、繼續審查委員高志鵬等21人擬具「政黨及其附隨組織取得財產清查及處理條例草案」案。 七、繼續審查國民黨黨團擬具「政黨財產監督管理條例草案」案。 八、繼續審查委員林俊憲等17人擬具「不當黨產取得處置條例草案」案。 九、繼續審查委員賴瑞隆等18人擬具「政黨及其附隨組織取得財產清查及處理條例草案」案。 十、繼續審查時代力量黨團擬具「政黨及其附隨組織不當財產處理條例草案」案。 十一、繼續審查親民黨黨團擬具「政黨及其附隨組織財產調查暨處理條例草案」案。,,
105/06/06,紅樓302會議室,司法及法制委員會,無,立法院第9屆第1會期司法及法制委員會第30次全體委員會議,審查行政院函請審議「資恐防制法草案」案。,林德福;柯建銘;徐國勇;張宏陸;許淑華;周春米;周陳秀霞;許毓仁;顧立雄;林為洲;尤美女;蔡易餘;陳歐珀;顏寬恒;黃偉哲;徐永明;孔文吉;吳志揚;廖國棟Sufin．Siluko;管碧玲;盧秀燕;鍾佳濱;賴士葆;林俊憲;鄭運鵬;徐榛蔚;蔣乃辛;高金素梅;陳明文;王惠美;羅明才;李彥秀;陳亭妃;邱志偉;簡東明Uliw．Qaljupayare;劉世芳;何欣純;陳賴素美;呂玉玲;張麗善,
105/06/06,紅樓101會議室,經濟委員會,無,立法院第9屆第1會期經濟委員會第21次全體委員會議,邀請經濟部部長列席報告業務概況，並備質詢。,林岱樺;廖國棟Sufin．Siluko;邱議瑩;黃偉哲;高志鵬;徐永明;孔文吉;管碧玲;陳明文;蘇震清;王惠美;蔡培慧;邱志偉;蘇治芬;張麗善;陳曼麗;黃昭順;鄭天財Sra．Kacaw;蕭美琴;曾銘宗;賴瑞隆;谷辣斯．尤達卡Kolas Yotaka;黃國昌;吳志揚;林德福;鄭運鵬;鍾佳濱;盧秀燕;陳歐珀;賴士葆;徐榛蔚;劉世芳;顏寬恒;蔣乃辛;徐國勇;高金素梅;李彥秀;羅明才;陳亭妃;王定宇;簡東明Uliw．Qaljupayare;林俊憲;何欣純;陳賴素美;蔡易餘;周陳秀霞;呂玉玲,
105/06/06,紅樓201會議室,交通委員會,無,立法院第9屆第1會期交通委員會第18次全體委員會議,一、邀請交通部部長賀陳旦就「桃園機場第二航廈6月2日大淹水之應變及檢討」列席報告，並備質詢。 二、繼續審查委員徐榛蔚等21人擬具「花東快速道路建設特別條例草案」案。 三、繼續審查委員徐榛蔚等22人擬具「台九線道路改善建設特別條例草案」案。(第2及第3案業已詢答完畢，進行逐條審查),鄭寶清;陳歐珀;蕭美琴;李昆澤;鄭天財Sra．Kacaw;鄭運鵬;顏寬恒;陳素月;趙正宇;林俊憲;李鴻鈞;葉宜津;簡東明Uliw．Qaljupayare;廖國棟Sufin．Siluko;陳雪生;徐榛蔚;孔文吉;吳志揚;林德福;劉櫂豪;施義芳;徐永明;賴士葆;盧秀燕;鍾佳濱;王定宇;蔣乃辛;高金素梅;羅明才;李彥秀;蔡易餘;陳明文;王惠美;陳亭妃;賴瑞隆;谷辣斯．尤達卡Kolas Yotaka;何欣純;邱志偉;徐國勇;劉世芳;周陳秀霞;陳賴素美;呂玉玲;張麗善;黃昭順;黃偉哲;管碧玲,
105/06/08,紅樓301會議室,外交及國防委員會,無,立法院第9屆第1會期外交及國防委員會第29次全體委員會議,邀請外交部部長李大維、僑務委員會委員長吳新興、經濟部次長、國家發展委員會副主任委員、科技部、行政院大陸委員會報告「我國推動元首外交與新南向政策之規劃」，並備質詢。,陳亭妃;羅致政;王定宇;劉世芳;林昶佐;江啟臣;蔡適應;徐志榮;馬文君;呂玉玲;呂孫綾;賴瑞隆;陳歐珀;蔡易餘;孔文吉;盧秀燕;吳志揚;林俊憲;林麗蟬;李彥秀;鄭運鵬;賴士葆;林德福;蔣乃辛;陳賴素美;黃昭順;黃偉哲;鍾佳濱;周陳秀霞;徐榛蔚;羅明才;張麗善;余宛如;谷辣斯．尤達卡Kolas Yotaka;王惠美;姚文智,
105/06/08,群賢樓801會議室,社會福利及衛生環境委員會,無,立法院第9屆第1會期社會福利及衛生環境委員會第30次全體委員會議,一、邀請勞動部郭部長芳煜列席報告業務概況，並備質詢。 二、處理中華民國105年度中央政府總預算有關勞動部主管預算(公務預算)解凍案13案。(詢答及處理),李彥秀;洪慈庸;王育敏;吳玉琴;鍾孔炤;蔣萬安;黃秀芳;陳宜民;陳曼麗;吳焜裕;楊曜;鄭天財Sra．Kacaw;林麗蟬;尤美女;林靜儀;陳瑩;余宛如;吳志揚;鍾佳濱;鄭運鵬;盧秀燕;王榮璋;蔣乃辛;陳歐珀;賴士葆;林德福;羅明才;徐榛蔚;周陳秀霞;張麗善;廖國棟Sufin．Siluko;王惠美;黃昭順;吳秉叡;黃偉哲;林淑芬;林俊憲,
105/06/08,紅樓202會議室,財政委員會,無,立法院第9屆第1會期財政委員會第15次全體委員會議,一、審查行政院函請審議「所得稅法增訂第四十三條之三、第四十三條之四及修正第一百二十六條條文草案」案。(行政院函請審議「所得稅法第四十三條之三、第四十三條之四及第一百二十六條條文修正草案」)二、審查本院時代力量黨團擬具「所得稅法增訂第四十三條之三及第四十三條之四條文草案」案。,吳秉叡;黃國昌;曾銘宗;賴士葆;余宛如;江永昌;盧秀燕;王榮璋;施義芳;陳賴素美;陳歐珀;費鴻泰;徐榛蔚;徐國勇;何欣純;李昆澤;黃偉哲;劉櫂豪;江啟臣;李彥秀;吳志揚;鍾佳濱;林德福;蔣乃辛;葉宜津;簡東明Uliw．Qaljupayare;黃昭順;蔡易餘;張麗善;林俊憲;周陳秀霞;羅明才,
105/06/08,群賢樓101會議室,教育及文化委員會,無,立法院第9屆第1會期教育及文化委員會第23次全體委員會議,併案審查委員陳學聖等28人、委員許智傑等17人擬具「教保服務人員條例草案」等二案。【進行詢答】(6月6日及6月8日2天一次會),柯志恩;吳志揚;蘇巧慧;吳思瑤;許智傑;黃國書;張廖萬堅;李麗芬;陳學聖;蔣乃辛;何欣純;高潞．以用．巴魕剌Kawlo．Iyun．Pacidal;鍾佳濱;蕭美琴;鄭天財Sra．Kacaw;江啟臣;林俊憲;黃偉哲;林德福;李彥秀;盧秀燕;賴士葆;陳歐珀;鄭運鵬;黃秀芳;賴瑞隆;蔡易餘;羅明才;孔文吉;周陳秀霞;吳焜裕;徐榛蔚;張麗善;高金素梅,
105/06/08,紅樓302會議室,司法及法制委員會,無,立法院第9屆第1會期司法及法制委員會第31次全體委員會議,一、審查委員黃國書等17人擬具「毒品危害防制條例部分條文修正草案」案。二、審查委員蔣乃辛等21人擬具「毒品危害防制條例第二條條文修正草案」案。三、審查委員劉建國等16人擬具「毒品危害防制條例第十一條之一條文修正草案」案。四、審查委員張宏陸等22人擬具「毒品危害防制條例部分條文修正草案」案。五、審查委員吳志揚等16人擬具「毒品危害防制條例第二條條文修正草案」案。六、審查委員黃秀芳等19人擬具「毒品危害防制條例第二條及第十一條之一條文修正草案」案。七、審查委員王育敏等18人擬具「毒品危害防制條例增訂第二條之二條文草案」案。八、審查委員王育敏等19人擬具「毒品危害防制條例部分條文修正草案」案。九、審查委員陳歐珀等18人擬具「毒品危害防制條例第二條條文修正草案」案。,周陳秀霞;王育敏;許淑華;張宏陸;尤美女;林德福;蔡易餘;王惠美;周春米;陳歐珀;江啟臣;吳志揚;顧立雄;林俊憲;鍾佳濱;李彥秀;賴士葆;蔣乃辛;李麗芬;賴瑞隆;黃昭順;孔文吉;徐榛蔚;羅明才;張麗善;陳賴素美;黃秀芳;黃偉哲;林為洲;陳亭妃;盧秀燕,
105/06/08,紅樓201會議室,交通委員會,無,立法院第9屆第1會期交通委員會第19次全體委員會議,一、審查委員陳超明等19人擬具「道路交通管理處罰條例第二十九條之二及第六十三條條文修正草案」案。 二、審查委員陳怡潔等18人擬具「道路交通管理處罰條例第三十一條之一條文修正草案」案。 三、審查行政院函請審議「道路交通管理處罰條例第三十七條條文修正草案」案。 四、審查委員陳素月等18人擬具「道路交通管理處罰條例第三十七條及第九十三條條文修正草案」案。 五、審查委員蕭美琴等19人擬具「道路交通管理處罰條例第四十五條條文修正草案」案。 六、審查委員李鴻鈞等26人擬具「道路交通管理處罰條例第五十四條條文修正草案」案。 七、審查委員柯志恩等17人擬具「道路交通管理處罰條例第五十五條及第五十六條條文修正草案」案。 八、審查委員蔣乃辛等17人擬具「道路交通管理處罰條例增訂第五十六條之一條文草案」案。 九、審查委員許淑華等18人擬具「道路交通管理處罰條例第六十九條條文修正草案」案。 十、審查委員陳歐珀等18人擬具「道路交通管理處罰條例第七十八條條文修正草案」案。(以上10案合併詢答，分開審查),鄭寶清;陳歐珀;李昆澤;蕭美琴;鄭天財Sra．Kacaw;鄭運鵬;葉宜津;劉櫂豪;趙正宇;陳素月;林俊憲;李鴻鈞;王惠美;黃偉哲;盧秀燕;李彥秀;顏寬恒;賴士葆;鍾佳濱;林德福;蔣乃辛;黃昭順;何欣純;孔文吉;蔡易餘;徐榛蔚;羅明才;周陳秀霞;陳賴素美;張麗善;江啟臣;吳志揚,
105/06/08,九樓大禮堂,內政委員會,財政委員會、司法及法制委員會,立法院第9屆第1會期內政、財政、司法及法制委員會第5次聯席會議,一、繼續審查委員葉宜津等30人擬具「不當黨產處理條例草案」案。 二、繼續審查委員黃偉哲等19人擬具「不當黨產處理條例草案」案。 三、繼續審查委員鄭寶清等42人擬具「政黨不當取得財產處理條例草案」案。 四、繼續審查委員陳亭妃等20人擬具「政黨及其附隨組織取得財產清查及處理條例草案」案。 五、繼續審查委員鄭運鵬等16人擬具「政黨不當取得財產處理條例草案」案。 六、繼續審查委員高志鵬等21人擬具「政黨及其附隨組織取得財產清查及處理條例草案」案。 七、繼續審查國民黨黨團擬具「政黨財產監督管理條例草案」案。 八、繼續審查委員林俊憲等17人擬具「不當黨產取得處置條例草案」案。 九、繼續審查委員賴瑞隆等18人擬具「政黨及其附隨組織取得財產清查及處理條例草案」案。 十、繼續審查時代力量黨團擬具「政黨及其附隨組織不當財產處理條例草案」案。 十一、繼續審查親民黨黨團擬具「政黨及其附隨組織財產調查暨處理條例草案」案。,,
105/06/13,群賢樓101會議室,教育及文化委員會,無,立法院第9屆第1會期教育及文化委員會第24次全體委員會議,邀請行政院原子能委員會主任委員列席報告業務概況，並備質詢。,柯志恩;蘇巧慧;吳志揚;吳思瑤;鍾佳濱;張廖萬堅;許智傑;黃國書;蔣乃辛;李麗芬;陳學聖;何欣純;黃國昌;廖國棟Sufin．Siluko;吳焜裕;陳宜民;黃昭順;徐永明;林德福;鄭天財Sra．Kacaw;黃偉哲;張麗善;陳明文;陳曼麗;陳怡潔;鍾孔炤;簡東明Uliw．Qaljupayare;鄭運鵬;林俊憲;孔文吉;陳歐珀;陳亭妃;呂玉玲;王惠美;邱志偉;管碧玲;李彥秀;賴瑞隆;賴士葆;周陳秀霞;黃秀芳,
105/06/13,紅樓101會議室,經濟委員會,無,立法院第9屆第1會期經濟委員會第22次全體委員會議,一、邀請國家發展委員會主任委員列席報告業務概況，並備質詢。二、處理105年度國家發展委員會及所屬預算凍結案等12案。(6月13日、16日二天一次會),林岱樺;廖國棟Sufin．Siluko;陳明文;黃偉哲;徐永明;張麗善;王惠美;孔文吉;高志鵬;蘇震清;邱志偉;管碧玲;蘇治芬;蔡培慧;黃昭順;許毓仁;林德福;鄭天財Sra．Kacaw;賴瑞隆;曾銘宗;江啟臣;陳曼麗;周春米;陳怡潔;簡東明Uliw．Qaljupayare;林俊憲;蔡易餘;劉世芳;陳歐珀;蔣乃辛;陳亭妃;呂玉玲;鍾佳濱;王定宇;鍾孔炤;賴士葆;吳志揚;周陳秀霞;姚文智;劉櫂豪;鄭運鵬,
105/06/13,紅樓302會議室,司法及法制委員會,無,立法院第9屆第1會期司法及法制委員會第32次全體委員會議,邀請考試院秘書長、考選部部長、銓敘部部長及公務人員保障暨培訓委員會主任委員列席報告業務概況及立法計畫，並備質詢。,柯建銘;林德福;張宏陸;周春米;許毓仁;周陳秀霞;尤美女;賴士葆;黃國昌;鄭天財Sra．Kacaw;陳怡潔;鍾佳濱;黃偉哲;林為洲;顧立雄;蔡易餘;吳焜裕;林俊憲;鄭運鵬;陳明文;吳志揚;孔文吉;黃昭順;王定宇;張麗善;蔣乃辛;陳亭妃;呂玉玲;王惠美;邱志偉;劉世芳;江啟臣;徐永明;何欣純;段宜康;簡東明Uliw．Qaljupayare;李彥秀;陳歐珀,
105/06/13,紅樓201會議室,交通委員會,無,立法院第9屆第1會期交通委員會第20次全體委員會議,邀請交通部部長賀陳旦就「端午節連假交通疏運檢討」列席報告，並備質詢。(6月13日、15日及16日三天一次會),劉櫂豪;鄭寶清;李昆澤;陳歐珀;鄭天財Sra．Kacaw;葉宜津;鄭運鵬;陳素月;簡東明Uliw．Qaljupayare;林俊憲;趙正宇;陳雪生;江啟臣;顏寬恒;陳怡潔;邱志偉;林岱樺;黃偉哲;吳志揚;鍾佳濱;廖國棟Sufin．Siluko;黃昭順;蔣萬安;孔文吉;王定宇;鍾孔炤;張麗善;蔣乃辛;陳亭妃;呂玉玲;羅致政;王惠美;賴瑞隆;管碧玲;徐永明;劉世芳;谷辣斯．尤達卡Kolas Yotaka;賴士葆;周陳秀霞;姚文智;何欣純;李彥秀;蔡易餘;陳明文;林德福;林岱樺;廖國棟Sufin．Siluko,
105/06/13,紅樓301會議室,外交及國防委員會,無,立法院第9屆第1會期外交及國防委員會第30次全體委員會議,邀請僑務委員會委員長吳新興報告業務概況，並備質詢。,蔡適應;江啟臣;王定宇;陳亭妃;徐志榮;羅致政;劉世芳;呂玉玲;呂孫綾;林德福;陳怡潔;鍾佳濱;黃偉哲;林俊憲;陳明文;簡東明Uliw．Qaljupayare;徐永明;邱志偉;陳歐珀;吳志揚;黃昭順;孔文吉;張麗善;蔣乃辛;王惠美;鄭運鵬;賴士葆;周陳秀霞;姚文智;何欣純;李彥秀;蔡易餘;馬文君,
105/06/13,群賢樓801會議室,社會福利及衛生環境委員會,無,立法院第9屆第1會期社會福利及衛生環境委員會31次全體委員會議,一、邀請勞動部就「新政府如何確保全國勞工老年經濟安全、使勞保費率與所得替代率符合世代正義、落實雇主依法提繳勞工退休金舊制專戶」列席報告，並備質詢。 二、審查(一)本院委員李彥秀等16人擬具「勞動基準法第十四條條文修正草案」、(二)委員蔣萬安等24人擬具「勞動基準法第十四條條文修正草案」、(三)委員許淑華等17人擬具「勞動基準法第二十條及第七十八條條文修正草案」、(四)委員呂玉玲等20人擬具「勞動基準法第二十一條條文修正草案」、(五)委員許淑華等16人擬具「勞動基準法第二十四條條文修正草案」、(六)委員羅明才等22人擬具「勞動基準法增訂第四十三條之一條文草案」、(七)委員賴士葆等20人擬具「勞動基準法第八十四條之一條文修正草案」等7案。 ,洪慈庸;陳宜民;王育敏;吳玉琴;吳焜裕;鍾孔炤;蔣萬安;陳曼麗;李彥秀;黃秀芳;楊曜;吳志揚;廖國棟Sufin．Siluko;黃昭順;鄭運鵬;蘇治芬;林淑芬;張麗善;蔣乃辛;鄭天財Sra．Kacaw;陳怡潔;鍾佳濱;簡東明Uliw．Qaljupayare;林德福;陳明文;陳歐珀;呂玉玲;陳亭妃;王惠美;管碧玲;邱志偉;林俊憲;賴瑞隆;賴士葆;周陳秀霞;何欣純;黃偉哲;陳瑩,
105/06/13,紅樓202會議室,內政委員會,無,立法院第9屆第1會期內政委員會第20次全體委員會議議事日程,一、審查行政院函請審議「臺灣地區與大陸地區人民關係條例第十七條條文修正草案」案。（院總第1554號政府提案第15560號關係文書）二、審查行政院函請審議「臺灣地區與大陸地區人民關係條例第十七條條文修正草案」案。（院總第1554號政府提案第15561號關係文書）三、審查委員尤美女等31人擬具「臺灣地區與大陸地區人民關係條例第十七條條文修正草案」案。四、審查委員Kolas Yotaka等18人擬具「入出國及移民法第十六條條文修正草案」案。五、審查請願文書1案。,黃昭順;陳怡潔;林麗蟬;李俊俋;莊瑞雄;賴瑞隆;洪宗熠;谷辣斯．尤達卡Kolas Yotaka;趙天麟;尤美女;林岱樺;林德福;鍾佳濱;陳其邁;王育敏;姚文智;鄭運鵬;黃偉哲;簡東明Uliw．Qaljupayare;林俊憲;陳明文;徐永明;劉櫂豪;吳志揚;蔡易餘;廖國棟Sufin．Siluko;鄭天財Sra．Kacaw;孔文吉;蔣萬安;鍾孔炤;張麗善;蔣乃辛;陳亭妃;呂玉玲;王惠美;管碧玲;邱志偉;劉世芳;賴士葆;陳雪生;周陳秀霞;何欣純;陳歐珀;葉宜津;李彥秀;吳琪銘,
105/06/14,紅樓201會議室,程序委員會,無,第9屆第1會期程序委員會第14次會議,審定本院第9屆第1會期第17次會議議事日程及人民 請願案,,
105/06/15,九樓大禮堂,財政委員會,無,立法院第9屆第1會期財政委員會第16次全體委員會議,一、審查本院委員曾銘宗等20人擬具「國家金融安定基金設置及管理條例第八條及第十一條條文修正草案」案。二、審查本院委員曾銘宗等18人擬具「期貨交易法第一百零七條及第一百十二條條文修正草案」案。,曾銘宗;吳秉叡;黃國昌;賴士葆;徐國勇;余宛如;盧秀燕;王榮璋;陳明文;施義芳;孔文吉;費鴻泰;顏寬恒;鄭天財Sra．Kacaw;黃昭順;王育敏;陳怡潔;林俊憲;陳歐珀;廖國棟Sufin．Siluko;江啟臣;徐榛蔚;陳亭妃;王惠美;江永昌;蔣乃辛;周陳秀霞;呂玉玲;張麗善;李彥秀;蔡易餘;吳志揚;羅明才;陳賴素美,
105/06/15,紅樓202會議室,內政委員會,無,立法院第9屆第1會期內政委員會第21次全體委員會議,審查本院委員孔文吉等21人擬具「反族群歧視法草案」案。,陳超明;陳怡潔;鄭天財Sra．Kacaw;莊瑞雄;楊鎮浯;黃昭順;徐榛蔚;趙天麟;賴瑞隆;李俊俋;洪宗熠;陳其邁;姚文智;谷辣斯．尤達卡Kolas Yotaka;吳琪銘;孔文吉;林麗蟬;鍾佳濱;高金素梅;劉櫂豪;蕭美琴;李昆澤;陳歐珀;鄭運鵬;林俊憲;高潞．以用．巴魕剌Kawlo．Iyun．Pacidal;羅致政;簡東明Uliw．Qaljupayare;徐國勇;林德福;余宛如;蔡適應;賴士葆;曾銘宗;盧秀燕;江啟臣;廖國棟Sufin．Siluko;陳賴素美;馬文君;陳明文;陳亭妃;王惠美;蔣乃辛;周春米;劉世芳;周陳秀霞;柯志恩;呂玉玲;羅明才;蔡易餘;顏寬恒;李彥秀;吳志揚;顧立雄;黃國昌;陳瑩,
105/06/15,紅樓101會議室,經濟委員會,無,立法院第9屆第1會期經濟委員會公聽會 ,從推動新農業討論制定「農業基本法」系列公聽會（一）,,
105/06/15,紅樓301會議室,外交及國防委員會,無,立法院第9屆第1會期外交及國防委員會第31次全體委員會議,一、審查行政院函請審議「軍事教育條例第六條、第十六條及第二十一條之二條文修正草案」案。 二、處理院會交付國防部105年度中央政府總預算決議凍結案等5案。,蔡適應;羅致政;江啟臣;王定宇;呂玉玲;陳亭妃;劉世芳;馬文君;呂孫綾;徐永明;林德福;顏寬恒;陳怡潔;劉櫂豪;林俊憲;陳歐珀;徐國勇;孔文吉;盧秀燕;賴士葆;廖國棟Sufin．Siluko;陳賴素美;徐榛蔚;王惠美;陳明文;蔣乃辛;周陳秀霞;羅明才;鍾佳濱;吳志揚,
105/06/15,紅樓302會議室,司法及法制委員會,無,立法院第9屆第1會期司法及法制委員會 ,「促進轉型正義條例草案」第4場公聽會 ,,
105/06/15,紅樓201會議室,交通委員會,無,立法院第9屆第1會期交通委員會第20次全體委員會議,邀請交通部部長賀陳旦就「交通部所屬事業勞工權益之保障」列席報告，並備質詢。(6月13日、15日及16日三天一次會),劉櫂豪;鄭寶清;陳歐珀;鄭運鵬;趙正宇;鄭天財Sra．Kacaw;李昆澤;顏寬恒;蕭美琴;陳素月;林俊憲;簡東明Uliw．Qaljupayare;葉宜津;鍾孔炤;鍾佳濱;賴瑞隆;孔文吉;黃國昌;廖國棟Sufin．Siluko;林靜儀;徐國勇;蔡適應;林德福;賴士葆;曾銘宗;盧秀燕;江啟臣;黃昭順;陳賴素美;徐榛蔚;馬文君;陳明文;陳亭妃;王惠美;洪慈庸;余宛如;谷辣斯．尤達卡Kolas Yotaka;蔣乃辛;劉世芳;周春米;周陳秀霞;呂玉玲;羅明才;蔡易餘;高金素梅;吳志揚;陳雪生;李鴻鈞;徐永明;邱志偉,
105/06/15,群賢樓101會議室,教育及文化委員會,無,立法院第9屆第1會期教育及文化委員會,「偏鄉教育專法」制定公聽會,,
105/06/15,群賢樓801會議室,社會福利及衛生環境委員會,無,立法院第9屆第1會期社會福利及衛生環境委員會32次全體委員會議,審查(一)行政院函請審議「中華民國紅十字會法修正草案」、(二)本院委員賴士葆等27人擬具「中華民國紅十字會法修正草案」、(三)委員蔡易餘等19人擬廢止「中華民國紅十字會法」、(四)委員葉宜津等22人擬廢止「中華民國紅十字會法」、(五)委員段宜康等26人擬廢止「中華民國紅十字會法」、(六)委員徐國勇等27人擬廢止「中華民國紅十字會法」等6案。,王育敏;蔣萬安;李彥秀;林德福;余宛如;孔文吉;賴士葆;蕭美琴;鍾佳濱;盧秀燕;顏寬恒;鄭天財Sra．Kacaw;黃昭順;林俊憲;陳歐珀;徐國勇;江啟臣;廖國棟Sufin．Siluko;陳賴素美;柯志恩;徐榛蔚;馬文君;陳亭妃;王惠美;陳明文;蔣乃辛;羅明才;周陳秀霞;呂玉玲;張麗善;吳志揚;蔡易餘;費鴻泰,
105/06/16,紅樓302會議室,司法及法制委員會,無,立法院第9屆第1會期司法及法制委員會第33次全體委員會議,邀請行政院人事行政總處人事長列席報告業務概況，並備質詢。,林德福;段宜康;張宏陸;周陳秀霞;周春米;蔡易餘;許毓仁;鄭天財Sra．Kacaw;顧立雄;鍾佳濱;孔文吉;賴士葆;尤美女;蕭美琴;鄭運鵬;徐永明;陳怡潔;黃昭順;吳志揚;劉櫂豪;簡東明Uliw．Qaljupayare;蔣乃辛;陳明文;鍾孔炤;林俊憲;李彥秀;徐榛蔚;張麗善;陳歐珀;黃偉哲;林為洲,
105/06/16,紅樓101會議室,經濟委員會,無,立法院第9屆第1會期經濟委員會第22次全體委員會議,一、邀請行政院農業委員會主任委員針對動物收容及源頭管理制度檢討改進措施、公立收容所軟、硬體設施調整配置等進行報告，並備質詢。二、審查行政院函請審議「動物用藥品管理法部分條文修正草案」。(6月13日、16日二天一次會),黃偉哲;廖國棟Sufin．Siluko;徐永明;孔文吉;高志鵬;陳明文;張麗善;王育敏;蕭美琴;劉櫂豪;施義芳;黃昭順;陳歐珀;吳志揚;蔡培慧;吳思瑤;賴士葆;鄭運鵬;吳焜裕;陳曼麗;鍾佳濱;蔣乃辛;簡東明Uliw．Qaljupayare;何欣純;賴瑞隆;林俊憲;徐榛蔚;蔡易餘;周陳秀霞;鄭天財Sra．Kacaw;谷辣斯．尤達卡Kolas Yotaka;鍾孔炤;高金素梅;劉建國,
105/06/16,九樓大禮堂,財政委員會,社會福利及衛生環境委員會,立法院第9屆第1會期財政、社會福利及衛生環境委員會第2次聯席會議,審查「中華民國103年度中央政府總決算審核報告（含附屬單位決算及綜計表）案」關於勞動部主管(含附屬單位決算營業及非營業特種基金部分)。,余宛如;黃國昌;曾銘宗;吳秉叡;盧秀燕;賴士葆;洪慈庸;王榮璋;徐國勇;蔣萬安;鍾孔炤;羅明才;陳曼麗;費鴻泰;李彥秀;王育敏;林俊憲;吳焜裕;吳志揚;施義芳;鄭天財Sra．Kacaw;劉櫂豪;黃偉哲;蕭美琴;徐永明;鄭運鵬;陳怡潔;黃昭順;林德福;簡東明Uliw．Qaljupayare;何欣純;蔣乃辛;劉建國;徐榛蔚;張麗善;周陳秀霞;陳賴素美;陳歐珀;江永昌,
105/06/16,紅樓201會議室,交通委員會,無,立法院第9屆第1會期交通委員會第20次全體委員會議,邀請飛航安全調查委員會主任委員黃煌煇列席報告業務概況，並備質詢。(6月13日、15日及16日三天一次會),鄭寶清;李昆澤;陳歐珀;鄭天財Sra．Kacaw;劉櫂豪;葉宜津;鄭運鵬;蕭美琴;趙正宇;簡東明Uliw．Qaljupayare;林俊憲;李鴻鈞;鍾佳濱;孔文吉;黃偉哲;徐永明;黃昭順;吳志揚;賴士葆;蔣乃辛;陳明文;鍾孔炤;何欣純;賴瑞隆;李彥秀;周陳秀霞;徐榛蔚;谷辣斯．尤達卡Kolas Yotaka;張麗善,
105/06/16,群賢樓101會議室,教育及文化委員會,無,立法院第9屆第1會期教育及文化委員會第25次全體委員會議,一、繼續處理104年度中央政府總預算案有關教育部主管預算（公務預算）解凍案2案。（處理）。二、處理105年度中央政府總預算案有關教育部主管預算（公務預算）解凍案12案。（詢答及處理）,吳志揚;柯志恩;蘇巧慧;吳思瑤;徐永明;黃國書;張廖萬堅;鍾佳濱;蔣乃辛;何欣純;李麗芬;盧秀燕;孔文吉;黃偉哲;高金素梅;蔡易餘;蕭美琴;劉櫂豪;陳歐珀;鄭天財Sra．Kacaw;鄭運鵬;賴士葆;曾銘宗;林德福;黃昭順;簡東明Uliw．Qaljupayare;陳明文;李彥秀;谷辣斯．尤達卡Kolas Yotaka;徐榛蔚;高潞．以用．巴魕剌Kawlo．Iyun．Pacidal;張麗善;林俊憲;羅明才;陳怡潔;陳亭妃,
105/06/16,紅樓202會議室,內政委員會,無,立法院第9屆第1會期內政委員會第22次全體委員會議,邀請行政院海岸巡防署署長李仲威、外交部、國防部、行政院農業委員會，針對我國周邊爭議海域，如何有效護漁、保障漁民權益及「強化海巡編裝發展方案」執行進度，進行專題報告並備質詢。,陳怡潔;林德福;莊瑞雄;李俊俋;洪宗熠;賴瑞隆;陳超明;陳其邁;孔文吉;趙天麟;谷辣斯．尤達卡Kolas Yotaka;鍾佳濱;黃昭順;陳歐珀;鄭天財Sra．Kacaw;徐榛蔚;蕭美琴;葉宜津;黃偉哲;徐永明;鄭運鵬;高潞．以用．巴魕剌Kawlo．Iyun．Pacidal;吳志揚;賴士葆;劉櫂豪;簡東明Uliw．Qaljupayare;蔣乃辛;陳明文;鍾孔炤;何欣純;林俊憲;李彥秀;周陳秀霞;張麗善;李昆澤;吳琪銘;陳亭妃,
105/06/16,群賢樓801會議室,社會福利及衛生環境委員會,無,立法院第9屆第1會期社會福利及衛生環境委員會32次全體委員會議,審查(一)行政院函請審議「中華民國紅十字會法修正草案」、(二)本院委員賴士葆等27人擬具「中華民國紅十字會法修正草案」、(三)委員蔡易餘等19人擬廢止「中華民國紅十字會法」、(四)委員葉宜津等22人擬廢止「中華民國紅十字會法」、(五)委員段宜康等26人擬廢止「中華民國紅十字會法」、(六)委員徐國勇等27人擬廢止「中華民國紅十字會法」等6案。,王育敏;蔣萬安;李彥秀;林德福;余宛如;孔文吉;賴士葆;蕭美琴;鍾佳濱;盧秀燕;顏寬恒;鄭天財Sra．Kacaw;黃昭順;林俊憲;陳歐珀;徐國勇;江啟臣;廖國棟Sufin．Siluko;陳賴素美;柯志恩;徐榛蔚;馬文君;陳亭妃;王惠美;陳明文;蔣乃辛;羅明才;周陳秀霞;呂玉玲;張麗善;吳志揚;蔡易餘;費鴻泰;簡東明Uliw．Qaljupayare;何欣純,
105/06/20,紅樓301會議室,外交及國防委員會,無,立法院第9屆第1會期外交及國防委員會第32次全體委員會議,一、處理院會交付國防部105年度中央政府總預算決議凍結案1案。 二、審查本院委員蔡適應等23人擬具「陸海空軍勳賞條例第六條條文修正草案」案。,陳亭妃;蔡適應;江啟臣;呂孫綾;羅致政;劉世芳;徐志榮;呂玉玲;王定宇;陳怡潔;蕭美琴;黃偉哲;陳歐珀;簡東明Uliw．Qaljupayare;徐永明;賴士葆;林德福;盧秀燕;曾銘宗;徐榛蔚;陳賴素美;黃昭順;王惠美;孔文吉;林俊憲;蔣乃辛;蔡易餘;邱志偉;高金素梅;張麗善;馬文君,
105/06/20,群賢樓101會議室,教育及文化委員會,無,立法院第9屆第1會期教育及文化委員會第26次全體委員會議,繼續併案審查委員陳學聖等28人、委員許智傑等17人、委員黃國書等16人擬具「教保服務人員條例草案」案。【逐條審查】(6月20日及6月22日2天一次會),,
105/06/20,紅樓201會議室,交通委員會,無,立法院第9屆第1會期交通委員會第21次全體委員會議,邀請交通部部長賀陳旦就「交通部得實質掌控事業單位（臺灣鐵路管理局、台灣高速鐵路股份有限公司、中華郵政股份有限公司、桃園國際機場股份有限公司、桃園航勤股份有限公司、中華航空股份有限公司、臺灣港務股份有限公司、陽明海運股份有限公司、台灣航業股份有限公司、中華電信股份有限公司及台灣世曦工程顧問股份有限公司等）經營現況及未來展望」列席報告，並備質詢。,鄭寶清;李昆澤;鄭運鵬;陳歐珀;蕭美琴;鄭天財Sra．Kacaw;趙正宇;陳素月;簡東明Uliw．Qaljupayare;葉宜津;林俊憲;黃昭順;李鴻鈞;劉櫂豪;陳雪生;鍾佳濱;江啟臣;廖國棟Sufin．Siluko;徐永明;施義芳;王定宇;陳亭妃;邱志偉;高潞．以用．巴魕剌Kawlo．Iyun．Pacidal;林岱樺;林德福;賴士葆;徐榛蔚;盧秀燕;曾銘宗;陳賴素美;黃偉哲;王惠美;孔文吉;蔣乃辛;蔡易餘;陳怡潔;高金素梅;賴瑞隆;羅致政;管碧玲;何欣純;張麗善;呂玉玲;呂孫綾;羅明才;吳志揚;蔡適應;陳宜民,
105/06/20,九樓大禮堂,財政委員會,經濟委員會,立法院第9屆第1會期財政、經濟委員會第2次聯席會議,審查「中華民國103年度中央政府總決算審核報告（含附屬單位決算及綜計表）案」關於農業委員會主管(含附屬單位決算非營業特種基金部分)。,曾銘宗;吳秉叡;黃國昌;賴士葆;余宛如;盧秀燕;陳賴素美;蘇治芬;廖國棟Sufin．Siluko;黃偉哲;徐永明;施義芳;費鴻泰;邱志偉;蘇震清;管碧玲;王榮璋;蔡培慧;羅明才;江啟臣;鍾佳濱;王惠美;鄭天財Sra．Kacaw;陳亭妃;陳怡潔;陳歐珀;簡東明Uliw．Qaljupayare;徐榛蔚;黃昭順;蔣萬安;蔣乃辛;高金素梅;何欣純;林俊憲;蔡易餘;呂玉玲;陳明文;徐國勇;張麗善;江永昌,
105/06/20,紅樓302會議室,司法及法制委員會,無,立法院第9屆第1會期司法及法制委員會,「促進轉型正義條例草案」第五場公聽會,,
105/06/20,紅樓202會議室,內政委員會,無,立法院第9屆第1會期內政委員會第23次全體委員會議,一、邀請原住民族委員會主任委員夷將‧拔路兒(Icyang‧Parod)率同所屬列席報告業務概況（含上會期臨時提案辦理情形），並備質詢。 二、邀請蒙藏委員會委員長林美珠率同所屬列席報告業務概況，並備質詢。,陳怡潔;賴瑞隆;李俊俋;黃昭順;陳超明;洪宗熠;莊瑞雄;趙天麟;谷辣斯．尤達卡Kolas Yotaka;徐榛蔚;鄭天財Sra．Kacaw;何欣純;孔文吉;簡東明Uliw．Qaljupayare;林麗蟬;陳瑩;高金素梅;邱志偉;陳亭妃;鄭運鵬;黃偉哲;徐永明;陳歐珀;黃國昌;鍾佳濱;林德福;賴士葆;盧秀燕;曾銘宗;陳賴素美;葉宜津;蔣乃辛;林俊憲;蔡易餘;廖國棟Sufin．Siluko;管碧玲;高潞．以用．巴魕剌Kawlo．Iyun．Pacidal;陳雪生;陳其邁;張麗善;呂玉玲;吳琪銘;蕭美琴,
105/06/20,紅樓302會議室,司法及法制委員會,無,立法院第9屆第1會期司法及法制委員會第34次全體委員會議,繼續審查行政院函請審議「資恐防制法草案」案。,,
105/06/20,群賢樓801會議室,社會福利及衛生環境委員會,無,立法院第9屆第1會期社會福利及衛生環境委員會32次全體委員會議,繼續審查(一)本院委員林淑芬等21人擬具「廢棄物清理法部分條文修正草案」、(二)委員蘇治芬等20人擬具「廢棄物清理法第二十八條、第三十二條及第四十六條條文修正草案」、(三)委員劉建國等16人擬具「廢棄物清理法部分條文修正草案」等3案。 ,,
105/06/20,紅樓101會議室,經濟委員會,無,立法院第9屆第1會期經濟委員會第23次全體委員會議,審查本院委員邱志偉等19人擬具「農會法第二十五條之一條文修正草案」案。(詢答及處理),林岱樺;廖國棟Sufin．Siluko;黃偉哲;徐永明;邱志偉;王惠美;孔文吉;蘇震清;管碧玲;蘇治芬;陳明文;蔡培慧;張麗善;高志鵬;劉世芳;洪慈庸;盧秀燕;江啟臣;蔡易餘;賴士葆;鄭運鵬;曾銘宗;蕭美琴;鍾佳濱;陳賴素美;鄭天財Sra．Kacaw;林德福;陳怡潔;黃昭順;陳歐珀;簡東明Uliw．Qaljupayare;徐榛蔚;蔣乃辛;陳亭妃;林俊憲;高金素梅;呂玉玲;邱議瑩;劉櫂豪,
105/06/21,紅樓201會議室,程序委員會,無,第9屆第1會期程序委員會第15次會議,審定本院第9屆第1會期第18次會議議事日程及人民 請願案,,
105/06/22,紅樓302會議室,司法及法制委員會,無,立法院第9屆第1會期司法及法制委員會第35次全體委員會議,繼續審查民進黨黨團擬具「促進轉型正義條例草案」案。（星期三及星期四兩天一次會）,,
105/06/22,紅樓301會議室,外交及國防委員會,無,立法院第9屆第1會期外交及國防委員會第33次全體委員會議,一、處理院會交付僑務委員會105年度中央政府總預算決議凍結案等3案。 二、邀請僑務委員會委員長吳新興報告「海外僑務榮譽職任命原則及檢討」，並備質詢。,蔡適應;羅致政;陳亭妃;徐志榮;江啟臣;林昶佐;劉世芳;呂玉玲;王定宇;黃偉哲;徐永明;鍾佳濱;曾銘宗;盧秀燕;廖國棟Sufin．Siluko;吳志揚;黃昭順;林德福;陳雪生;賴士葆;陳怡潔;徐榛蔚;蔣乃辛;王惠美;邱志偉;孔文吉;何欣純;陳賴素美;羅明才;周陳秀霞;林俊憲;高金素梅,
105/06/22,群賢樓101會議室,教育及文化委員會,無,立法院第9屆第1會期教育及文化委員會第26次全體委員會議,邀請中央研究院院長列席報告業務概況，並備質詢。(6月20日及6月22日2天一次會),柯志恩;蘇巧慧;吳志揚;許智傑;吳思瑤;張廖萬堅;黃國書;蔣乃辛;黃國昌;何欣純;高潞．以用．巴魕剌Kawlo．Iyun．Pacidal;李麗芬;陳宜民;鍾佳濱;呂玉玲;王惠美;高金素梅;洪慈庸;盧秀燕;吳焜裕;江啟臣;陳亭妃;賴士葆;廖國棟Sufin．Siluko;黃偉哲;徐永明;李彥秀;陳歐珀;黃昭順;林德福;邱志偉;黃秀芳;鄭天財Sra．Kacaw;孔文吉;蕭美琴;陳賴素美;曾銘宗;羅明才;林俊憲;陳學聖,
105/06/22,紅樓202會議室,內政委員會,無,立法院第9屆第1會期內政委員會第24次全體委員會議,一、審查委員黃偉哲等17人擬具「公職人員選舉罷免法第一百二十七條及第一百二十八條條文修正草案」案。 二、審查委員林俊憲等19人擬具「公職人員選舉罷免法第七十四條、第一百二十二條及第一百二十三條條文修正草案」案。 三、審查委員黃偉哲等22人擬具「公職人員選舉罷免法第二十七條及第一百十七條條文修正草案」案。 四、審查委員段宜康等19人擬具「公職人員選舉罷免法第二十七條條文修正草案」案。,黃昭順;陳怡潔;李俊俋;趙天麟;莊瑞雄;徐榛蔚;賴瑞隆;陳其邁;姚文智;林麗蟬;陳超明;洪宗熠;谷辣斯．尤達卡Kolas Yotaka;林德福;黃偉哲;陳亭妃;鍾佳濱;徐永明;陳歐珀;盧秀燕;陳雪生;吳志揚;賴士葆;李彥秀;廖國棟Sufin．Siluko;徐國勇;蔣乃辛;劉世芳;葉宜津;高潞．以用．巴魕剌Kawlo．Iyun．Pacidal;王惠美;邱志偉;鍾孔炤;孔文吉;何欣純;呂玉玲;蕭美琴;陳賴素美;羅明才;周陳秀霞;吳琪銘;張麗善;林俊憲,
105/06/22,紅樓101會議室,經濟委員會,無,立法院第9屆第1會期經濟委員會第24次全體委員會,邀請經濟部、國家發展委員會、行政院農業委員會、內政部、行政院環境保護署就綠能政策目標、未來規劃及執行現況進行報告，並備質詢。(6月22日、6月23日二天一次會),林岱樺;廖國棟Sufin．Siluko;邱議瑩;黃偉哲;徐永明;管碧玲;蘇震清;王惠美;蘇治芬;陳明文;孔文吉;邱志偉;張麗善;鍾佳濱;王育敏;蔡培慧;江啟臣;高志鵬;林俊憲;賴瑞隆;洪慈庸;徐榛蔚;鄭天財Sra．Kacaw;莊瑞雄;黃昭順;賴士葆;吳志揚;林德福;李彥秀;劉世芳;蔣乃辛;盧秀燕;何欣純;呂玉玲;余宛如;陳賴素美;羅明才;陳歐珀;周陳秀霞;陳亭妃;陳曼麗;蕭美琴;吳焜裕,
105/06/22,群賢樓801會議室,社會福利及衛生環境委員會,無,立法院第9屆第1會期社會福利及衛生環境委員會33次全體委員會議(議程更新),一、審查104年12月15日公布之「修正『全民健康保險法施行細則』部分條文」，請查照案。二、繼續審查本院委員吳玉琴等22人擬具「就業服務法第五十二條條文修正草案」。,陳宜民;吳焜裕;洪慈庸;吳玉琴;陳曼麗;王育敏;蔣萬安;李彥秀;黃秀芳;鍾孔炤;林淑芬;林靜儀;楊曜;盧秀燕;吳秉叡;賴士葆;吳志揚;林德福;王榮璋;江啟臣;陳亭妃;黃偉哲;廖國棟Sufin．Siluko;陳歐珀;徐榛蔚;鍾佳濱;蔣乃辛;邱志偉;王惠美;何欣純;呂玉玲;陳賴素美;羅明才;張麗善;周陳秀霞;林俊憲;陳瑩;黃國昌;劉建國;林淑芬,
105/06/22,九樓大禮堂,財政委員會,無,立法院第9屆第1會期財政委員會第17次全體委員會議,一、審查行政院函請審議「所得稅法增訂第十七條之四條文草案」案。二、審查行政院函請審議「關稅法部分條文修正草案」案。,黃國昌;盧秀燕;吳秉叡;曾銘宗;賴士葆;余宛如;王榮璋;徐國勇;陳賴素美;羅明才;施義芳;費鴻泰;吳志揚;陳亭妃;黃偉哲;廖國棟Sufin．Siluko;李彥秀;陳歐珀;鍾佳濱;徐榛蔚;蔣乃辛;邱志偉;王惠美;何欣純;呂玉玲;鍾孔炤;張麗善;周陳秀霞;林俊憲;林德福;江永昌,
105/06/22,紅樓201會議室,交通委員會,無,立法院第9屆第1會期交通委員會第22次全體委員會議,一、繼續審查委員陳超明等19人擬具「道路交通管理處罰條例第二十九條之二及第六十三條條文修正草案」案。 二、繼續審查委員陳怡潔等18人擬具「道路交通管理處罰條例第三十一條之一條文修正草案」案。 三、繼續審查行政院函請審議「道路交通管理處罰條例第三十七條條文修正草案」案。 四、繼續審查委員陳素月等18人擬具「道路交通管理處罰條例第三十七條及第九十三條條文修正草案」案。 五、繼續審查委員蕭美琴等19人擬具「道路交通管理處罰條例第四十五條條文修正草案」案。 六、繼續審查委員李鴻鈞等26人擬具「道路交通管理處罰條例第五十四條條文修正草案」案。 七、繼續審查委員柯志恩等17人擬具「道路交通管理處罰條例第五十五條及第五十六條條文修正草案」案。 八、繼續審查委員蔣乃辛等17人擬具「道路交通管理處罰條例增訂第五十六條之一條文草案」案。 九、繼續審查委員許淑華等18人擬具「道路交通管理處罰條例第六十九條條文修正草案」案。 十、繼續審查委員陳歐珀等18人擬具「道路交通管理處罰條例第七十八條條文修正草案」案。(以上10案業已詢答完畢，進行逐條審查),,
105/06/23,紅樓301會議室,外交及國防委員會,無,立法院第9屆第1會期外交及國防委員會第34次全體委員會議,一、處理院會交付國軍退除役官兵輔導委員會105年度中央政府總預算決議凍結案等2案。 二、審查國軍退除役官兵輔導委員會主管「財團法人榮民榮眷基金會」105年度預算書案。,王定宇;蔡適應;羅致政;江啟臣;林昶佐;陳亭妃;劉世芳;呂玉玲;賴士葆;徐永明;馬文君;孔文吉;蔡易餘;吳焜裕;徐榛蔚;陳明文;邱志偉;鍾佳濱;廖國棟Sufin．Siluko;黃偉哲;鄭天財Sra．Kacaw,
105/06/23,紅樓202會議室,內政委員會,無,立法院第9屆第1會期內政委員會第25次全體委員會議,邀請客家委員會主任委員李永得率同所屬列席報告業務概況，並備質詢。,陳超明;賴瑞隆;李俊俋;林麗蟬;陳怡潔;徐榛蔚;洪宗熠;莊瑞雄;陳其邁;吳琪銘;谷辣斯．尤達卡Kolas Yotaka;江啟臣;黃偉哲;孔文吉;鍾佳濱;徐永明;管碧玲;鍾孔炤;陳明文;陳亭妃;邱志偉;李彥秀;蔡易餘;林德福;姚文智,
105/06/23,群賢樓801會議室,社會福利及衛生環境委員會,無,立法院第9屆第1會期社會福利及衛生環境委員會第34次全體委員會議,邀請勞動部、衛生福利部、國防部、內政部營建署、行政院環境保護署、經濟部標準檢驗局就「石綿相關職業疾病之預防與補償：如何從進口貨品檢驗、拆除營建廢棄物管理，以及工作場所職場暴露等階段預防石綿危害，並建立石綿相關疾病之合理補償機制」列席報告，並備質詢。,洪慈庸;吳焜裕;陳宜民;吳玉琴;陳瑩;陳曼麗;蔣萬安;鍾孔炤;林靜儀;黃秀芳;王育敏;李彥秀;徐永明;曾銘宗;楊曜;王惠美;黃偉哲;鍾佳濱;陳亭妃;賴瑞隆;林德福;廖國棟Sufin．Siluko;徐榛蔚;賴士葆;劉建國;林淑芬,
105/06/23,紅樓302會議室,司法及法制委員會,無,立法院第9屆第1會期司法及法制委員會第35次全體委員會議,繼續審查民進黨黨團擬具「促進轉型正義條例草案」案。（星期三及星期四兩天一次會）,,
105/06/23,紅樓101會議室,經濟委員會,無,立法院第9屆第1會期經濟委員會第24次全體委員會,一、審查本院委員王育敏等16人擬具「動物保護法第十二條及第二十七條條文修正草案」案。 二、審查本院委員高志鵬等32人擬具「動物保護法部分條文修正草案」案。 三、審查本院委員邱志偉等21人擬具「動物保護法部分條文修正草案」案。(6月22日、6月23日二天一次會),黃偉哲;徐永明;孔文吉;邱志偉;陳明文;管碧玲;王惠美;高志鵬;蘇震清;鍾佳濱;廖國棟Sufin．Siluko;王育敏;徐榛蔚;鍾孔炤;莊瑞雄;陳亭妃;劉世芳;江啟臣;林德福;蔡易餘;蔡培慧;陳怡潔;賴士葆,
105/06/27,群賢樓801會議室,社會福利及衛生環境委員會,無,立法院第9屆第1會期社會福利及衛生環境委員會第35次全體委員會議,（6月27日） 一、邀請勞動部、交通部就「新政府如何縮減勞工工時、落實周休二日及國定假日休假之政策配套與修法規劃，並由華航罷工爭議事件檢視新政府如何建構協商自治之集體勞資關係制度」列席報告，並備質詢。 二、審查(一)本院委員蔣乃辛等20人擬具「勞工退休金條例第二十四條條文修正草案」、(二)委員陳宜民等19人擬具「勞工退休金條例第二十四條條文修正草案」、(三)委員張廖萬堅等17人擬具「勞工退休金條例第二十四條條文修正草案」等3案。 三、審查(一)本院委員李彥秀等18人擬具「勞動基準法第五十條條文修正草案」、(二)委員盧秀燕等20人擬具「勞動基準法第五十條條文修正草案」等2案。 四、繼續審查(一)本院委員蔣萬安等24人擬具「勞動基準法第十四條條文修正草案」、(二)委員李彥秀等16人擬具「勞動基準法第十四條條文修正草案」(提案第18779號)、(三)委員李彥秀等16人擬具「勞動基準法第十四條條文修正草案」(提案第19223號)等3案。 ,吳焜裕;李彥秀;洪慈庸;陳曼麗;吳玉琴;王育敏;陳宜民;蔣萬安;鍾孔炤;黃秀芳;林靜儀;劉建國;李昆澤;王惠美;廖國棟Sufin．Siluko;蔡易餘;吳志揚;楊曜;王榮璋;江啟臣;鄭天財Sra．Kacaw;陳歐珀;徐永明;鄭運鵬;顏寬恒;林德福;徐榛蔚;簡東明Uliw．Qaljupayare;蔣乃辛;陳亭妃;余宛如;張麗善;何欣純;周陳秀霞;張廖萬堅;黃昭順;呂玉玲;林淑芬;鍾佳濱;余宛如,
105/06/27,紅樓301會議室,外交及國防委員會,無,立法院第9屆第1會期外交及國防委員會第35次全體委員會議,邀請外交部次長、經濟部次長、財政部次長、金融監督管理委員會副主任委員、國家發展委員會副主任委員、中央銀行副總裁報告「英國脫歐公投結果對我外交、經貿之影響、挑戰及因應」，並備質詢。,蔡適應;王定宇;江啟臣;羅致政;林昶佐;陳亭妃;徐志榮;馬文君;呂玉玲;曾銘宗;孔文吉;徐永明;林德福;蔡易餘;顏寬恒;鄭運鵬;廖國棟Sufin．Siluko;蘇巧慧;鍾佳濱;黃昭順;吳志揚;徐榛蔚;簡東明Uliw．Qaljupayare;蔣乃辛;陳明文;周陳秀霞;張麗善;何欣純;陳歐珀;王惠美,
105/06/27,紅樓202會議室,內政委員會,無,立法院第9屆第1會期內政委員會第26次全體委員會議,繼續審查 一、行政院函請審議「臺灣地區與大陸地區人民關係條例第十七條條文修正草案」案。（院總第1554號政府提案第15560號關係文書） 二、行政院函請審議「臺灣地區與大陸地區人民關係條例第十七條條文修正草案」案。（院總第1554號政府提案第15561號關係文書） 三、委員尤美女等31人擬具「臺灣地區與大陸地區人民關係條例第十七條條文修正草案」案。 四、委員孔文吉等21人擬具「反族群歧視法草案」案。,,
105/06/27,紅樓302會議室,司法及法制委員會,無,立法院第9屆第1會期司法及法制委員會第36次全體委員會議,一、審查委員廖國棟等27人擬具「促進轉型正義外來政權統治原住民族時期原住民受損權利回復及補償條例草案」案。二、審查親民黨黨團擬具「原住民族歷史正義及尊嚴恢復條例草案」案。三、審查委員陳瑩等17人擬具「促進轉型正義條例草案」案。四、繼續審查委員鄭天財等23人擬具「促進轉型正義回復原住民族傳統領域土地條例草案」案。五、繼續審查時代力量黨團擬具「歷史正義與權利回復法草案」案。,鄭天財Sra．Kacaw;蔡易餘;柯建銘;張宏陸;周陳秀霞;顧立雄;高金素梅;許淑華;劉櫂豪;周春米;林德福;孔文吉;徐永明;尤美女;谷辣斯．尤達卡Kolas Yotaka;簡東明Uliw．Qaljupayare;蘇巧慧;曾銘宗;廖國棟Sufin．Siluko;鍾佳濱;吳志揚;黃昭順;林昶佐;高潞．以用．巴魕剌Kawlo．Iyun．Pacidal;徐榛蔚;顏寬恒;蔣乃辛;陳亭妃;陳明文;何欣純;陳歐珀;馬文君;王惠美;許毓仁;蕭美琴;鄭運鵬;林為洲;段宜康,
105/06/27,群賢樓101會議室,教育及文化委員會,財政委員會,立法院第9屆第1會期教育及文化、財政委員會第1次聯席會議,一、審查委員黃國書等20人擬具「運動彩券發行條例第一條、第八條及第二十八條條文修正草案」案。二、審查委員呂玉玲等26人擬具「運動彩券發行條例第八條條文修正草案」案。三、審查委員洪宗熠等18人擬具「運動彩券發行條例第二十一條條文修正草案」案。【詢答及逐條審查】,柯志恩;蘇巧慧;吳思瑤;吳志揚;曾銘宗;張廖萬堅;何欣純;徐國勇;蔣乃辛;李麗芬;高潞．以用．巴魕剌Kawlo．Iyun．Pacidal;黃國書;鍾佳濱;陳學聖;高金素梅;徐永明;孔文吉;賴士葆;李昆澤;鄭天財Sra．Kacaw;鄭運鵬;顏寬恒;林德福;陳歐珀;徐榛蔚;黃秀芳;簡東明Uliw．Qaljupayare;陳明文;陳亭妃;張麗善;周陳秀霞;王惠美;江啟臣,
105/06/27,紅樓101會議室,經濟委員會,無,立法院第9屆第1會期經濟委員會第25次全體委員會議,繼續審查行政院函請審議「動物用藥品管理法部分條文修正草案」案。（逐條討論）(6月27日、29日、30日三天一次會),,
105/06/27,紅樓201會議室,交通委員會,無,立法院第9屆第1會期交通委員會第23次全體委員會議,邀請交通部部長賀陳旦就「軌道安全檢討」列席報告，並備質詢。,鄭寶清;李昆澤;陳歐珀;鄭運鵬;蕭美琴;顏寬恒;葉宜津;鄭天財Sra．Kacaw;陳素月;簡東明Uliw．Qaljupayare;陳雪生;鍾佳濱;徐永明;江啟臣;孔文吉;林德福;黃昭順;李彥秀;吳志揚;廖國棟Sufin．Siluko;陳宜民;徐榛蔚;賴瑞隆;蔣乃辛;陳明文;劉櫂豪;蔡易餘;周陳秀霞;何欣純;張麗善;鍾孔炤;姚文智;王惠美;呂玉玲;陳亭妃;廖國棟Sufin．Siluko,
105/06/28,紅樓201會議室,程序委員會,無,第9屆第1會期程序委員會第16次會議,審定本院第9屆第1會期第19次會議議事日程及人民 請願案,段宜康;尤美女,
105/06/29,群賢樓801會議室,社會福利及衛生環境委員會,無,立法院第9屆第1會期社會福利及衛生環境委員會第35次全體委員會議,（6月29日） 邀請行政院環境保護署、經濟部、國家發展委員會、行政院農業委員會、內政部就「全民總意志貫徹，缺電不是問題－新政府如何減少碳排放、落實節能節電、發展再生能源、確保夏季尖峰時間供電無虞之具體對策」列席報告，並備質詢。 ,吳焜裕;林靜儀;陳宜民;王育敏;李彥秀;吳玉琴;鍾孔炤;陳曼麗;蔣萬安;黃秀芳;蘇治芬;蘇巧慧;鍾佳濱;劉建國;賴士葆;曾銘宗;盧秀燕;吳志揚;葉宜津;黃昭順;黃偉哲;徐國勇;蔣乃辛;鄭運鵬;吳秉叡;羅明才;徐榛蔚;林昶佐;陳亭妃;王惠美;林德福;周陳秀霞;洪慈庸;林淑芬;陳賴素美;洪慈庸,
105/06/29,紅樓301會議室,外交及國防委員會,司法及法制委員會,立法院第9屆第1會期外交及國防、司法及法制委員會第1次聯席會議,一、審查本院委員江啟臣等20人擬具「聯合國打擊跨國有組織犯罪公約施行法草案」案。 二、審查本院委員莊瑞雄等21人擬具「聯合國打擊跨國有組織犯罪公約施行法草案」案。(6月29日及30日二天一次會),蔡適應;江啟臣;王定宇;羅致政;陳亭妃;許毓仁;林德福;顧立雄;葉宜津;徐志榮;尤美女;廖國棟Sufin．Siluko;孔文吉;黃偉哲;高潞．以用．巴魕剌Kawlo．Iyun．Pacidal;賴士葆;陳賴素美;吳志揚;鄭運鵬;蔣乃辛;徐榛蔚;張麗善;王惠美;周陳秀霞;莊瑞雄;簡東明Uliw．Qaljupayare;許淑華;周春米;蔡易餘;馬文君,
105/06/29,紅樓101會議室,經濟委員會,無,立法院第9屆第1會期經濟委員會第25次全體委員會議,邀請經濟部部長針對如何推動生技醫藥產業以帶動經濟轉型、產業創新研發進行報告，並備質詢。(6月27日、29日、30日三天一次會),廖國棟Sufin．Siluko;黃偉哲;孔文吉;蘇治芬;張麗善;王惠美;蘇震清;黃昭順;賴瑞隆;江啟臣;陳明文;吳焜裕;管碧玲;鍾佳濱;高志鵬;葉宜津;賴士葆;曾銘宗;吳志揚;蔣乃辛;徐榛蔚;蔡適應;陳亭妃;周陳秀霞;吳思瑤;陳賴素美;鄭運鵬,
105/06/29,紅樓302會議室,司法及法制委員會,交通委員會,立法院第9屆第1會期司法及法制、交通委員會第2次聯席會議,一、繼續審查委員葉宜津等24人擬具「交通部公路總局組織條例修正草案」案。二、繼續審查委員葉宜津等24人擬具廢止「交通部公路總局各區養護工程處組織通則」案。三、繼續審查委員葉宜津等24人擬具廢止「交通部公路總局材料試驗所組織條例」案。四、繼續審查委員葉宜津等23人擬具廢止「交通部公路總局各區監理所組織通則」案。,,
105/06/29,紅樓302會議室,司法及法制委員會,無,立法院第9屆第1會期司法及法制委員會第37次全體委員會議,一、繼續審查委員廖國棟等27人擬具「促進轉型正義外來政權統治原住民族時期原住民受損權利回復及補償條例草案」案。二、繼續審查親民黨黨團擬具「原住民族歷史正義及尊嚴恢復條例草案」案。三、繼續審查委員陳瑩等17人擬具「促進轉型正義條例草案」案。四、繼續審查委員鄭天財等23人擬具「促進轉型正義回復原住民族傳統領域土地條例草案」案。五、繼續審查時代力量黨團擬具「歷史正義與權利回復法草案」案。,,
105/06/29,群賢樓101會議室,教育及文化委員會,無,立法院第9屆第1會期教育及文化委員會第27次全體委員會議,一、處理105年度中央政府總預算案有關科技部主管預算（公務預算）解凍案17案。（詢答及處理）二、審查104年度中央政府總預算案有關行政院主管行政院國家科學技術發展基金附屬單位預算解凍案1案。（詢答及處理）,蘇巧慧;吳志揚;柯志恩;吳思瑤;黃國書;張廖萬堅;高潞．以用．巴魕剌Kawlo．Iyun．Pacidal;李麗芬;蔣乃辛;鍾佳濱;何欣純;陳學聖;黃昭順;吳焜裕;陳宜民;陳賴素美;盧秀燕;曾銘宗;江啟臣;孔文吉;黃偉哲;賴士葆;李彥秀;羅明才;徐榛蔚;張麗善;陳亭妃;王惠美;林德福;周陳秀霞;管碧玲;高金素梅,
105/06/29,紅樓202會議室,內政委員會,無,立法院第9屆第1會期內政委員會第27次全體委員會議,一、繼續審查本院委員孔文吉等21人擬具「反族群歧視法草案」案。 二、審查本院國民黨黨團擬具「反族群歧視法草案」案。 三、繼續審查行政院函請審議「國籍法部分條文修正草案」案。 四、繼續審查本院委員顏寬恒等17人擬具「國籍法第四條條文修正草案」案。 五、繼續審查本院委員蕭美琴等17人擬具「國籍法刪除第九條及第十條條文草案」案。 六、繼續審查本院委員蔣萬安等23人擬具「國籍法第九條條文修正草案」案。 七、審查本院委員馬文君等16人擬具「國籍法第四條條文修正草案」案。 八、審查本院委員吳玉琴等21人擬具「國籍法第四條、第九條及第十九條條文修正草案」案。 九、審查本院委員林麗蟬等35人擬具「國籍法部分條文修正草案」案。 十、繼續審查本院委員Kolas Yotaka等18人擬具「入出國及移民法第十六條條文修正草案」案。 十一、審查行政院函請審議「入出國及移民法部分條文修正草案」案。,,
105/06/29,九樓大禮堂,財政委員會,無,立法院第9屆第1會期財政委員會第18次全體委員會議,一、繼續審查行政院函請審議「記帳士法第四條條文修正草案」案。二、審查本院委員江永昌等18人擬具「記帳士法第四條條文修正草案」案。三、審查本院委員王榮璋等17人擬具「記帳士法第四條條文修正草案」案。四、審查本院委員賴士葆等23人擬具「保險法第一百四十六條之五及第一百六十八條條文修正草案」案。,曾銘宗;吳秉叡;盧秀燕;賴士葆;王榮璋;余宛如;陳賴素美;徐國勇;羅明才;施義芳;江永昌;吳志揚;黃昭順;黃偉哲;蔣乃辛;鄭運鵬;徐榛蔚;張麗善;陳亭妃;王惠美;周陳秀霞;林德福;費鴻泰,
105/06/30,紅樓202會議室,內政委員會,無,立法院第9屆第1會期內政委員會第28次全體委員會議,邀請行政院大陸委員會主任委員張小月、內政部部長葉俊榮、財團法人海峽交流基金會代理董事長陳德新、法務部次長及外交部次長就「外國政府遣送國人至中國大陸接受偵查或審判案件處理實務、機制以及『柬埔寨案』後續處理情形」提出專題報告，並備質詢，另請國防部、國家安全局派員列席備詢。,楊鎮浯;陳怡潔;黃昭順;莊瑞雄;賴瑞隆;洪宗熠;李俊俋;徐永明;趙天麟;陳超明;陳明文;鍾佳濱;林麗蟬;吳志揚;曾銘宗;林德福;蔣乃辛;賴士葆;何欣純;邱志偉;羅明才;周陳秀霞;呂玉玲;谷辣斯．尤達卡Kolas Yotaka;黃偉哲;陳其邁;鄭天財Sra．Kacaw;廖國棟Sufin．Siluko;吳琪銘;姚文智;陳歐珀,
105/06/30,紅樓302會議室,司法及法制委員會,無,立法院第9屆第1會期司法及法制委員會第38次全體委員會議,一、併案審查委員曾銘宗等18人擬具「洗錢防制法第三條及第十一條條文修正草案」及委員許淑華等17人、委員呂玉玲等20人、委員徐國勇等19人分別擬具「洗錢防制法第三條條文修正草案」案。【委員徐國勇等19人提案如經院會復議，則不予審查。】二、審查委員蔣萬安等26人擬具「洗錢防制法第十條條文修正草案」案。,林德福;張宏陸;林為洲;周陳秀霞;尤美女;顧立雄;許毓仁;黃偉哲;徐永明;鍾佳濱;陳怡潔;陳明文;曾銘宗;吳志揚;廖國棟Sufin．Siluko;黃昭順;莊瑞雄;蔣乃辛;賴士葆;何欣純;邱志偉;羅明才;呂玉玲;陳賴素美;周春米;蔡易餘;陳歐珀,
105/06/30,紅樓301會議室,外交及國防委員會,司法及法制委員會,立法院第9屆第1會期外交及國防、司法及法制委員會第1次聯席會議,一、審查本院委員江啟臣等20人擬具「聯合國打擊跨國有組織犯罪公約施行法草案」案。二、審查本院委員莊瑞雄等21人擬具「聯合國打擊跨國有組織犯罪公約施行法草案」案。(6月29日及30日二天一次會),,
105/06/30,群賢樓101會議室,教育及文化委員會,無,立法院第9屆第1會期教育及文化委員會第28次全體委員會議,一、審查民進黨黨團擬具「私立學校法部分條文修正草案」案。二、審查委員張廖萬堅等19人擬具「私立學校法部分條文修正草案」案。三、審查委員黃國書等19人擬具「偏鄉教育條例草案」案。四、審查委員林岱樺等20人擬具「偏鄉教育法草案」案。【詢答及逐條審查】,吳志揚;柯志恩;蘇巧慧;吳思瑤;張廖萬堅;黃國書;高潞．以用．巴魕剌Kawlo．Iyun．Pacidal;蔣乃辛;何欣純;李麗芬;鍾佳濱;陳學聖;葉宜津;高金素梅;陳宜民;蘇治芬;陳明文;徐永明;鄭天財Sra．Kacaw;陳歐珀;黃昭順;陳怡潔;賴士葆;鍾孔炤;黃偉哲;廖國棟Sufin．Siluko;邱志偉;吳焜裕;羅明才;林德福;盧秀燕;林靜儀;張麗善;周陳秀霞;谷辣斯．尤達卡Kolas Yotaka;陳其邁;尤美女;管碧玲;林岱樺;王惠美,
105/06/30,紅樓101會議室,經濟委員會,無,立法院第9屆第1會期經濟委員會第25次全體委員會議,邀請國家發展委員會主任委員、科技部次長、教育部次長，以國家發展之政策規劃面向，針對如何落實檢討基礎建設以均衡區域發展、建立產學研合作研究機制與在地產業聚落進行報告，並備質詢。(6月27日、29日、30日三天一次會),林岱樺;廖國棟Sufin．Siluko;陳明文;黃偉哲;徐永明;蘇治芬;高志鵬;蘇震清;邱志偉;管碧玲;張麗善;蔡培慧;高潞．以用．巴魕剌Kawlo．Iyun．Pacidal;王惠美;鍾佳濱;賴瑞隆;林德福;呂玉玲;黃昭順;曾銘宗;陳曼麗;鍾孔炤;周陳秀霞;賴士葆;何欣純;黃國書;蔣乃辛;盧秀燕;鄭天財Sra．Kacaw;羅明才;蔡易餘;陳歐珀;蘇巧慧,
105/06/30,九樓大禮堂,財政委員會,社會福利及衛生環境委員會,立法院第9屆第1會期財政、社會福利及衛生環境委員會第3次聯席會議,審查「中華民國103年度中央政府總決算審核報告（含附屬單位決算及綜計表）案」關於衛生福利部主管(含附屬單位決算非營業特種基金部分)。,吳秉叡;曾銘宗;賴士葆;王榮璋;盧秀燕;余宛如;洪慈庸;徐國勇;費鴻泰;蔣萬安;羅明才;劉建國;陳曼麗;李彥秀;林德福;黃偉哲;徐永明;陳怡潔;鍾佳濱;陳明文;黃昭順;蔣乃辛;管碧玲;邱志偉;張麗善;周陳秀霞;陳賴素美;黃秀芳;施義芳;陳宜民;陳歐珀;吳志揚;江永昌,
105/06/30,群賢樓801會議室,社會福利及衛生環境委員會,無,立法院第9屆第1會期社會福利及衛生環境委員會第35次全體委員會議(議程更新),（6月30日）一、處理中華民國105年度中央政府總預算有關衛生福利部主管預算(公務預算)解凍案68案。(詢答及處理) 。二、處理中華民國105年度衛生福利部主管財團法人預算解凍案21案。(詢答及處理) 。三、審查本院委員王育敏等16人擬具「兒童及少年福利與權益保障法第六條條文修正草案」。四、審查本院委員李彥秀等18人擬具「身心障礙者權益保障法第十四條條文修正草案」。,洪慈庸;李彥秀;吳玉琴;陳曼麗;林淑芬;蔣萬安;吳焜裕;鍾孔炤;黃秀芳;林靜儀;劉建國;吳秉叡;曾銘宗;王榮璋;盧秀燕;吳志揚;廖國棟Sufin．Siluko;黃偉哲;徐永明;林德福;鍾佳濱;陳怡潔;陳明文;黃昭順;蔣乃辛;賴士葆;李麗芬;管碧玲;林為洲;邱志偉;羅明才;許毓仁;呂玉玲;張麗善;周陳秀霞;蔡易餘;陳歐珀;王惠美,
105/07/04,紅樓301會議室,外交及國防委員會,無,立法院第9屆第1會期外交及國防委員會第36次全體委員會議,上午： 邀請外交部部長李大維報告「英翔專案」執行成果，併請僑務委員會、國家安全局、內政部警政署列席，並備質詢。 下午： 邀請國防部部長馮世寬率國家中山科學研究院副院長、外交部次長、國家安全局副局長、行政院大陸委員會副主任委員、行政院海岸巡防署副署長報告「海軍金江艦誤射雄三飛彈事件暨可能肇生之區域影響評估」，並備質詢。,陳亭妃;江啟臣;羅致政;王定宇;林昶佐;劉世芳;徐志榮;呂玉玲;蔡適應;林德福;陳瑩;徐永明;黃偉哲;呂孫綾;盧秀燕;馬文君;徐榛蔚;鄭天財Sra．Kacaw;曾銘宗;張宏陸;蔣乃辛;陳宜民;陳怡潔;賴士葆;李彥秀;蔡易餘;管碧玲;鍾佳濱;陳明文;鄭運鵬;鍾孔炤;王惠美;孔文吉;姚文智;周陳秀霞;林麗蟬;張麗善;何欣純;林俊憲;莊瑞雄;陳賴素美;邱志偉;許毓仁;邱議瑩;吳志揚,
105/07/04,紅樓101會議室,經濟委員會,無,立法院第9屆第1會期經濟委員會第26次全體委員會議,一、審查本院委員林岱樺等16人擬具「農業發展條例增訂第四十七條之一條文草案」案。二、審查本院委員陳素月等18人擬具「農業發展條例第十六條條文修正草案」案。(7月4日、7日二天一次會),林岱樺;黃偉哲;陳明文;蘇震清;徐永明;管碧玲;邱志偉;高志鵬;王惠美;張麗善;蘇治芬;孔文吉;鄭天財Sra．Kacaw;吳思瑤;曾銘宗;陳曼麗;林德福;趙天麟;鍾佳濱;吳志揚;盧秀燕;江啟臣;徐榛蔚;蔣乃辛;賴士葆;賴瑞隆;陳怡潔;鄭運鵬;鍾孔炤;高潞．以用．巴魕剌Kawlo．Iyun．Pacidal;黃秀芳;李彥秀;蔡易餘;林俊憲;羅明才;姚文智;呂玉玲;何欣純;周陳秀霞;陳賴素美;蔡培慧,
105/07/04,群賢樓101會議室,教育及文化委員會,無,立法院第9屆第1會期教育及文化委員會第29次全體委員會議,處理105年度中央政府總預算案有關文化部主管預算（公務預算）解凍案6案。（進行詢答不處理）,吳志揚;黃國書;柯志恩;吳思瑤;張廖萬堅;蘇巧慧;蔣乃辛;陳學聖;高潞．以用．巴魕剌Kawlo．Iyun．Pacidal;李麗芬;何欣純;邱志偉;高金素梅;徐榛蔚;黃昭順;蘇治芬;盧秀燕;鄭天財Sra．Kacaw;曾銘宗;趙天麟;徐永明;黃偉哲;林德福;江啟臣;陳怡潔;管碧玲;鍾孔炤;賴士葆;黃秀芳;蔡易餘;鄭運鵬;林俊憲;王惠美;羅明才;姚文智;孔文吉;陳明文;呂玉玲;張麗善;周陳秀霞;陳賴素美;鍾佳濱,
105/07/04,群賢樓801會議室,社會福利及衛生環境委員會,無,立法院第9屆第1會期社會福利及衛生環境委員會第36次全體委員會議,一、審查本院委員吳焜裕等29人擬具「油症患者健康照護服務條例第四條及第十二條條文修正草案」案。 二、邀請衛生福利部、勞動部就「護病比與健保護理費給付連動政策對於改善護理人員血汗勞動之成效」列席報告，並備質詢。 三、處理中華民國105年度中央政府總預算有關衛生福利部主管預算(公務預算)解凍案68案。(詢答及處理) 。 四、處理中華民國105年度衛生福利部主管財團法人預算解凍案21案。(詢答及處理) 。,洪慈庸;林靜儀;吳焜裕;陳曼麗;吳玉琴;陳宜民;王育敏;鍾孔炤;李彥秀;蔣萬安;黃秀芳;林淑芬;陳瑩;吳秉叡;鍾佳濱;盧秀燕;賴士葆;吳志揚;徐榛蔚;江啟臣;黃昭順;陳明文;黃偉哲;蔣乃辛;林德福;陳怡潔;管碧玲;邱志偉;林俊憲;鄭運鵬;王惠美;羅明才;呂玉玲;何欣純;陳宜民;周陳秀霞;陳賴素美;張麗善;劉建國;林淑芬,
105/07/04,紅樓202會議室,內政委員會,無,立法院第9屆第1會期內政委員會第29次全體委員會議,一、審查本院委員王育敏等19人擬具「公寓大廈管理條例第十六條及第二十三條條文修正草案」案。二、審查本院委員李彥秀等16人擬具「公寓大廈管理條例第十三條條文修正草案」案。三、審查本院委員盧秀燕等16人擬具「公寓大廈管理條例第十二條之一及第四十九條條文修正草案」案。四、審查本院委員邱志偉等18人擬具「公寓大廈管理條例第八條條文修正草案」案。五、審查本院委員姚文智等20人擬具「公寓大廈管理條例第十八條條文修正草案」案。,李俊俋;莊瑞雄;賴瑞隆;陳怡潔;徐榛蔚;趙天麟;姚文智;黃昭順;洪宗熠;吳琪銘;陳其邁;林麗蟬;陳超明;谷辣斯．尤達卡Kolas Yotaka;陳明文;徐永明;江啟臣;鍾佳濱;黃偉哲;林德福;陳亭妃;鄭天財Sra．Kacaw;吳志揚;曾銘宗;盧秀燕;蔣乃辛;賴士葆;李彥秀;邱志偉;林俊憲;鄭運鵬;管碧玲;鍾孔炤;蔡易餘;王惠美;羅明才;呂玉玲;何欣純;張麗善,
105/07/04,紅樓302會議室,司法及法制委員會,內政委員會、外交及國防委員會,立法院第9屆第1會期司法及法制、內政、外交及國防委員會第1次聯席會議,併案審查委員黃昭順等22 人及委員馬文君等17人分別擬具「反恐怖行動法草案」案。,柯建銘;林德福;江啟臣;趙天麟;陳亭妃;王定宇;羅致政;黃昭順;許淑華;莊瑞雄;張宏陸;陳怡潔;劉世芳;賴瑞隆;許毓仁;蔡易餘;周春米;林為洲;姚文智;呂玉玲;徐榛蔚;周陳秀霞;蔡適應;林麗蟬;徐志榮;陳超明;段宜康;李俊俋;顧立雄;尤美女;林昶佐;黃偉哲;鍾佳濱;鄭天財Sra．Kacaw;盧秀燕;吳志揚;曾銘宗;蔣乃辛;賴士葆;李彥秀;邱志偉;管碧玲;林俊憲;鄭運鵬;高潞．以用．巴魕剌Kawlo．Iyun．Pacidal;王惠美;孔文吉;張麗善;何欣純;陳賴素美;呂孫綾;陳明文;吳琪銘;馬文君;徐永明,
105/07/04,九樓大禮堂,財政委員會,經濟委員會,立法院第9屆第1會期財政、經濟委員會第3次聯席會議,審查「中華民國103年度中央政府總決算審核報告（含附屬單位決算及綜計表）案」關於經濟部主管(含附屬單位決算營業及非營業特種基金部分、政府捐助成立財團法人),曾銘宗;黃國昌;吳秉叡;賴士葆;余宛如;盧秀燕;王榮璋;黃偉哲;陳賴素美;管碧玲;徐國勇;邱志偉;施義芳;費鴻泰;王惠美;張麗善;江永昌;陳明文;蘇震清;鄭天財Sra．Kacaw;鍾佳濱;吳志揚;徐榛蔚;江啟臣;黃昭順;蔣乃辛;林德福;鍾孔炤;陳怡潔;鄭運鵬;林俊憲;呂玉玲;何欣純;周陳秀霞;蘇治芬;蔡易餘;蔡培慧;羅明才,
105/07/04,紅樓301會議室,外交及國防委員會,無,立法院第9屆第1會期外交及國防委員會第36次全體委員會議,下午：邀請國防部部長馮世寬率國家中山科學研究院副院長、外交部次長、國家安全局副局長、行政院大陸委員會副主任委員、行政院海岸巡防署副署長報告「海軍金江艦誤射雄三飛彈事件暨可能肇生之區域影響評估」，並備質詢。(必要時得延長開會時間),陳亭妃;林昶佐;江啟臣;蔡適應;徐志榮;羅致政;呂玉玲;邱志偉;王定宇;馬文君;蔡易餘;賴士葆;顏寬恒;王育敏;陳超明;尤美女;呂孫綾;盧秀燕;林俊憲;黃昭順;李彥秀;賴瑞隆;鄭天財Sra．Kacaw;許淑華;林德福;管碧玲;劉世芳;王惠美,
105/07/05,紅樓201會議室,程序委員會,無,第9屆第1會期程序委員會第17次會議,審定本院第9屆第1會期第20次會議議事日程及人民 請願案,鍾孔炤;徐永明;曾銘宗;江啟臣;李彥秀;王育敏;吳玉琴,
105/07/06,群賢樓801會議室,社會福利及衛生環境委員會,無,立法院第9屆第1會期社會福利及衛生環境委員會第37次全體委員會議,一、邀請勞動部、教育部就「兩原則實施一週年後檢討以及未來大專院校兼任助理如何全面勞僱化」列席報告，並備質詢。 二、邀請勞動部就「週休二日制度採一例一休與刪除國定假日七天政策修法，如何有效降低台灣勞工長工時」列席報告，並備質詢。,陳瑩;洪慈庸;王育敏;陳宜民;李彥秀;林靜儀;蔣萬安;楊曜;林淑芬;陳曼麗;吳志揚;吳玉琴;吳焜裕;鍾孔炤;黃國昌;黃秀芳;徐榛蔚;劉建國;鍾孔炤,
105/07/06,紅樓202會議室,內政委員會,無,立法院第9屆第1會期內政委員會第30次全體委員會議,一、審查本院委員王育敏等19人擬具「公寓大廈管理條例第十六條及第二十三條條文修正草案」案。二、審查本院委員李彥秀等16人擬具「公寓大廈管理條例第十三條條文修正草案」案。三、審查本院委員盧秀燕等16人擬具「公寓大廈管理條例第十二條之一及第四十九條條文修正草案」案。四、審查本院委員邱志偉等18人擬具「公寓大廈管理條例第八條條文修正草案」案。五、審查本院委員姚文智等20人擬具「公寓大廈管理條例第十八條條文修正草案」案。,莊瑞雄;賴瑞隆;李俊俋;陳怡潔;徐榛蔚;趙天麟;姚文智;黃昭順;洪宗熠;陳超明;陳其邁;林麗蟬;吳琪銘;谷辣斯．尤達卡Kolas Yotaka;陳明文;徐永明;江啟臣;鍾佳濱;黃偉哲;林德福;陳亭妃;鄭天財Sra．Kacaw;吳志揚;曾銘宗;盧秀燕;蔣乃辛;賴士葆;李彥秀;邱志偉;林俊憲;鄭運鵬;管碧玲;鍾孔炤;蔡易餘;王惠美;羅明才;呂玉玲;何欣純;張麗善;黃國書;高潞．以用．巴魕剌Kawlo．Iyun．Pacidal;孔文吉,
105/07/06,群賢樓801會議室,社會福利及衛生環境委員會,教育及文化委員會,立法院第9屆第1會期社會福利及衛生環境、教育及文化二委員會第1次聯席會議,邀請教育部部長及勞動部部長就「大專院校兼任教師納入勞動基準法具體時程」列席報告，並備質詢。,洪慈庸;許智傑;柯志恩;蘇巧慧;吳焜裕;林靜儀;鍾孔炤;鍾佳濱;陳曼麗;吳玉琴;吳志揚;蔣萬安;陳宜民;曾銘宗;黃秀芳;李彥秀;黃國書;何欣純;李麗芬;楊曜;林淑芬;陳瑩;蔣乃辛;黃國昌;李昆澤;徐永明;林麗蟬;徐榛蔚;賴瑞隆;廖國棟Sufin．Siluko;黃昭順;賴士葆;高潞．以用．巴魕剌Kawlo．Iyun．Pacidal;劉建國,
105/07/06,紅樓302會議室,司法及法制委員會,無,立法院第9屆第1會期司法及法制委員會,「原住民族促進轉型正義」第1場公聽會,,
105/07/07,九樓大禮堂,財政委員會,無,立法院第9屆第1會期財政委員會,「強制汽車責任保險法第二十七條條文修正草案」案公聽會,,
105/07/07,紅樓201會議室,交通委員會,無,立法院第9屆第1會期交通委員會第24次全體委員會議,邀請交通部部長賀陳旦就「國內機場暨航站現況與未來發展及離島交通運輸改善」列席報告，並備質詢。,劉櫂豪;李昆澤;陳歐珀;鄭寶清;鄭運鵬;趙正宇;蕭美琴;陳素月;鄭天財Sra．Kacaw;葉宜津;林俊憲;李鴻鈞;簡東明Uliw．Qaljupayare;楊鎮浯;鍾佳濱;徐永明;李彥秀;施義芳;劉世芳;賴士葆;徐榛蔚;王惠美;黃昭順;孔文吉;陳瑩;邱志偉;吳志揚;黃偉哲;呂玉玲;廖國棟Sufin．Siluko;莊瑞雄;張麗善;江啟臣;周陳秀霞;賴瑞隆;蔡易餘;陳雪生;陳亭妃;黃國昌,
105/07/07,紅樓202會議室,內政委員會,無,立法院第9屆第1會期內政委員會第31次全體委員會議,繼續審查 一、委員王育敏等19人擬具「公寓大廈管理條例第十六條及第二十三條條文修正草案」案。 二、委員李彥秀等16人擬具「公寓大廈管理條例第十三條條文修正草案」案。 三、委員盧秀燕等16人擬具「公寓大廈管理條例第十二條之一及第四十九條條文修正草案」案。 四、委員邱志偉等18人擬具「公寓大廈管理條例第八條條文修正草案」案。 五、委員姚文智等20人擬具「公寓大廈管理條例第十八條條文修正草案」案。,,
105/07/07,紅樓301會議室,外交及國防委員會,無,立法院第9屆第1會期外交及國防委員會第37次全體委員會議,邀請國防部部長馮世寬報告「從海軍15年兵力整建願景及國艦國造執行現況談國防產業自主之展望」，並備質詢。,蔡適應;陳亭妃;羅致政;江啟臣;劉世芳;徐志榮;王定宇;呂玉玲;馬文君;林德福;黃昭順;徐永明;邱志偉;呂孫綾;許毓仁;蔡易餘;孔文吉;林俊憲;周陳秀霞;徐榛蔚;王惠美;陳歐珀;吳志揚;廖國棟Sufin．Siluko;張麗善;賴士葆;簡東明Uliw．Qaljupayare;李彥秀;鄭運鵬;黃偉哲,
105/07/07,紅樓101會議室,經濟委員會,無,立法院第9屆第1會期經濟委員會第26次全體委員會議,一、繼續審查本院委員王育敏等16人擬具「動物保護法第十二條及第二十七條條文修正草案」案。(逐條討論)二、繼續審查本院委員高志鵬等32人擬具「動物保護法部分條文修正草案」案。(逐條討論)三、繼續審查本院委員邱志偉等21人擬具「動物保護法部分條文修正草案」案。(逐條討論)四、審查本院委員黃偉哲等20人擬具「動物保護法部分條文修正草案」案。(逐條討論)五、審查本院委員王育敏等16人擬具「動物保護法第二十五條條文修正草案」案。(逐條討論)(7月4日、7日二天一次會),,
105/07/07,群賢樓801會議室,社會福利及衛生環境委員會,無,立法院第9屆第1會期社會福利及衛生環境委員會第38次全體委員會議,一、邀請行政院環境保護署就「環境影響評估制度改革」列席報告，並備質詢。 二、處理中華民國105年度中央政府總預算有關行政院環境保護署主管預算(公務預算)解凍案36案。(詢答及處理) 。,洪慈庸;吳焜裕;林淑芬;陳曼麗;李彥秀;陳宜民;黃秀芳;吳玉琴;王育敏;蔣萬安;蘇巧慧;陳瑩;黃國昌;鍾孔炤;高潞．以用．巴魕剌Kawlo．Iyun．Pacidal;鍾佳濱;鄭天財Sra．Kacaw;蘇治芬;徐永明;劉建國;林俊憲;段宜康;孔文吉;黃偉哲;黃昭順;簡東明Uliw．Qaljupayare;徐榛蔚;陳歐珀;廖國棟Sufin．Siluko;邱志偉;王惠美;吳志揚;張麗善;呂玉玲;鄭運鵬,
105/07/07,群賢樓101會議室,教育及文化委員會,無,立法院第9屆第1會期教育及文化委員會第30次全體委員會議,繼續併案審查委員陳學聖等28人、委員許智傑等17人、委員黃國書等16人擬具「教保服務人員條例草案」案。【處理保留之第十條至第十六條等條文】,,
105/07/07,紅樓201會議室,交通委員會,司法及法制委員會,立法院第9屆第1會期交通、司法及法制委員會第2次聯席會議,繼續審查院會交付審查「本院交通委員會報告：臺灣省鐵路工會為本會第十七次會員代表臨時大會提案，臺北市陞格為院轄市，臺鐵已跨省市二地，為加強反攻大陸，配合國防需要，依照憲法規定，擬改為國營，經決議：『建請中央有關機關參考辦理』，請鑒核採納一案，經審查結果，應成為議案」案。,,
105/07/07,紅樓302會議室,司法及法制委員會,無,立法院第9屆第1會期司法及法制委員會第40次全體委員會議,一、繼續審查委員黃國書等17人擬具「毒品危害防制條例部分條文修正草案」案。二、繼續審查委員蔣乃辛等21人擬具「毒品危害防制條例第二條條文修正草案」案。三、繼續審查委員劉建國等16人擬具「毒品危害防制條例第十一條之一條文修正草案」案。四、繼續審查委員張宏陸等22人擬具「毒品危害防制條例部分條文修正草案」案。五、繼續審查委員吳志揚等16人擬具「毒品危害防制條例第二條條文修正草案」案。六、繼續審查委員黃秀芳等19人擬具「毒品危害防制條例第二條及第十一條之一條文修正草案」案。七、繼續審查委員王育敏等18人擬具「毒品危害防制條例增訂第二條之二條文草案」案。八、繼續審查委員王育敏等19人擬具「毒品危害防制條例部分條文修正草案」案。九、繼續審查委員陳歐珀等18人擬具「毒品危害防制條例第二條條文修正草案」案。十、審查委員廖國棟等24人擬具「毒品危害防制條例增訂第二十九條之一條文草案」案。,,
105/07/11,紅樓302會議室,司法及法制委員會,無,立法院第9屆第1會期司法及法制委員會第40次全體委員會議,繼續審查立法院組織法、立法院各委員會組織法、立法院職權行使法、立法委員行為法、立法院修憲委員會組織規程、立法院程序委員會組織規程、立法院議事規則、立法院會議錄影錄音管理播送辦法、立法院網路國民提案實施辦法、立法院議場規則、立法院各委員會召集委員選舉辦法、立法院各委員會會議室規則共計86案。,,
105/07/11,紅樓202會議室,內政委員會,無,立法院第9屆第1會期內政委員會第32次全體委員會議,一、邀請行政院大陸委員會主任委員張小月、財團法人海峽交流基金會代理董事長陳德新、國家安全局副局長、國防部副部長、外交部政務次長就「雄三飛彈誤射事件對兩岸及周邊國家關係之衝擊、影響與我國處置應對之檢討」進行專題報告並備質詢。二、邀請行政院海岸巡防署署長李仲威就該署自太平島撤離百噸海巡艦艇之原由及釣魚台海域護漁後續作為，進行專題報告並備質詢。,賴瑞隆;黃昭順;陳怡潔;林麗蟬;莊瑞雄;姚文智;李俊俋;陳超明;趙天麟;陳其邁;洪宗熠;江啟臣;林俊憲;王育敏;徐永明;李彥秀;吳琪銘;羅致政;高潞．以用．巴魕剌Kawlo．Iyun．Pacidal;鄭天財Sra．Kacaw;劉世芳;谷辣斯．尤達卡Kolas Yotaka;張麗善;吳志揚;鍾佳濱;賴士葆;陳亭妃;蔣乃辛;鍾孔炤;羅明才;陳瑩;陳明文;何欣純;周陳秀霞;林德福;蔡適應;廖國棟Sufin．Siluko;徐榛蔚;楊鎮浯,
105/07/11,紅樓301會議室,外交及國防委員會,無,立法院第9屆第1會期外交及國防委員會第38次全體委員會議,邀請僑務委員會報告「英翔專案僑務互動執行成果及未來僑務工作方向」，並備質詢。,蔡適應;王定宇;江啟臣;羅致政;陳亭妃;劉世芳;徐志榮;呂玉玲;陳明文;徐永明;林德福;馬文君;高潞．以用．巴魕剌Kawlo．Iyun．Pacidal;林俊憲;黃昭順;吳志揚;賴士葆;鍾佳濱;蔣乃辛;鄭運鵬;周陳秀霞;何欣純;張麗善;陳怡潔;李彥秀,
105/07/11,九樓大禮堂,財政委員會,無,立法院第9屆第1會期財政委員會第19次全體委員會議,邀請金融監督管理委員會丁主任委員克華、財政部蘇政務次長建榮分別就「如何振興我國證券資本市場」作專題報告，並備質詢。,吳秉叡;黃國昌;曾銘宗;賴士葆;盧秀燕;余宛如;王榮璋;徐國勇;施義芳;費鴻泰;陳賴素美;許毓仁;吳志揚;黃昭順;陳怡潔;林德福;蔣乃辛;林俊憲;鄭運鵬;何欣純;陳亭妃;羅明才;周陳秀霞;江啟臣;陳明文;廖國棟Sufin．Siluko;呂玉玲;江永昌;張麗善,
105/07/11,群賢樓801會議室,社會福利及衛生環境委員會,無,立法院第9屆第1會期社會福利及衛生環境委員會第39次全體委員會議,一、邀請勞動部就下列議題列席報告，並備質詢： (一)「一例一休」無法真正落實週休二日－勞工團體指控「一例一休」是冒牌「週休二日」，「一休」讓勞工變自願加班，令勞工處境更加惡劣等相關議題回應。 (二)勞動部委託「精湛民意調查顧問股份有限公司」進行週休二日民調之決策與執行過程、委託經費額度、該公司高層與特定政黨之關連性、民調問題設計、抽樣方式及資料分析之妥適性、調查結果未公佈竟外流等引發爭議之究責與檢討。 二、審查本院委員吳志揚等16人擬具「勞動基準法第三十六條條文修正草案」案。,洪慈庸;吳玉琴;吳焜裕;李彥秀;鍾孔炤;王育敏;陳曼麗;陳宜民;蔣萬安;陳瑩;黃秀芳;鄭天財Sra．Kacaw;楊曜;鍾佳濱;林德福;林俊憲;林麗蟬;黃昭順;劉建國;吳志揚;盧秀燕;林淑芬;江啟臣;陳怡潔;賴士葆;蔣乃辛;陳亭妃;柯志恩;羅明才;何欣純;陳明文;曾銘宗;周陳秀霞;張麗善;徐永明;廖國棟Sufin．Siluko;鄭運鵬;高潞．以用．巴魕剌Kawlo．Iyun．Pacidal;吳秉叡,
105/07/11,群賢樓101會議室,教育及文化委員會,無,立法院第9屆第1會期教育及文化委員會第31次全體委員會議,一、邀請教育部部長就「家庭教育業務推動」與「兩岸教育交流趨緩之因應對策」進行專題報告，並備質詢。二、繼續處理中華民國105年度中央政府總預算案有關科技部主管預算（公務預算）解凍案4案(保留部分)。三、繼續處理105年度中央政府總預算案有關教育部主管預算（公務預算）解凍案6案(保留部分)。,蘇巧慧;吳志揚;柯志恩;吳思瑤;張廖萬堅;黃國書;高潞．以用．巴魕剌Kawlo．Iyun．Pacidal;鍾佳濱;許智傑;蔣乃辛;李麗芬;陳學聖;高金素梅;何欣純;鄭天財Sra．Kacaw;王定宇;盧秀燕;曾銘宗;陳曼麗;吳焜裕;江啟臣;徐永明;林德福;陳怡潔;賴士葆;陳亭妃;賴瑞隆;鄭運鵬;羅明才;林俊憲;張麗善;周陳秀霞;廖國棟Sufin．Siluko;徐榛蔚,
105/07/12,紅樓201會議室,程序委員會,無,第9屆第1會期程序委員會第18次會議,審定本院第9屆第1會期第21次會議議事日程及人民 請願案,吳玉琴;鍾孔炤;林德福;李彥秀;曾銘宗;徐永明;顧立雄;尤美女;王育敏;曾銘宗;李彥秀,
105/07/13,紅樓302會議室,司法及法制委員會,無,立法院第9屆第1會期司法及法制委員會第41次全體委員會議,一、審查委員徐國勇等23人擬具「法官法部分條文修正草案」案。二、審查委員徐國勇等16人擬具「法官法第七十四條條文修正草案」案。三、審查委員顧立雄等21人擬具「法官法部分條文修正草案」案。四、審查委員林為洲等16人擬具「法官法部分條文修正草案」案。,柯建銘;張宏陸;顧立雄;林德福;周春米;許淑華;周陳秀霞;段宜康;徐永明;尤美女;許毓仁;陳明文;陳亭妃;孔文吉;黃昭順;鄭運鵬;鍾佳濱;吳志揚;高潞．以用．巴魕剌Kawlo．Iyun．Pacidal;管碧玲;簡東明Uliw．Qaljupayare;蔣乃辛;林俊憲;劉世芳;馬文君;徐國勇;羅明才;張麗善;陳雪生;王惠美;蔡易餘;黃偉哲;陳歐珀,
105/07/13,紅樓101會議室,經濟委員會,無,立法院第9屆第1會期經濟委員會第27次全體委員會議,一、審查本院委員劉建國等16人擬具「電業法增訂第十六條之一條文草案」案。二、審查本院委員蘇治芬等21人擬具「電業法增訂第十六條之一條文草案」案。(7月13日、14日二天一次會) ,黃偉哲;陳明文;徐永明;孔文吉;蔡培慧;管碧玲;王惠美;張麗善;蘇治芬;黃國昌;黃國書;鍾佳濱;林德福;吳思瑤;吳志揚;陳歐珀;高志鵬;鄭運鵬;蔣乃辛;賴瑞隆;陳曼麗;簡東明Uliw．Qaljupayare;林俊憲;馬文君;蔡易餘;羅明才;陳雪生;何欣純;周陳秀霞;陳賴素美;呂玉玲;蘇震清;劉建國;邱議瑩,
105/07/13,紅樓302會議室,司法及法制委員會,無,立法院第9屆第1會期司法及法制委員會第41次全體委員會議,一、審查委員尤美女等23人擬具「政治檔案法草案」案。二、委員林俊憲等18人擬具「政治檔案資料保護法草案」案。,顧立雄;段宜康;張宏陸;尤美女;許淑華;周春米;林德福;林俊憲,
105/07/13,群賢樓101會議室,教育及文化委員會,無,立法院第9屆第1會期教育及文化委員會第32次全體委員會議,一、邀請教育部部長及勞動部次長等針對「兼任教師納入勞基法及學生助理聘用勞僱化規劃」進行專題報告，並備質詢。二、繼續處理105年度中央政府總預算案有關文化部主管預算（公務預算）解凍案6案。（已詢答完畢，進行處理）,吳志揚;黃國書;柯志恩;吳思瑤;張廖萬堅;林靜儀;蘇巧慧;鍾佳濱;蔣乃辛;許智傑;李麗芬;何欣純;陳學聖;徐永明;盧秀燕;陳宜民;鍾孔炤;吳焜裕;鄭天財Sra．Kacaw;高潞．以用．巴魕剌Kawlo．Iyun．Pacidal;孔文吉;鄭運鵬;黃昭順;林德福;陳明文;陳亭妃;黃偉哲;陳歐珀;江啟臣;林俊憲;黃秀芳;簡東明Uliw．Qaljupayare;羅明才;張麗善;陳賴素美;周陳秀霞;李昆澤;王惠美;呂玉玲;高金素梅,
105/07/13,九樓大禮堂,財政委員會,社會福利及衛生環境委員會,立法院第9屆第1會期財政、社會福利及衛生環境委員會第4次聯席會議,審查「中華民國103年度中央政府總決算審核報告（含附屬單位決算及綜計表）案」關於環境保護署主管(含附屬單位決算非營業特種基金部分)。,曾銘宗;黃國昌;吳秉叡;盧秀燕;賴士葆;洪慈庸;余宛如;王榮璋;陳曼麗;吳焜裕;羅明才;徐國勇;蔣萬安;施義芳;劉建國;黃秀芳;陳宜民;費鴻泰;陳賴素美;陳歐珀;鍾佳濱;吳志揚;鄭天財Sra．Kacaw;陳怡潔;江啟臣;黃偉哲;鍾孔炤;黃昭順;鄭運鵬;徐永明;陳明文;蔣乃辛;管碧玲;簡東明Uliw．Qaljupayare;林俊憲;張麗善;王惠美;周陳秀霞;江永昌,
105/07/13,紅樓301會議室,外交及國防委員會,無,立法院第9屆第1會期外交及國防委員會第39次全體委員會議,邀請外交部部長、國家安全局局長、國防部副部長、行政院大陸委員會副主任委員、行政院海岸巡防署副署長報告「南海仲裁案對我國及周邊各國之影響及因應」，並備質詢。(7月13及14日二天一次會),陳亭妃;蔡適應;林昶佐;王定宇;江啟臣;羅致政;徐國勇;徐永明;馬文君;徐志榮;林德福;呂玉玲;林俊憲;管碧玲;高金素梅;黃偉哲;陳明文;孔文吉;黃昭順;賴士葆;鍾佳濱;吳志揚;鄭運鵬;張宏陸;高潞．以用．巴魕剌Kawlo．Iyun．Pacidal;簡東明Uliw．Qaljupayare;蔣乃辛;劉世芳;蔡易餘;呂孫綾;羅明才;張麗善;陳雪生;許毓仁;周陳秀霞;王惠美;陳賴素美;陳歐珀;徐榛蔚,
105/07/13,群賢樓801會議室,社會福利及衛生環境委員會,無,立法院第9屆第1會期社會福利及衛生環境委員會第40次全體委員會議,邀請衛生福利部、行政院農業委員會、經濟部、外交部就「為食安嚴加把關－檢討新政府於颱風夜突襲解禁加拿大狂牛症疫區牛肉進口之決策過程及其正當性，並探究新政府擬開放日本核災五縣市食品及含瘦肉精美國豬肉進口之立場、依據與時程規劃」列席報告，並備質詢。,洪慈庸;吳焜裕;吳玉琴;陳宜民;陳曼麗;鍾孔炤;蔣萬安;王育敏;林靜儀;劉建國;黃秀芳;楊曜;吳秉叡;鍾佳濱;盧秀燕;賴士葆;吳志揚;鄭天財Sra．Kacaw;陳怡潔;江啟臣;黃偉哲;陳歐珀;黃昭順;鄭運鵬;徐永明;陳明文;蔣乃辛;管碧玲;簡東明Uliw．Qaljupayare;林俊憲;羅明才;張麗善;陳賴素美;李昆澤;王惠美;周陳秀霞;林淑芬,
105/07/13,紅樓202會議室,內政委員會,無,立法院第9屆第1會期內政委員會第33次全體委員會議,邀請行政院秘書長陳美伶、內政部部長葉俊榮、行政院大陸委員會主任委員張小月、行政院海岸巡防署署長李仲威、國防部副部長、外交部政務次長、行政院農業委員會副主任委員就「於荷蘭海牙常設仲裁法庭（Permanent Court of Arbitration，PCA）舉行之南海仲裁案，對我國主權、漁權等權益之影響、國際關係之變化及相關主管機關之因應作為」進行專題報告並備質詢。,陳怡潔;黃昭順;莊瑞雄;王育敏;李俊俋;谷辣斯．尤達卡Kolas Yotaka;賴瑞隆;陳其邁;姚文智;楊鎮浯;趙天麟;洪宗熠;陳超明;江啟臣;林昶佐;鄭天財Sra．Kacaw;黃偉哲;林俊憲;吳琪銘;鄭運鵬;林麗蟬;孔文吉;林德福;葉宜津;賴士葆;徐永明;鍾佳濱;吳志揚;高潞．以用．巴魕剌Kawlo．Iyun．Pacidal;管碧玲;簡東明Uliw．Qaljupayare;蔣乃辛;劉世芳;陳明文;馬文君;蔡易餘;徐國勇;羅明才;陳雪生;徐榛蔚;許毓仁;周陳秀霞;王惠美;陳賴素美;高金素梅;陳歐珀;張麗善,
105/07/13,紅樓201會議室,交通委員會,無,立法院第9屆第1會期交通委員會第25次全體委員會議,一、審查委員趙正宇等20人擬具「公路法第二十七條、第六十一條之一及第六十二條之一條文修正草案」案。二、審查委員賴瑞隆等16人擬具「公路法第二十七條條文修正草案」案。三、審查委員林俊憲等27人擬具「公路法第七十二條條文修正草案」案。四、審查委員鄭運鵬等18人擬具「公路法第七十五條條文修正草案」案。(以上4案合併詢答，分開審查)(7月13日、14日二天一次會),鄭寶清;趙正宇;鄭運鵬;鄭天財Sra．Kacaw;陳素月;蕭美琴;陳歐珀;葉宜津;簡東明Uliw．Qaljupayare;林俊憲;陳雪生;李昆澤;黃偉哲;陳明文;江啟臣;孔文吉;黃昭順;林德福;賴士葆;徐永明;鍾佳濱;吳志揚;高潞．以用．巴魕剌Kawlo．Iyun．Pacidal;管碧玲;蔣乃辛;賴瑞隆;蔡易餘;徐國勇;羅明才;張麗善;周陳秀霞;王惠美;陳賴素美;呂玉玲;高金素梅;邱議瑩;李鴻鈞;徐榛蔚,
105/07/13,紅樓202會議室,內政委員會,無,立法院第9屆第1會期內政委員會第33次全體委員會議,一、繼續審查委員孔文吉等21人擬具「反族群歧視法草案」案。二、繼續審查國民黨黨團擬具「反族群歧視法草案」案。三、審查委員吳志揚等18人擬具「族群平等法草案」案。四、審查委員陳超明等16人擬具「反族群歧視法草案」案。五、審查委員李彥秀等18人擬具「反族群歧視法草案」案。六、審查親民黨黨團擬具「族群平等法草案」案。,,
105/07/14,紅樓302會議室,司法及法制委員會,無,立法院第9屆第1會期司法及法制委員會第42次全體委員會議,繼續審查委員顧立雄等24人擬具「刑事案件確定後去氧核醣核酸鑑定條例草案」案。,,
105/07/14,紅樓202會議室,內政委員會,外交及國防委員會,立法院第9屆第1會期內政、外交及國防委員會第2次聯席會議,一、繼續審查行政院函請審議「難民法草案」案。 二、繼續審查本院委員尤美女等25人擬具「難民法草案」案。 三、繼續審查本院委員蕭美琴等20人擬具「難民法草案」案。 四、繼續審查本院委員蔡易餘等21人擬具「難民法草案」案。,,
105/07/14,紅樓101會議室,經濟委員會,無,立法院第9屆第1會期經濟委員會第27次全體委員會議,審查本院委員施義芳等19人擬具「水土保持法第十四條之一條文修正草案」案。(詢答) (7月13日、14日二天一次會) ,陳明文;廖國棟Sufin．Siluko;孔文吉;徐永明;施義芳;蘇震清;蘇治芬;管碧玲;高潞．以用．巴魕剌Kawlo．Iyun．Pacidal;黃偉哲;黃昭順;張麗善;高志鵬;周陳秀霞;鄭天財Sra．Kacaw;江啟臣;賴士葆;鍾佳濱;賴瑞隆;徐榛蔚;蔡培慧;陳曼麗,
105/07/14,紅樓302會議室,司法及法制委員會,無,立法院第9屆第1會期司法及法制委員會,「原住民族歷史及土地正義」公聽會,,
105/07/14,紅樓201會議室,交通委員會,無,立法院第9屆第1會期交通委員會第25次全體委員會議,一、審查委員趙正宇等20人擬具「公路法第二十七條、第六十一條之一及第六十二條之一條文修正草案」案。二、審查委員賴瑞隆等16人擬具「公路法第二十七條條文修正草案」案。三、審查委員林俊憲等27人擬具「公路法第七十二條條文修正草案」案。四、審查委員鄭運鵬等18人擬具「公路法第七十五條條文修正草案」案。(以上4案合併詢答，分開審查)(7月13日、14日二天一次會),,
105/07/14,群賢樓801會議室,社會福利及衛生環境委員會,無,立法院第9屆第1會期社會福利及衛生環境委員會第41次全體委員會議(議程更新),一、邀請衛生福利部就「新政府『長照十年2.0』計畫實質內容、長照經費預算編列情形及長照機構安全管理」列席報告，並備質詢。 二、審查(一)本院委員顏寬恒等18人擬具「國民年金法第十二條條文修正草案」、(二)委員蔣萬安等24人擬具「國民年金法第十五條及第五十條條文修正草案」、(三)委員陳宜民等19人擬具「國民年金法第十六條條文修正草案」、(四)委員陳宜民等18人擬具「國民年金法第三十九條條文修正草案」、(五)委員李昆澤等17人擬具「國民年金法第三十九條條文修正草案」等5案。 三、審查本院委員王育敏等16人擬具「社會工作師法第四十條及第五十一條條文修正草案」案。 四、審查本院委員王育敏等16人擬具「兒童及少年福利與權益保障法第六條條文修正草案」案。 五、審查本院委員李彥秀等18人擬具「身心障礙者權益保障法第十四條條文修正草案」案。,洪慈庸;吳焜裕;吳玉琴;陳曼麗;陳宜民;鍾孔炤;王育敏;蔣萬安;黃秀芳;林靜儀;林淑芬;鍾佳濱;鄭天財Sra．Kacaw;劉建國;林麗蟬;孔文吉;高潞．以用．巴魕剌Kawlo．Iyun．Pacidal;林德福;李昆澤;陳瑩;李麗芬;張麗善;廖國棟Sufin．Siluko;周陳秀霞;黃昭順;管碧玲;徐永明;賴士葆;徐榛蔚;陳明文;蔡易餘,
105/07/14,紅樓301會議室,外交及國防委員會,無,立法院第9屆第1會期外交及國防委員會第39次全體委員會議,一、處理院會交付國軍退除役官兵輔導委員會105年度中央政府總預算決議凍結案等2案。二、邀請國軍退除役官兵輔導委員會報告「轉投資機構之人事選派、公司治理暨財務管理」，並備質詢。(7月13及14日二天一次會),劉世芳;蔡適應;蔡易餘;鄭運鵬;孔文吉;徐永明;羅致政;黃昭順;周陳秀霞;江啟臣;賴士葆;管碧玲;王定宇,
105/07/20,紅樓202會議室,程序委員會,無,第9屆第1會期程序委員會第19次會議,審定本院第9屆第1會期第1次臨時會第1次會議議事日程,陳曼麗,
105/07/21,紅樓201會議室,交通委員會,無,立法院第9屆第1會期第1次臨時會交通委員會第1次全體委員會議,邀請交通部部長賀陳旦及相關機關代表列席就「7月19日國道2號重大交通事故導致26人罹難事件之後續處理及檢討相關事宜」進行專案報告，並備質詢。,蕭美琴;鄭寶清;李昆澤;陳歐珀;鄭運鵬;趙正宇;葉宜津;鄭天財Sra．Kacaw;李鴻鈞;簡東明Uliw．Qaljupayare;陳雪生;黃昭順;孔文吉;陳賴素美;林麗蟬;廖國棟Sufin．Siluko;林俊憲;張麗善;江啟臣;吳思瑤;李彥秀;張宏陸;林德福;吳志揚;陳瑩;蘇巧慧;呂玉玲;賴士葆;徐榛蔚;劉櫂豪,
105/07/21,群賢樓801會議室,社會福利及衛生環境委員會,無,立法院第9屆第1會期第1次臨時會社會福利及衛生環境委員會第1次全體委員會議,審查(一)行政院函請審議「勞動基準法部分條文修正草案」、(二)本院民進黨黨團擬具「勞動基準法第三十九條條文修正草案」、(三)時代力量黨團擬具「勞動基準法部分條文修正草案」、(四)親民黨黨團擬具「勞動基準法第三十六條、第七十四條及第七十九條條文修正草案」等4案。,陳曼麗;吳焜裕;吳玉琴;林靜儀;李彥秀;陳宜民;劉建國;陳瑩;蔣萬安;黃秀芳;鍾孔炤;鄭天財Sra．Kacaw;鍾佳濱;林麗蟬;黃昭順;柯志恩;廖國棟Sufin．Siluko;王榮璋;李麗芬;呂孫綾;徐國勇;李昆澤;陳歐珀;孔文吉;鄭運鵬;趙正宇;葉宜津;鄭寶清;蘇巧慧;谷辣斯．尤達卡Kolas Yotaka;施義芳;周春米;陳賴素美;陳亭妃;吳思瑤;尤美女;江啟臣;張宏陸;吳琪銘;張麗善;林德福;吳志揚,
105/09/06,紅樓201會議室,程序委員會,無,第9屆第2會期程序委員會第1次會議,審定本院第9屆第2會期第1次會議議事日程及人民 請願案,,
105/09/13,紅樓201會議室,程序委員會,無,第9屆第2會期程序委員會第2次會議,審定本院第9屆第2會期第2次會議議事日程及人民 請願案,,
105/09/19,紅樓301會議室,外交及國防委員會,無,立法院第9屆第2會期外交及國防委員會第1次全體委員會議,選舉第9屆第2會期本會召集委員,,
105/09/19,九樓大禮堂,財政委員會,無,立法院第9屆第2會期財政委員會第1次全體委員會議,選舉立法院第9屆第2會期本會召集委員,,
105/09/19,紅樓101會議室,經濟委員會,無,立法院第9屆第2會期經濟委員會第1次全體委員會議,選舉立法院第9屆第2會期本會召集委員,,
105/09/19,紅樓201會議室,交通委員會,無,立法院第9屆第2會期交通委員會第1次全體委員會議,選舉第9屆第2會期本會召集委員,,
105/09/19,群賢樓801會議室,社會福利及衛生環境委員會,無,立法院第9屆第2會期社會福利及衛生環境委員會第1次全體委員會議,選舉第9屆第2會期本會召集委員。,,
105/09/19,紅樓202會議室,內政委員會,無,立法院第9屆第2會期內政委員會第1次全體委員會議,選舉本會召集委員,,
105/09/19,群賢樓101會議室,教育及文化委員會,無,立法院第9屆第2會期教育及文化委員會第1次全體委員會議,選舉第9屆第2會期本會召集委員,,
105/09/19,紅樓302會議室,司法及法制委員會,無,立法院第9屆第2會期司法及法制委員會第1次全體委員會議,選舉第9屆第2會期本會召集委員,,
105/09/20,紅樓201會議室,程序委員會,無,第9屆第2會期程序委員會第3次會議,審定本院第9屆第2會期第3次會議議事日程,,
105/09/21,紅樓302會議室,司法及法制委員會,無,立法院第9屆第2會期司法及法制委員會第2次全體委員會議,併案審查委員葉宜津等21人、委員李俊俋等18人、委員蔡易餘等20人、委員王定宇等18 人分別擬具「法院組織法刪除第六十三條之一條文草案」案。,柯建銘;段宜康;張宏陸;許淑華;林德福;許毓仁;周春米;郭正亮;尤美女;周陳秀霞;蔡易餘;賴士葆;管碧玲;王育敏;葉宜津;林俊憲;黃偉哲;徐永明;黃國昌;劉世芳;林為洲;趙正宇;蕭美琴;陳歐珀;曾銘宗;廖國棟Sufin．Siluko;劉櫂豪;吳志揚;盧秀燕;張麗善;簡東明Uliw．Qaljupayare;王惠美;邱志偉;陳明文;蔣乃辛;孔文吉;呂玉玲;何欣純;陳賴素美;江啟臣;鄭運鵬,
105/09/21,群賢樓101會議室,教育及文化委員會,無,立法院第9屆第2會期教育及文化委員會第2次全體委員會議,邀請科技部部長列席報告業務概況，並備質詢。,吳志揚;柯志恩;吳思瑤;蘇巧慧;張廖萬堅;黃國書;許智傑;蔣乃辛;高金素梅;劉世芳;何欣純;陳學聖;高潞．以用．巴魕剌Kawlo．Iyun．Pacidal;鍾佳濱;盧秀燕;江啟臣;黃偉哲;蕭美琴;鄭運鵬;趙正宇;李麗芬;林俊憲;陳歐珀;劉櫂豪;徐永明;廖國棟Sufin．Siluko;管碧玲;簡東明Uliw．Qaljupayare;賴士葆;林德福;邱志偉;陳明文;王惠美;孔文吉;蔡易餘;陳賴素美;呂玉玲;張麗善;羅明才,
105/09/21,九樓大禮堂,財政委員會,無,立法院第9屆第2會期財政委員會第2次全體委員會議,一、邀請財政部許部長虞哲率所屬機關首長暨國營事業董事長、總經理(含各轉投資事業機構公股代表之董、監事)列席業務報告，並備質詢。二、邀請財政部許部長虞哲、金融監督管理委員會丁主任委員克華、中央銀行及法務部相關人員就「兆豐銀行遭美國紐約州金融署裁罰案」之相關過程進行專題報告，並備質詢。三、討論中華民國106年度中央政府總預算案（含附屬單位預算及綜計表－營業及非營業部分）審查日程暨審查分配表草案。,吳秉叡;曾銘宗;黃國昌;賴士葆;費鴻泰;盧秀燕;余宛如;施義芳;陳賴素美;王榮璋;羅明才;廖國棟Sufin．Siluko;張麗善;王定宇;江啟臣;劉世芳;陳歐珀;林俊憲;江永昌;徐永明;管碧玲;鄭運鵬;趙正宇;劉櫂豪;簡東明Uliw．Qaljupayare;林德福;蔣乃辛;王惠美;邱志偉;孔文吉;蔡易餘;何欣純;呂玉玲;徐國勇;黃偉哲;吳志揚,
105/09/21,紅樓101會議室,經濟委員會,無,立法院第9屆第2會期經濟委員會第2次全體委員會議,邀請行政院農業委員會主任委員列席報告業務概況，並備質詢。(9月21日、22日二天一次會),林岱樺;廖國棟Sufin．Siluko;邱議瑩;黃偉哲;徐永明;管碧玲;蘇震清;高志鵬;王惠美;陳明文;邱志偉;張麗善;鄭天財Sra．Kacaw;蘇治芬;蔡培慧;孔文吉;蕭美琴;江啟臣;陳曼麗;林淑芬;劉世芳;鄭運鵬;趙正宇;賴士葆;吳志揚;何欣純;盧秀燕;陳歐珀;林德福;劉櫂豪;余宛如;簡東明Uliw．Qaljupayare;蔣乃辛;蔡易餘;周春米;林俊憲;呂玉玲;陳賴素美;周陳秀霞;蘇巧慧;鍾佳濱;吳思瑤;高潞．以用．巴魕剌Kawlo．Iyun．Pacidal;林麗蟬,
105/09/21,紅樓202會議室,內政委員會,司法及法制委員會,立法院第9屆第2會期內政、司法及法制委員會第1次聯席會議,繼續審查 一、行政院函請審議「政黨法草案」案。 二、委員葉宜津等24人擬具「政黨法草案」案。 三、委員黃偉哲等18人擬具「政黨法草案」案。 四、委員陳亭妃等21人擬具「政黨法草案」案。 五、委員高志鵬等22人擬具「政黨法草案」案。 六、國民黨黨團擬具「政黨法草案」案。 七、親民黨黨團擬具「政黨法草案」案。,,
105/09/21,紅樓301會議室,外交及國防委員會,無,立法院第9屆第2會期外交及國防委員會第2次全體委員會議,一、邀請國防部部長馮世寬報告業務概況，並備質詢。 二、審查中華民國陸軍軍士教導總隊退伍人員協會等36件請願案。(9月21及22日二天一次會) ,羅致政;江啟臣;王定宇;劉世芳;蔡適應;徐志榮;呂玉玲;馬文君;徐永明;葉宜津;盧秀燕;陳明文;林俊憲;邱志偉;高金素梅;黃偉哲;管碧玲;曾銘宗;蕭美琴;鄭運鵬;廖國棟Sufin．Siluko;劉櫂豪;吳志揚;簡東明Uliw．Qaljupayare;張麗善;林德福;王惠美;趙正宇;陳歐珀;蔣乃辛;賴士葆;孔文吉;蔡易餘;周陳秀霞;何欣純;陳賴素美;林昶佐;鍾佳濱;呂孫綾;羅明才;鍾佳濱,
105/09/21,紅樓201會議室,交通委員會,無,立法院第9屆第2會期交通委員會第2次全體委員會議,邀請行政院公共工程委員會主任委員吳宏謀列席報告業務概況，並備質詢。,鄭寶清;陳歐珀;鄭運鵬;劉櫂豪;李昆澤;段宜康;趙正宇;鄭天財Sra．Kacaw;林俊憲;蕭美琴;簡東明Uliw．Qaljupayare;陳素月;李鴻鈞;黃偉哲;葉宜津;邱議瑩;鍾佳濱;林岱樺;賴士葆;劉世芳;廖國棟Sufin．Siluko;吳志揚;徐永明;吳思瑤;盧秀燕;張麗善;林德福;邱志偉;陳明文;王惠美;蔣乃辛;孔文吉;蔡易餘;呂玉玲;周陳秀霞;何欣純;陳賴素美;管碧玲;羅明才,
105/09/22,紅樓302會議室,司法及法制委員會,無,立法院第9屆第2會期司法及法制委員會第3次全體委員會議,一、審查行政院函請審議「證人保護法第十四條條文修正草案」與「洗錢防制法第十四條及第十五條條文修正草案」案。二、繼續併案審查（一）行政院函請審議「洗錢防制法修正草案」、（二）委員蔣萬安等26人擬具「洗錢防制法第十條條文修正草案」、（三）委員曾銘宗等18人擬具「洗錢防制法第三條及第十一條條文修正草案」、（四）委員許淑華等17人擬具「洗錢防制法第三條條文修正草案」、（五）委員呂玉玲等20人擬具「洗錢防制法第三條條文修正草案」、（六）委員徐國勇等19人擬具「洗錢防制法第三條條文修正草案」及（七）委員許淑華等17人擬具「洗錢防制法修正草案」案。,柯建銘;林德福;張宏陸;許毓仁;蔡易餘;周陳秀霞;段宜康;周春米;許淑華;郭正亮;劉世芳;江啟臣;羅致政;陳歐珀;林俊憲;黃偉哲;劉櫂豪;鄭運鵬;管碧玲;孔文吉;徐永明;賴士葆;吳志揚;曾銘宗;張麗善;盧秀燕;李彥秀;羅明才;徐榛蔚;邱志偉;蔣乃辛;陳明文;陳怡潔;陳亭妃;馬文君;呂玉玲;尤美女;林為洲,
105/09/22,群賢樓101會議室,教育及文化委員會,無,立法院第9屆第2會期教育及文化委員會第3次全體委員會議,邀請國立故宮博物院院長列席報告業務概況，並備質詢。,柯志恩;吳志揚;張廖萬堅;吳思瑤;許智傑;蘇巧慧;黃國書;鍾佳濱;蔣乃辛;李麗芬;何欣純;陳學聖;陳明文;張麗善;盧秀燕;孔文吉;鄭運鵬;邱志偉;江啟臣;賴士葆;蕭美琴;陳歐珀;林俊憲;管碧玲;黃偉哲;林德福;蔣萬安;羅明才;簡東明Uliw．Qaljupayare;黃秀芳;劉櫂豪;徐榛蔚;蔡易餘;陳怡潔;周陳秀霞;施義芳;劉建國;陳亭妃;呂玉玲;高金素梅,
105/09/22,紅樓301會議室,外交及國防委員會,無,立法院第9屆第2會期外交及國防委員會第2次全體委員會議,一、邀請國軍退除役官兵輔導委員會主任委員李翔宙報告業務概況，並備質詢。二、處理院會交付105年度中央政府總預算決議，國軍退除役官兵輔導委員會提出書面報告後始得動支等3案：（一）凍結「退除役官兵就學職訓」100萬元案。（二）凍結「退除役官兵服務救助與照顧」400萬元案。（三）凍結「榮民安養及養護」項下「基本行政工作維持」5000萬元案。(9月21及22日二天一次會),蔡適應;江啟臣;王定宇;劉世芳;羅致政;林昶佐;徐志榮;陳亭妃;馬文君;呂玉玲;趙正宇;蕭美琴;管碧玲;陳歐珀;孔文吉;林俊憲;黃偉哲;徐永明;劉櫂豪;邱志偉;賴士葆;吳志揚;張麗善;林德福;盧秀燕;曾銘宗;徐榛蔚;羅明才;李彥秀;呂孫綾;蔡易餘;蔣乃辛;陳怡潔;陳明文;周陳秀霞;鄭運鵬,
105/09/22,群賢樓801會議室,社會福利及衛生環境委員會,無,立法院第9屆第2會期社會福利及衛生環境委員會第2次全體委員會議,一、邀請勞動部部長列席報告業務概況，並備質詢。 二、繼續處理中華民國105年度中央政府總預算有關勞動部主管預算(公務預算)解凍案3案。,洪慈庸;林靜儀;吳焜裕;陳宜民;蔣萬安;劉建國;李彥秀;王育敏;黃秀芳;鍾孔炤;吳玉琴;陳曼麗;林淑芬;陳瑩;楊曜;黃國昌;王榮璋;林麗蟬;盧秀燕;吳志揚;張麗善;蕭美琴;陳歐珀;林俊憲;管碧玲;黃偉哲;羅明才;鄭運鵬;賴士葆;劉櫂豪;林德福;蔣乃辛;陳明文;徐榛蔚;邱志偉;陳怡潔;周陳秀霞;陳亭妃;呂玉玲;廖國棟Sufin．Siluko;王惠美;吳秉叡,
105/09/22,紅樓201會議室,交通委員會,無,立法院第9屆第2會期交通委員會第3次全體委員會議,邀請交通部就「臺灣鐵路管理局合理人力分配暨員工權益檢討」列席報告，並備質詢。,鄭寶清;李昆澤;鄭天財Sra．Kacaw;陳歐珀;劉櫂豪;趙正宇;葉宜津;蕭美琴;鄭運鵬;林俊憲;江啟臣;簡東明Uliw．Qaljupayare;陳素月;黃昭順;邱志偉;賴瑞隆;鍾佳濱;林岱樺;黃偉哲;管碧玲;孔文吉;陳雪生;徐永明;吳志揚;曾銘宗;賴士葆;盧秀燕;張麗善;林德福;徐榛蔚;李彥秀;羅明才;高潞．以用．巴魕剌Kawlo．Iyun．Pacidal;羅致政;蔣乃辛;蔡易餘;陳明文;鍾孔炤;陳怡潔;周陳秀霞;周春米;陳亭妃;呂玉玲;馬文君;李鴻鈞;廖國棟Sufin．Siluko;鍾孔炤,
105/09/22,九樓大禮堂,財政委員會,無,立法院第9屆第2會期財政委員會第3次全體委員會議,邀請行政院主計總處朱主計長澤民、審計部林審計長慶隆率所屬單位主管列席業務報告，並備質詢。,黃國昌;曾銘宗;吳秉叡;賴士葆;施義芳;盧秀燕;王榮璋;余宛如;羅明才;陳賴素美;吳志揚;張麗善;蕭美琴;陳歐珀;費鴻泰;管碧玲;黃偉哲;鄭運鵬;劉櫂豪;林德福;蔣乃辛;徐榛蔚;陳明文;鍾孔炤;邱志偉;蔡易餘;陳怡潔;周陳秀霞;陳亭妃;呂玉玲;徐國勇;林俊憲;江永昌,
105/09/22,紅樓202會議室,內政委員會,無,立法院第9屆第2會期內政委員會第2次全體委員會議,一、審查行政院函請審議「住宅法修正草案」案。 二、審查本院委員吳思瑤等16人擬具「住宅法第二十條、第二十四條之一及第二十四條之二條文修正草案」案。 三、審查本院委員賴瑞隆等17人擬具「住宅法部分條文修正草案」案。 四、審查本院委員鄭寶清等22人擬具「住宅法第二十三條條文修正草案」案。 五、審查本院委員吳玉琴等26人擬具「住宅法修正草案」案。,黃昭順;賴瑞隆;林麗蟬;莊瑞雄;陳超明;李俊俋;陳怡潔;徐榛蔚;趙天麟;洪宗熠;管碧玲;蔣乃辛;陳其邁;谷辣斯．尤達卡Kolas Yotaka;李昆澤;高潞．以用．巴魕剌Kawlo．Iyun．Pacidal;邱志偉;鄭寶清;李麗芬;蔡易餘;鄭天財Sra．Kacaw;劉櫂豪;鄭運鵬;徐永明;孔文吉;林俊憲;曾銘宗;吳志揚;賴士葆;盧秀燕;張麗善;林德福;羅明才;李彥秀;陳歐珀;江啟臣;葉宜津;陳明文;鍾孔炤;周陳秀霞;吳琪銘;蕭美琴;周春米;黃偉哲;陳亭妃;施義芳;呂玉玲;馬文君;尤美女;吳玉琴;姚文智,
105/09/22,紅樓101會議室,經濟委員會,無,立法院第9屆第2會期經濟委員會第2次全體委員會議,邀請國家發展委員會主任委員列席報告業務概況，並備質詢。(9月21日、22日二天一次會),林岱樺;廖國棟Sufin．Siluko;高志鵬;邱議瑩;黃偉哲;管碧玲;徐永明;孔文吉;張麗善;陳明文;蘇震清;邱志偉;蔡培慧;蘇治芬;蕭美琴;許毓仁;王惠美;陳曼麗;賴瑞隆;蔡易餘;余宛如;鍾佳濱;蘇巧慧;曾銘宗;王定宇;吳焜裕;盧秀燕;江啟臣;劉櫂豪;賴士葆;吳志揚;葉宜津;陳歐珀;林俊憲;鄭運鵬;林德福;高潞．以用．巴魕剌Kawlo．Iyun．Pacidal;羅明才;李彥秀;簡東明Uliw．Qaljupayare;黃國書;劉世芳;徐榛蔚;蔣乃辛;鄭天財Sra．Kacaw;陳怡潔;周陳秀霞;呂玉玲;劉建國;何欣純;馬文君;陳亭妃;谷辣斯．尤達卡Kolas Yotaka;黃秀芳;黃昭順,
105/09/27,紅樓201會議室,程序委員會,無,第9屆第2會期程序委員會第4次會議,審定本院第9屆第2會期第4次會議議事日程及人民 請願案,,
105/09/28,群賢樓101會議室,教育及文化委員會,無,立法院第9屆第2會期教育及文化委員會第4次全體委員會議,邀請行政院原子能委員會主任委員列席報告業務概況，並備質詢。,,
105/09/28,群賢樓801會議室,社會福利及衛生環境委員會,無,立法院第9屆第2會期社會福利及衛生環境委員會第3次全體委員會議,一、邀請行政院環境保護署署長列席報告業務概況，並備質詢。 二、處理中華民國105年度中央政府總預算有關行政院環境保護署主管預算(公務預算)解凍案5案(詢答及處理) 。,,
105/09/28,九樓大禮堂,財政委員會,無,立法院第9屆第2會期財政委員會第4次全體委員會議,一、邀請中央銀行彭總裁淮南率所屬單位主管暨財金資訊股份有限公司董事長列席業務報告，並備質詢。二、邀請中央銀行、國家發展委員會、財政部、經濟部及行政院主計總處就「國際熱錢湧入，對總體經濟的影響」進行專題報告，並備質詢。,,
105/09/28,紅樓201會議室,交通委員會,無,立法院第9屆第2會期交通委員會第4次全體委員會議,邀請交通部部長賀陳旦就『莫蘭蒂颱風災後交通建設重建進度』列席報告，並備質詢。(9月28日及29日二天一次會),,
105/09/28,紅樓101會議室,經濟委員會,無,立法院第9屆第2會期經濟委員會第3次全體委員會議,邀請經濟部部長列席報告業務概況，並備質詢。(9月28日、29日二天一次會),,
105/09/28,紅樓301會議室,外交及國防委員會,無,立法院第9屆第2會期外交及國防委員會第3次全體委員會議（變更議程）,一、邀請外交部部長李大維、交通部次長率民用航空局局長、行政院大陸委員會副主任委員報告「2016我國參與國際民航組織大會（ICAO）相關籌備過程」，並備質詢。二、審查吳清波先生為請修正「護照條例」，使年滿60歲或65歲老人之申請護照規費減半或減免繳納等7件請願案。,王育敏;王定宇;王金平,
105/09/28,紅樓202會議室,內政委員會,無,立法院第9屆第2會期內政委員會第3次全體委員會議,一、邀請客家委員會主任委員李永得率同所屬列席報告業務概況，並備質詢。二、處理105年度中央政府總預算有關客家委員會預算凍結項目報告案計2案。,,
105/09/28,紅樓302會議室,司法及法制委員會,無,立法院第9屆第2會期司法及法制委員會第4次全體委員會議,邀請考試院秘書長、考選部部長、銓敘部部長及公務人員保障暨培訓委員會主任委員列席報告業務概況及立法計畫，並備質詢。,,
105/09/29,紅樓301會議室,外交及國防委員會,無,立法院第9屆第2會期外交及國防委員會第3次全體委員會議,一、邀請僑務委員會委員長吳新興報告業務概況，並備質詢。 二、處理院會交付僑務委員會105年度中央政府總預算決議凍結案等2案。,蔡適應;陳亭妃;江啟臣;羅致政;林昶佐;徐志榮;呂玉玲;呂孫綾;王定宇;陳歐珀;廖國棟Sufin．Siluko;林俊憲;鍾佳濱;劉櫂豪;黃偉哲;鄭運鵬;徐永明;林德福;盧秀燕;曾銘宗;李彥秀;蘇震清;許毓仁;陳賴素美;陳明文;賴瑞隆;蔣乃辛;徐榛蔚;孔文吉;簡東明Uliw．Qaljupayare;張宏陸;黃昭順;周陳秀霞;何欣純;谷辣斯．尤達卡Kolas Yotaka;馬文君;蘇巧慧,
105/09/29,紅樓101會議室,經濟委員會,無,立法院第9屆第2會期經濟委員會第3次全體委員會議,邀請公平交易委員會主任委員列席報告業務概況，並備質詢。(9月28日、29日二天一次會),廖國棟Sufin．Siluko;黃偉哲;張麗善;徐永明;蘇震清;蘇治芬;陳明文;孔文吉;蔡培慧;管碧玲;高志鵬;吳志揚;陳曼麗;曾銘宗;費鴻泰;蔣萬安;賴士葆;鍾佳濱;蘇巧慧;吳焜裕;林德福;林俊憲;盧秀燕;劉櫂豪;陳賴素美;鄭運鵬;李彥秀;陳歐珀;徐榛蔚;鍾孔炤;陳亭妃;江啟臣;余宛如;賴瑞隆;蔣乃辛;黃昭順;簡東明Uliw．Qaljupayare;何欣純;周陳秀霞;呂玉玲;羅明才,
105/09/29,九樓大禮堂,財政委員會,無,立法院第9屆第2會期財政委員會第5次全體委員會議,一、邀請金融監督管理委員會丁主任委員克華就「金融監督管理委員會對兆豐銀行遭美國裁罰後對相關帳戶之檢查報告」進行專題報告，並備質詢；另請財政部、中央銀行、法務部列席。【秘密會議】二、邀請金融監督管理委員會丁主任委員克華就「金融監督管理委員會對於百尺竿頭數位娛樂有限公司公開收購樂陞科技股份有限公司造成投資人損失之處理」進行專題報告，並備質詢；另請經濟部、法務部列席。,黃國昌;吳秉叡;曾銘宗;賴士葆;費鴻泰;盧秀燕;陳賴素美;黃偉哲;余宛如;施義芳;林德福;蕭美琴;蔡適應;王育敏;李彥秀;林俊憲;劉櫂豪;鄭運鵬;蔣萬安;廖國棟Sufin．Siluko;陳歐珀;王榮璋;徐永明;徐榛蔚;陳亭妃;江啟臣;蔣乃辛;許毓仁;徐國勇;陳明文;陳宜民;鍾孔炤;簡東明Uliw．Qaljupayare;黃昭順;何欣純;趙天麟;周陳秀霞;羅致政;羅明才;黃國昌;趙天麟;曾銘宗;賴士葆;費鴻泰;盧秀燕;陳賴素美;余宛如;施義芳;王榮璋;吳秉叡;徐國勇;蕭美琴;蔡適應;陳宜民;李彥秀;林俊憲;劉櫂豪;鄭運鵬;蔣萬安;廖國棟Sufin．Siluko;陳歐珀;黃偉哲;徐永明;徐榛蔚;陳亭妃;江啟臣;蔣乃辛;許毓仁;羅致政;陳明文;王育敏;鍾孔炤;簡東明Uliw．Qaljupayare;黃昭順;何欣純;江永昌;周陳秀霞;羅明才;林德福,
105/09/29,紅樓201會議室,交通委員會,無,立法院第9屆第2會期交通委員會第4次全體委員會議,邀請國家通訊傳播委員會主任委員詹婷怡列席報告業務概況，並備質詢。(9月28日及29日二天一次會),鄭寶清;趙正宇;陳歐珀;劉櫂豪;林俊憲;鄭運鵬;鄭天財Sra．Kacaw;葉宜津;蕭美琴;李昆澤;陳素月;簡東明Uliw．Qaljupayare;李鴻鈞;陳雪生;蘇震清;徐永明;黃國昌;高金素梅;蘇巧慧;曾銘宗;廖國棟Sufin．Siluko;盧秀燕;李彥秀;黃偉哲;陳賴素美;陳亭妃;江啟臣;羅致政;陳明文;徐榛蔚;賴瑞隆;蔣乃辛;許毓仁;孔文吉;鍾孔炤;黃昭順;周陳秀霞;何欣純;張麗善;林德福,
105/09/29,群賢樓802會議室,程序委員會,無,第9屆第2會期程序委員會第4次會議,審定本院第9屆第2會期第4次會議議事日程,蔡培慧;江啟臣,
105/09/29,群賢樓801會議室,社會福利及衛生環境委員會,無,立法院第9屆第2會期社會福利及衛生環境委員會第3次全體委員會議,一、邀請衛生福利部部長列席報告業務概況，並備質詢。 二、繼續處理中華民國105年度中央政府總預算有關衛生福利部主管預算(公務預算)解凍案1案。 三、繼續處理中華民國105年度衛生福利部主管財團法人預算解凍案11案。,林靜儀;劉建國;洪慈庸;陳宜民;蔣萬安;陳曼麗;李彥秀;吳玉琴;吳焜裕;王育敏;鍾孔炤;蕭美琴;林麗蟬;高潞．以用．巴魕剌Kawlo．Iyun．Pacidal;鄭天財Sra．Kacaw;楊曜;陳瑩;盧秀燕;林俊憲;鍾佳濱;林淑芬;李麗芬;黃秀芳;張麗善;陳賴素美;賴士葆;劉櫂豪;鄭運鵬;徐永明;徐榛蔚;陳亭妃;江啟臣;蔣乃辛;陳明文;簡東明Uliw．Qaljupayare;陳歐珀;黃昭順;何欣純;周陳秀霞;林德福;廖國棟Sufin．Siluko;黃偉哲;吳秉叡;林淑芬,
105/09/29,群賢樓101會議室,教育及文化委員會,無,立法院第9屆第2會期教育及文化委員會第4次全體委員會議,邀請教育部政務次長率體育署署長列席專題報告「政府如何因應體壇多事之秋」，並備質詢。,蘇巧慧;柯志恩;吳志揚;張廖萬堅;黃國書;吳思瑤;許智傑;高潞．以用．巴魕剌Kawlo．Iyun．Pacidal;蔣乃辛;鍾佳濱;李麗芬;何欣純;陳學聖;高金素梅;蕭美琴;許毓仁;費鴻泰;蔣萬安;曾銘宗;陳宜民;劉櫂豪;盧秀燕;黃偉哲;鄭運鵬;徐永明;林俊憲;陳賴素美;林麗蟬;廖國棟Sufin．Siluko;陳歐珀;林德福;徐榛蔚;賴士葆;陳明文;鍾孔炤;陳亭妃;江啟臣;余宛如;賴瑞隆;孔文吉;簡東明Uliw．Qaljupayare;黃昭順;周陳秀霞;谷辣斯．尤達卡Kolas Yotaka;羅明才;尤美女,
105/09/29,紅樓302會議室,司法及法制委員會,無,立法院第9屆第2會期司法及法制委員會第4次全體委員會議,邀請法務部部長、行政院大陸委員會副主任委員列席就「520後海峽兩岸共同打擊犯罪及司法互助協議運作情形」進行專題報告，並備質詢。,林德福;許毓仁;張宏陸;周春米;周陳秀霞;許淑華;段宜康;尤美女;蔡易餘;林俊憲;蘇巧慧;黃偉哲;鄭運鵬;林為洲;徐永明;盧秀燕;曾銘宗;李彥秀;陳亭妃;羅致政;江啟臣;蘇震清;陳賴素美;陳明文;賴瑞隆;蔣乃辛;徐榛蔚;簡東明Uliw．Qaljupayare;黃昭順;何欣純;劉櫂豪;廖國棟Sufin．Siluko;陳歐珀,
105/09/29,紅樓202會議室,內政委員會,無,立法院第9屆第2會期內政委員會,「住宅法修正草案」公聽會,,
105/09/29,紅樓202會議室,內政委員會,司法及法制委員會,立法院第9屆第2會期內政、司法及法制委員會第2次聯席會議,繼續審查 一、行政院函請審議「政黨法草案」案。 二、委員葉宜津等24人擬具「政黨法草案」案。 三、委員黃偉哲等18人擬具「政黨法草案」案。 四、委員陳亭妃等21人擬具「政黨法草案」案。 五、委員高志鵬等22人擬具「政黨法草案」案。 六、國民黨黨團擬具「政黨法草案」案。 七、親民黨黨團擬具「政黨法草案」案。,,
105/09/30,群賢樓101會議室,教育及文化委員會,無,立法院第9屆第2會期教育及文化委員會第5次全體委員會議,（上午）邀請文化部部長列席報告業務概況，並備質詢。,,
105/10/04,紅樓201會議室,程序委員會,無,第9屆第2會期程序委員會第5次會議,審定本院第9屆第2會期第5次會議議事日程,,
105/10/05,紅樓202會議室,內政委員會,無,立法院第9屆第2會期內政委員會第3次全體委員會議,一、邀請內政部部長葉俊榮率同所屬列席報告業務概況（含上會期臨時提案辦理情形），並備質詢。二、處理105年度中央政府總預算有關內政部預算凍結項目報告案計19案(含報告事項4案)。三、審查內政部近3年「補、捐（獎）助其他政府機關、團體或個人經費報告表」共3案。四、審查內政部近3年「辦理政策宣導相關之廣告彙整表」共3案。五、審查106年度中央政府總預算案關於內政部主管收支部分。六、審查106年度中央政府總預算案關於內政部營建署及所屬、建築研究所主管收支部分。七、審查106年度中央政府總預算案（含附屬單位預算及綜計表─非營業部分）關於內政部主管「營建建設基金」、「國土永續發展基金」收支部分。八、審查106年度中央政府總預算案（含附屬單位預算及綜計表─非營業部分）關於內政部主管「黃瑞景先生獎學基金」、「胡原洲女士獎(助)學基金」、「警察及消防人員安全濟助基金」、「內政部空勤三勇士子女生活照顧基金」收支部分。九、審查106年度財團法人預算案關於內政部函送「財團法人二二八事件紀念基金會」、「財團法人台灣建築中心」、「財團法人臺灣營建研究院」、「財團法人國土規劃及不動產資訊中心」、「財團法人中央營建技術顧問研究社」預算書案。(第五案至第八案如未能完成付委程序，則不予審查；另第五案至第九案僅進行詢答，不處理提案),陳怡潔;黃昭順;徐榛蔚;陳超明;林麗蟬;鄭天財Sra．Kacaw;李俊俋;楊鎮浯;鍾佳濱;蕭美琴;陳歐珀;呂玉玲;高金素梅;賴瑞隆;江啟臣;趙天麟;尤美女;陳其邁;洪宗熠;莊瑞雄;周陳秀霞;簡東明Uliw．Qaljupayare;谷辣斯．尤達卡Kolas Yotaka;邱志偉;姚文智;賴士葆;吳琪銘;羅明才,
105/10/05,紅樓302會議室,社會福利及衛生環境委員會,無,立法院第9屆第2會期社會福利及衛生環境委員會第4次全體委員會議,審查(一)行政院函請審議「勞動基準法部分條文修正草案」、(二)本院委員王育敏等17人擬具「勞動基準法第三十八條條文修正草案」、(三)民進黨黨團擬具「勞動基準法第三十九條條文修正草案」、(四)時代力量黨團擬具「勞動基準法部分條文修正草案」、(五)親民黨黨團擬具「勞動基準法第三十六條、第七十四條及第七十九條條文修正草案」、(六)委員鍾孔炤等17人擬具「勞動基準法第三十八條條文修正草案 」、(七)委員林淑芬等18人擬具「勞動基準法第三十八條及第七十九條條文修正草案」等7案。(詢答及處理),吳玉琴;劉建國;吳焜裕;洪慈庸,
105/10/05,九樓大禮堂,財政委員會,無,立法院第9屆第2會期財政委員會第6次全體委員會議,一、審查中華民國106年度中央政府總預算案有關主計總處。審計部、審計部臺北市審計處、審計部新北市審計處、審計部桃園市審計處、審計部臺中市審計處、審計部臺南市審計處、審計部高雄市審計處部分。(如總預算案未於審查日前交付，則另擇期審查)二、審查本院委員王榮璋等19人擬具「預算法第二十八條及第二十九條條文修正草案」案。,曾銘宗;盧秀燕;賴士葆;王榮璋;費鴻泰;施義芳;邱泰源;林德福;周陳秀霞,
105/10/05,紅樓301會議室,外交及國防委員會,無,立法院第9屆第2會期外交及國防委員會第4次全體委員會議, 邀請外交部部長李大維、交通部次長率民用航空局局長、行政院大陸委員會副主任委員報告「我國無法參與第39屆國際民航組織大會因應作為、會外參與成果及未來我國參與國際組織之策略」，併請國家安全局、內政部警政署刑事警察局、行政院環境保護署派員列席，並備質詢。〈10月5日、6日二天一次會〉 ,呂玉玲;林昶佐;徐志榮;馬文君;蔡適應;江啟臣;賴士葆;陳亭妃;費鴻泰;高金素梅;周陳秀霞;徐榛蔚;劉世芳;鍾佳濱;陳雪生;賴瑞隆;王定宇;谷辣斯．尤達卡Kolas Yotaka;蕭美琴,
105/10/05,群賢樓101會議室,教育及文化委員會,無,立法院第9屆第2會期教育及文化委員會第5次全體委員會議,（上午）邀請文化部部長列席報告業務概況，並備質詢。,吳志揚;高潞．以用．巴魕剌Kawlo．Iyun．Pacidal;蔣乃辛;高金素梅;柯志恩;陳學聖;何欣純;徐榛蔚;黃昭順;林德福;陳怡潔;呂玉玲;蕭美琴;馬文君;周陳秀霞;吳思瑤;蘇巧慧;李麗芬;張廖萬堅;鍾佳濱;邱志偉;黃國書;尤美女,
105/10/05,群賢樓101會議室,教育及文化委員會,無,立法院第9屆第2會期教育及文化委員會第5次全體委員會議,（下午）邀請教育部部長、科技部部長就「新南向政策之高教輸出、科研合作與高等研發技術人才培育及交流」進行專題報告，並備質詢。另邀請僑務委員會委員長、內政部部長、外交部部長、勞動部部長就上述相關主管業務出席備詢。,鍾佳濱;柯志恩;黃國書;陳學聖;張廖萬堅;蔣乃辛;高金素梅;吳思瑤;吳志揚;李麗芬;蘇巧慧;高潞．以用．巴魕剌Kawlo．Iyun．Pacidal;何欣純;張麗善;徐榛蔚;尤美女,
105/10/05,紅樓201會議室,交通委員會,無,立法院第9屆第2會期交通委員會第5次全體委員會議,邀請交通部部長賀陳旦列席報告業務概況，並備質詢。,林俊憲;鄭寶清;陳歐珀;李鴻鈞;鄭天財Sra．Kacaw;趙正宇;簡東明Uliw．Qaljupayare;蕭美琴;徐榛蔚;葉宜津;孔文吉;鄭運鵬;高金素梅;周陳秀霞;江啟臣;陳雪生;陳素月;呂玉玲;劉櫂豪;李昆澤;賴士葆;黃昭順;羅明才;顏寬恒;施義芳;鍾佳濱;邱志偉,
105/10/06,九樓大禮堂,,無,第9屆第2會期第1次全院委員會公聽會,第9屆第2會期第1次全院委員會「行使司法院大法官並為院長、副院長同意權案」公聽會,吳志揚;莊瑞雄;周陳秀霞;黃國昌;賴士葆;林俊憲;蘇巧慧;林為洲;王定宇;陳賴素美;鍾佳濱;蔡易餘;王育敏;周春米,
105/10/06,紅樓301會議室,外交及國防委員會,無,立法院第9屆第2會期外交及國防委員會第4次全體委員會議,邀請國防部部長馮世寬報告「漢光32號演習執行經過及第四軍種參與成果」，並備質詢。(10月5日、6日二天一次會),陳亭妃;蔡適應;江啟臣;呂玉玲;林昶佐;羅致政;劉世芳;馬文君;王定宇;徐志榮;黃昭順;李彥秀;鍾佳濱;林德福;吳志揚;許毓仁;高金素梅;賴士葆;許淑華,
105/10/11,紅樓201會議室,程序委員會,無,第9屆第2會期程序委員會第6次會議,一、審定本院第9屆第2會期第6次會議議事日程及     人民請願案,,
105/10/12,紅樓201會議室,財政委員會,無,立法院第9屆第2會期財政委員會第7次全體委員會議,邀請財政部許部長虞哲、行政院主計總處朱主計長澤民及衛生福利部次長就「政府籌措長期照顧服務財源」進行專題報告，並備質詢。,黃國昌;吳秉叡;曾銘宗;賴士葆;盧秀燕;余宛如;王榮璋;陳賴素美;鄭天財Sra．Kacaw;邱泰源;施義芳;王育敏;羅明才;徐榛蔚;蔣萬安;費鴻泰;江啟臣;陳宜民;林俊憲;李昆澤;張麗善;賴瑞隆;林德福;鍾孔炤;江永昌;周陳秀霞,
105/10/12,九樓大禮堂,,無,第9屆第2會期第1次全院委員會公聽會,第9屆第2會期第1次全院委員會「行使司法院大法官同意權案」公聽會,蘇巧慧;蔣萬安;陳曼麗;陳賴素美;許淑華;王定宇;蔡易餘,
105/10/12,紅樓302會議室,司法及法制委員會,無,立法院第9屆第2會期司法及法制委員會第5次全體委員會議,邀請法務部部長列席就「我國獄政現況及改革」進行專題報告，並備質詢。,周陳秀霞;柯志恩;林德福;許淑華;鄭天財Sra．Kacaw;莊瑞雄;林為洲;陳賴素美;江啟臣;羅明才;陳宜民;張麗善;李麗芬;許毓仁;尤美女;張宏陸;蔡易餘;陳宜民;張麗善   ;蔡易餘,
105/10/12,紅樓202會議室,內政委員會,無,立法院第9屆第2會期內政委員會第4次全體委員會議,邀請客家委員會主任委員李永得率同所屬列席報告業務概況，並備質詢。,莊瑞雄;林麗蟬;洪宗熠;徐榛蔚;陳怡潔;趙天麟;陳超明;賴瑞隆;谷辣斯．尤達卡Kolas Yotaka;陳其邁;江啟臣;李俊俋;盧秀燕;曾銘宗;陳賴素美;林德福;林俊憲;羅明才;周陳秀霞;鄭天財Sra．Kacaw;張麗善;李昆澤;鍾孔炤;姚文智;吳琪銘,
105/10/13,紅樓302會議室,司法及法制委員會,無,立法院第9屆第2會期司法及法制委員會第6次全體委員會議,一、邀請法務部部長、金融監督管理委員會副主任委員列席就「兆豐金案件偵辦進度及預防措施」進行專題報告，並備質詢。二、審查委員許淑華等16 人擬具「通訊保障及監察法第十三條、第十八條之一及第二十七條條文修正草案」案。三、繼續併案審查（一）行政院函請審議「洗錢防制法修正草案」、（二）委員蔣萬安等26人擬具「洗錢防制法第十條條文修正草案」、（三）委員曾銘宗等18人擬具「洗錢防制法第三條及第十一條條文修正草案」、（四）委員許淑華等17人擬具「洗錢防制法第三條條文修正草案」、（五）委員呂玉玲等20人擬具「洗錢防制法第三條條文修正草案」、（六）委員徐國勇等19人擬具「洗錢防制法第三條條文修正草案」、（七）委員許淑華等17人擬具「洗錢防制法修正草案」及（八）親民黨黨團擬具「洗錢防制法第六條條文修正草案」案。,林德福;許毓仁;許淑華;江啟臣;蔣乃辛;鄭天財Sra．Kacaw;林俊憲;林為洲,
105/10/13,群賢樓101會議室,教育及文化委員會,無,立法院第9屆第2會期教育及文化委員會第6次全體委員會議,邀請文化部部長、國家通訊傳播委員會主任委員專題報告「政府如何因應OTT產業新發展趨勢」，並備質詢。另邀行政院大陸委員會主任委員、經濟部次長、財政部次長就上述相關主管業務出席備詢。,蘇巧慧;吳思瑤;吳志揚;張廖萬堅;柯志恩;高潞．以用．巴魕剌Kawlo．Iyun．Pacidal;黃國書;何欣純;蔣乃辛;李麗芬;鍾佳濱;許智傑;李昆澤;陳學聖;鄭運鵬;林昶佐;許毓仁;江啟臣;林德福;鄭天財Sra．Kacaw;張麗善;林俊憲;高金素梅;黃昭順,
105/10/18,紅樓201會議室,程序委員會,無,第9屆第2會期程序委員會第7次會議,審定本院第9屆第2會期第7次會議議事日程及人 民請願案,鍾孔炤;賴士葆,
105/10/20,紅樓302會議室,司法及法制委員會,無,立法院第9屆第2會期司法及法制委員會,「洗錢防制法修正草案」公聽會,,
105/10/20,紅樓201會議室,交通委員會,無,立法院第9屆第2會期交通委員會第6次全體委員會議,邀請交通部率同中央氣象局局長列席報告業務概況，並備質詢。,鄭寶清;鄭運鵬;林俊憲;趙正宇;蕭美琴;葉宜津;顏寬恒;簡東明Uliw．Qaljupayare;鄭天財Sra．Kacaw;陳歐珀;劉櫂豪;李昆澤;黃昭順;施義芳,
105/10/20,紅樓202會議室,內政委員會,無,立法院第9屆第2會期內政委員會第5次全體委員會議,一、繼續審查行政院函請審議「住宅法修正草案」案。二、繼續審查本院委員吳思瑤等16人擬具「住宅法第二十條、第二十四條之一及第二十四條之二條文修正草案」案。三、繼續審查本院委員賴瑞隆等17人擬具「住宅法部分條文修正草案」案。四、繼續審查本院委員鄭寶清等22人擬具「住宅法第二十三條條文修正草案」案。五、繼續審查本院委員吳玉琴等26人擬具「住宅法修正草案」案。六、審查本院親民黨黨團擬具「住宅法部分條文修正草案」案。七、審查本院委員姚文智等16人擬具「住宅法部分條文修正草案」。八、審查本院委員李麗芬等24人擬具「住宅法第四條條文修正草案」案。(第七案及第八案如經院會復議，則不予審查。),,
105/10/24,九樓大禮堂,財政委員會,無,立法院第9屆第2會期財政委員會第8次全體委員會議,邀請財政部許部長虞哲、內政部葉部長俊榮就「國有土地如何配合政府政策，推動社會住宅及其進度」進行專題報告，並備質詢。(105年10月24日及10月27日【兩天一次會】),黃國昌;吳秉叡;曾銘宗;賴士葆;費鴻泰;余宛如;盧秀燕;陳賴素美;王榮璋;蔡易餘;邱泰源;林德福;羅明才;江啟臣;鄭天財Sra．Kacaw;張麗善;管碧玲;李彥秀;施義芳;黃偉哲;林俊憲;顏寬恒;陳歐珀;馬文君;陳明文;邱志偉;呂玉玲;黃昭順;王惠美;何欣純;周陳秀霞;簡東明Uliw．Qaljupayare;姚文智;鄭運鵬;江永昌;陳宜民;吳志揚,
105/10/24,紅樓301會議室,外交及國防委員會,無,立法院第9屆第2會期外交及國防委員會第5次全體委員會議,邀請國防部部長馮世寬率國家中山科學研究院院長、經濟部次長、科技部次長、國家發展委員會副主任委員報告「國防科技產業發展推行委員會、國防部國防科技處在我國國防產業發展策略之組織編制、業務分工、預期目標與成果」，並備質詢。,羅致政;江啟臣;呂玉玲;王定宇;林昶佐;劉世芳;蔡適應;馬文君;高金素梅;黃偉哲;林德福;邱志偉;鄭運鵬;林俊憲;盧秀燕;徐永明;陳賴素美;吳志揚;張麗善;賴瑞隆;廖國棟Sufin．Siluko;陳歐珀;陳明文;李彥秀;孔文吉;黃昭順;王惠美;周陳秀霞;何欣純;簡東明Uliw．Qaljupayare;谷辣斯．尤達卡Kolas Yotaka;蔡易餘;顏寬恒;徐志榮;陳亭妃;邱志偉,
105/10/24,紅樓201會議室,交通委員會,無,立法院第9屆第2會期交通委員會第7次全體委員會議, 一、審查106年度中央政府總預算案關於國家通訊傳播委員會單位預算。 二、審查106年度中央政府總預算案附屬單位預算非營業部分關於國家通訊傳播委員會主管通訊傳播監督管理基金預算。 三、審查106年度中央政府總預算案附屬單位預算非營業部分關於國家通訊傳播委員會主管有線廣播電視事業發展基金預算。(以上合併詢答，分開處理)(10月24日、26日及27日三天一次會),鄭寶清;趙正宇;李昆澤;鄭運鵬;陳歐珀;顏寬恒;蕭美琴;林俊憲;鄭天財Sra．Kacaw;陳素月;葉宜津;劉櫂豪;簡東明Uliw．Qaljupayare;陳雪生;邱志偉;江啟臣;蘇巧慧;羅致政;曾銘宗;林德福;吳志揚;徐永明;陳賴素美;盧秀燕;張麗善;劉世芳;賴瑞隆;陳明文;李彥秀;廖國棟Sufin．Siluko;孔文吉;黃偉哲;呂玉玲;黃昭順;王惠美;周陳秀霞;何欣純;谷辣斯．尤達卡Kolas Yotaka;蔡易餘;高潞．以用．巴魕剌Kawlo．Iyun．Pacidal;莊瑞雄,
105/10/24,紅樓101會議室,經濟委員會,無,立法院第9屆第2會期經濟委員會第4次全體委員會議,審查106年度中央政府總預算案關於公平交易委員會單位預算及附屬單位預算非營業部分關於公平交易委員會主管：反托拉斯基金。(詢答及處理)(10月24日、26日、27日三天一次會),黃偉哲;高志鵬;張麗善;徐永明;林岱樺;蘇震清;陳明文;王惠美;管碧玲;邱志偉;孔文吉;蘇治芬;蔡培慧;羅明才;蕭美琴;莊瑞雄;陳賴素美;蘇巧慧;盧秀燕;林德福;賴士葆;鄭天財Sra．Kacaw;吳志揚;林俊憲;鄭運鵬;陳歐珀;顏寬恒;劉世芳;李彥秀;賴瑞隆;馬文君;呂玉玲;黃昭順;周陳秀霞;簡東明Uliw．Qaljupayare;何欣純;谷辣斯．尤達卡Kolas Yotaka;蔡易餘;廖國棟Sufin．Siluko,
105/10/24,紅樓302會議室,司法及法制委員會,無,立法院第9屆第2會期司法及法制委員會第6次全體委員會議,邀請行政院秘書長及行政院人事行政總處人事長列席就「政府組織改造工程及三級機關採政務常務任用雙軌制之具體規劃」進行專題報告，並備質詢；另邀請銓敘部次長、內政部次長、經濟部次長、交通部次長、行政院農業委員會副主任委員、行政院大陸委員會副主任委員、行政院原子能委員會副主任委員、行政院海岸巡防署副署長、行政院環境保護署副署長及蒙藏委員會主任秘書就上述相關主管業務列席備詢。,段宜康;柯建銘;林德福;許淑華;張宏陸;周春米;周陳秀霞;王育敏;王惠美;許毓仁;鄭天財Sra．Kacaw;尤美女;蔡易餘;林為洲;黃偉哲;劉世芳;曾銘宗;徐永明;賴瑞隆;李彥秀;張麗善;林俊憲;廖國棟Sufin．Siluko;顏寬恒;陳賴素美;陳明文;吳志揚;邱志偉;孔文吉;呂玉玲;馬文君;黃昭順;江啟臣;何欣純;簡東明Uliw．Qaljupayare;陳歐珀;鄭運鵬;盧秀燕,
105/10/24,紅樓202會議室,內政委員會,無,立法院第9屆第2會期內政委員會第6次全體委員會議,一、審查105年度中央政府總預算有關臺灣省諮議會預算凍結項目報告案計2案。二、審查106年度中央政府總預算案關於省市地方政府（臺灣省政府、臺灣省諮議會、福建省政府）主管收支部分。三、審查臺灣省政府近3年「補、捐（獎）助其他政府機關、團體或個人經費報告表」共5案。四、審查臺灣省諮議會近3年「辦理政策宣導相關之廣告彙整表」共2案。五、審查福建省政府近3年「補、捐（獎）助其他政府機關、團體或個人經費報告表」共4案。,莊瑞雄;林麗蟬;賴瑞隆;李俊俋;陳超明;黃昭順;谷辣斯．尤達卡Kolas Yotaka;陳其邁;黃偉哲;楊鎮浯;姚文智;顏寬恒;吳琪銘;林俊憲;鄭天財Sra．Kacaw;蕭美琴;曾銘宗;陳歐珀;林德福;吳志揚;陳賴素美;徐永明;盧秀燕;張麗善;劉世芳;葉宜津;陳明文;邱志偉;馬文君;廖國棟Sufin．Siluko;孔文吉;呂玉玲;王惠美;周陳秀霞;何欣純;簡東明Uliw．Qaljupayare;陳雪生;洪宗熠;蘇巧慧;李昆澤;鄭運鵬;蔡易餘;江啟臣;羅明才,
105/10/24,群賢樓101會議室,教育及文化委員會,無,立法院第9屆第2會期教育及文化委員會第7次全體委員會議,一、邀請行政院原子能委員會主任委員列席報告業務概況，並備質詢。二、處理(審查)中華民國105年度中央政府總預算案有關行政院原子能委員會主管預算（公務預算）解凍案10案。,柯志恩;蘇巧慧;吳志揚;張廖萬堅;吳思瑤;黃國書;鍾佳濱;李麗芬;許智傑;何欣純;陳學聖;黃國昌;高潞．以用．巴魕剌Kawlo．Iyun．Pacidal;賴士葆;盧秀燕;費鴻泰;鄭天財Sra．Kacaw;張麗善;江啟臣;黃偉哲;林俊憲;鄭運鵬;陳歐珀;顏寬恒;徐永明;孔文吉;馬文君;陳明文;邱志偉;呂玉玲;吳焜裕;黃昭順;王惠美;周陳秀霞;簡東明Uliw．Qaljupayare;谷辣斯．尤達卡Kolas Yotaka;高金素梅;陳賴素美,
105/10/25,紅樓201會議室,程序委員會,無,第9屆第2會期程序委員會第8次會議,審定本院第9屆第2會期第8次會議議事日程及人 民請願案,郭正亮;曾銘宗,
105/10/26,紅樓301會議室,外交及國防委員會,無,立法院第9屆第2會期外交及國防委員會第6次全體委員會議,邀請國家安全局局長、行政院國土安全辦公室主任、國防部政治作戰局局長率軍事安全總隊總隊長、國防部軍事情報局局長、國防部憲兵指揮部指揮官、國防部電訊發展室主任、內政部警政署副署長、內政部移民署副署長、法務部調查局副局長、行政院海岸巡防署副署長報告「我國反恐策略、國際反恐情報工作參與情形，及國際恐怖組織對我國特定人士情報掌握之相關反制因應」，並備質詢。,羅致政;蔡適應;陳亭妃;王定宇;江啟臣;林德福;呂玉玲;馬文君;徐志榮;呂孫綾;劉世芳;林俊憲;孔文吉;徐榛蔚;黃偉哲;張麗善;黃昭順;王惠美;陳明文;陳歐珀;周陳秀霞;陳賴素美;鄭運鵬;邱志偉,
105/10/26,紅樓101會議室,經濟委員會,無,立法院第9屆第2會期經濟委員會第4次全體委員會議,邀請經濟部部長列席報告業務概況，並備質詢。(10月24日、26日、27日三天一次會),邱議瑩;黃偉哲;王惠美;徐榛蔚;陳明文;張麗善;蘇治芬;徐永明;蘇震清;邱志偉;管碧玲;高志鵬;廖國棟Sufin．Siluko;林岱樺;蕭美琴;鄭天財Sra．Kacaw;孔文吉;賴瑞隆;鍾佳濱;李彥秀;高潞．以用．巴魕剌Kawlo．Iyun．Pacidal;谷辣斯．尤達卡Kolas Yotaka;陳歐珀;林德福;江啟臣;陳曼麗;呂玉玲;陳怡潔;蔡易餘;簡東明Uliw．Qaljupayare;馬文君;周陳秀霞;陳賴素美;羅致政;何欣純;蔡培慧;林俊憲,
105/10/26,紅樓302會議室,司法及法制委員會,無,立法院第9屆第2會期司法及法制委員會第7次全體委員會議,一、審查（一）時代力量黨團擬具「中華民國刑法第七條條文修正草案」、（二）委員許淑華等16人擬具「中華民國刑法第五條條文修正草案」、（三）委員許淑華等18人擬具「中華民國刑法第七條條文修正草案」、（四）委員呂玉玲等17人擬具「中華民國刑法第七條條文修正草案」及（五）委員林德福等18人擬具「中華民國刑法第五條及第七條條文修正草案」案。二、審查（一）委員黃昭順等21 人擬具「中華民國刑法增訂第一百八十九條之三、第一百八十九條之四及第一百八十九條之五條文草案」、（二）委員李鴻鈞等22人擬具「中華民國刑法增訂第一百八十九條之三條文草案」、（三）委員陳宜民等29 人擬具「中華民國刑法增訂第一百九十一條之二條文草案」、（四）委員江啟臣等25 人擬具「中華民國刑法增訂第一百八十二條之一條文草案」及（五）委員林俊憲等20人擬具「中華民國刑法增訂第一百八十二條之一條文草案」案。三、繼續併案審查（一）行政院函請審議「洗錢防制法修正草案」、（二）委員蔣萬安等26人擬具「洗錢防制法第十條條文修正草案」、（三）委員曾銘宗等18人擬具「洗錢防制法第三條及第十一條條文修正草案」、（四）委員許淑華等17人擬具「洗錢防制法第三條條文修正草案」、（五）委員呂玉玲等20人擬具「洗錢防制法第三條條文修正草案」、（六）委員徐國勇等19人擬具「洗錢防制法第三條條文修正草案」、（七）委員許淑華等17人擬具「洗錢防制法修正草案」、（八）親民黨黨團擬具「洗錢防制法第六條條文修正草案」及（九）委員段宜康等18人擬具「洗錢防制法部分條文修正草案」案。（10月26日及27日兩天一次會）,林德福;段宜康;周陳秀霞;郭正亮;張宏陸;黃偉哲;許淑華;許毓仁;周春米;林俊憲;陳歐珀;孔文吉;徐榛蔚;張麗善;江啟臣;王惠美;陳亭妃;黃昭順;陳明文;邱志偉;呂玉玲;李鴻鈞;曾銘宗;黃國昌;林為洲;鄭運鵬;蔡易餘;周春米;尤美女,
105/10/26,九樓大禮堂,內政委員會,無,立法院第9屆第2會期內政委員會第7次全體委員會議,一、處理105年度中央政府總預算有關內政部預算凍結項目報告案計15案 (含報告事項4案) 。二、審查106年度中央政府總預算案關於內政部警政署及所屬、中央警察大學、消防署及所屬、役政署、移民署、空中勤務總隊收支部分。三、審查106年度中央政府總預算案（含附屬單位預算及綜計表─非營業部分）關於內政部主管「新住民發展基金」、「研發及產業訓儲替代役基金」、「警察消防海巡移民空勤人員及協勤民力安全基金」收支部分。四、審查106年度中央政府總預算案（含附屬單位預算及綜計表─非營業部分）關於內政部主管「在校學生獎學基金」、「劉存恕先生警察子女獎學基金」、「萬善培先生獎學基金」、「誠園獎學基金」、「劉竹琛先生警察子女獎學基金」收支部分。五、審查106年度財團法人預算案關於內政部函送「臺灣省義勇人員安全濟助基金會」、「義勇消防人員安全濟助基金會」預算書案。(一、本次會議僅處理第一案；第二案至第五案僅進行詢答，不處理提案。),莊瑞雄;徐榛蔚;陳怡潔;賴瑞隆;李俊俋;黃昭順;林麗蟬;陳超明;洪宗熠;谷辣斯．尤達卡Kolas Yotaka;羅致政;陳其邁;蕭美琴;楊鎮浯;鄭天財Sra．Kacaw;姚文智;李昆澤;邱志偉;王惠美;吳琪銘;陳明文;高潞．以用．巴魕剌Kawlo．Iyun．Pacidal;周陳秀霞;孔文吉;黃偉哲;張麗善;鄭運鵬,
105/10/26,紅樓201會議室,交通委員會,無,立法院第9屆第2會期交通委員會第7次全體委員會議,一、審查106年度中央政府總預算案關於交通部民用航空局單位預算。二、審查106年度中央政府總預算案附屬單位預算非營業部分關於交通部主管交通作業基金－民航事業作業基金分預算。(以上合併詢答，分開處理)(10月24日、26日及27日三天一次會),鄭運鵬;趙正宇;劉櫂豪;鄭寶清;葉宜津;鄭天財Sra．Kacaw;蕭美琴;李昆澤;陳素月;林俊憲;簡東明Uliw．Qaljupayare;黃國書;陳雪生;李鴻鈞;徐榛蔚;陳賴素美;賴瑞隆;林德福;孔文吉;張麗善;黃昭順;江啟臣;邱志偉;王惠美;莊瑞雄;陳怡潔;陳明文;陳亭妃;呂玉玲;周陳秀霞;黃偉哲;陳歐珀;蔡易餘,
105/10/26,群賢樓801會議室,社會福利及衛生環境委員會,無,立法院第9屆第2會期社會福利及衛生環境委員會第5次全體委員會議,一、邀請衛生福利部部長、原住民族委員會副主任委員就「長期照顧2.0整體規劃事項、長照據點A、B、C試辦籌備進度與失能身心障礙者之服務規劃」列席報告，並備質詢。 二、審查(一)行政院函請審議「長期照顧服務法部分條文修正草案」案、(二)本院委員劉建國等16人擬具「長期照顧服務法第一條、第二十二條及第六十二條條文修正草案」、(三)委員黃昭順等18人擬具「長期照顧服務法第二十二條及第六十二條條文修正草案」等3案。(大體詢答) 三、審查行政院函請審議(一)「醫師法第二十八條修正草案」、(二)「物理治療師法第三十二條修正草案」、(三)「醫事放射師法第三十四條修正草案」、(四)「醫事檢驗師法第三十三條修正草案」、(五)「心理師法第四十三條修正草案」、(六)「呼吸治療師法第十八條修正草案」、(七)「助產人員法第三十六條修正草案」等7案。(詢答及逐條審查),,
105/10/27,紅樓202會議室,內政委員會,無,立法院第9屆第2會期內政委員會第8次全體委員會議,審查委員林麗蟬等27人擬具「臺灣地區與大陸地區人民關係條例第二十二條條文修正草案」案。,林麗蟬;陳怡潔;黃昭順;徐榛蔚;莊瑞雄;李俊俋;陳其邁;楊鎮浯;賴瑞隆;陳超明;邱志偉;陳歐珀;吳琪銘;王育敏;江啟臣;黃偉哲;蔣乃辛;顏寬恒;葉宜津;蔡易餘;王惠美;陳雪生;李彥秀;孔文吉;羅明才;谷辣斯．尤達卡Kolas Yotaka;洪宗熠;林俊憲;何欣純;張麗善;姚文智;趙天麟;陳雪生,
105/10/27,群賢樓101會議室,教育及文化委員會,無,立法院第9屆第2會期教育及文化委員會第8次全體委員會議,一、邀請教育部部長、內政部警政署首長專題報告「教官退出校園，安全誰來顧」，並備質詢；另邀請國防部、國軍退除役官兵輔導委員會就上述相關主管業務列席備詢。二、處理中華民國105年度中央政府總預算案有關教育部主管預算（公務預算）解凍案26案。三、繼續處理中華民國105年度中央政府總預算案有關教育部主管預算（公務預算）解凍案3案。,高潞．以用．巴魕剌Kawlo．Iyun．Pacidal;李麗芬;吳志揚;柯志恩;蔣乃辛;陳學聖;呂孫綾;鍾佳濱;江啟臣;何欣純;吳思瑤;黃國書;呂玉玲;管碧玲;徐榛蔚;張廖萬堅;王惠美;李彥秀;孔文吉;邱志偉;顏寬恒;張麗善;羅明才;鄭天財Sra．Kacaw;蘇巧慧;陳亭妃;盧秀燕;林俊憲;蕭美琴;陳怡潔;陳明文;黃偉哲;高金素梅;林靜儀;余宛如,
105/10/27,群賢樓801會議室,社會福利及衛生環境委員會,無,立法院第9屆第2會期社會福利及衛生環境委員會第6次全體委員會議,一、邀請行政院環境保護署署長列席報告業務概況，並備質詢。 二、繼續處理中華民國105年度中央政府總預算有關行政院環境保護署主管預算(公務預算)解凍案5案(詢答及處理)。 三、審查行政院函請審議(一)「水污染防治法第三十九條修正草案」、(二)「環境用藥管理法第四十五條修正草案」等2案。(詢答及逐條審查) ,洪慈庸;陳宜民;林靜儀;劉建國;陳曼麗;吳焜裕;王育敏;陳瑩;李彥秀;鍾孔炤;吳玉琴;林淑芬;蔣萬安;黃秀芳;黃國昌;邱泰源;盧秀燕;鄭運鵬;蕭美琴;陳歐珀;林昶佐;林俊憲;顏寬恒;施義芳;蔡易餘;莊瑞雄;劉世芳;徐榛蔚,
105/10/27,紅樓201會議室,交通委員會,無,立法院第9屆第2會期交通委員會第7次全體委員會議,(上午)一、邀請飛航安全調查委員會主任委員黃煌煇列席報告業務概況，並備質詢。二、審查106年度中央政府總預算案關於飛航安全調查委員會單位預算。(報告詢答及處理)(10月24日、26日及27日三天一次會),鄭寶清;陳歐珀;趙正宇;蕭美琴;顏寬恒;李昆澤;鄭天財Sra．Kacaw;林俊憲;葉宜津;陳素月;劉櫂豪;李鴻鈞;黃偉哲;江啟臣;陳怡潔;邱志偉;蔣乃辛;徐榛蔚;蔡易餘;楊鎮浯;王惠美;賴瑞隆;孔文吉;羅明才;何欣純;黃昭順;鄭運鵬;陳雪生,
105/10/27,九樓大禮堂,財政委員會,無,立法院第9屆第2會期財政委員會第8次全體委員會議,邀請金融監督管理委員會李主任委員瑞倉率所屬機關首長暨中央存款保險股份有限公司、監管相關機構有關之財團法人、臺灣證券交易所股份有限公司、臺灣期貨交易所股份有限公司、臺灣集中保管結算所股份有限公司等董事長、總經理列席業務報告，並備質詢。(105年10月24日及10月27日【兩天一次會】),曾銘宗;陳賴素美;賴士葆;盧秀燕;費鴻泰;黃國昌;邱泰源;施義芳;羅明才;余宛如;蔡易餘;蕭美琴;許毓仁;林德福;黃偉哲;王榮璋;顏寬恒;吳秉叡;徐榛蔚;劉世芳;王惠美;鄭天財Sra．Kacaw;賴瑞隆;邱志偉;鄭運鵬;鍾孔炤;江永昌,
105/10/27,紅樓302會議室,司法及法制委員會,無,立法院第9屆第2會期司法及法制委員會第7次全體委員會議,一、審查（一）時代力量黨團擬具「中華民國刑法第七條條文修正草案」、（二）委員許淑華等16人擬具「中華民國刑法第五條條文修正草案」、（三）委員許淑華等18人擬具「中華民國刑法第七條條文修正草案」、（四）委員呂玉玲等17人擬具「中華民國刑法第七條條文修正草案」及（五）委員林德福等18人擬具「中華民國刑法第五條及第七條條文修正草案」案。二、審查（一）委員黃昭順等21 人擬具「中華民國刑法增訂第一百八十九條之三、第一百八十九條之四及第一百八十九條之五條文草案」、（二）委員李鴻鈞等22人擬具「中華民國刑法增訂第一百八十九條之三條文草案」、（三）委員陳宜民等29 人擬具「中華民國刑法增訂第一百九十一條之二條文草案」、（四）委員江啟臣等25 人擬具「中華民國刑法增訂第一百八十二條之一條文草案」及（五）委員林俊憲等20人擬具「中華民國刑法增訂第一百八十二條之一條文草案」案。三、繼續併案審查（一）行政院函請審議「洗錢防制法修正草案」、（二）委員蔣萬安等26人擬具「洗錢防制法第十條條文修正草案」、（三）委員曾銘宗等18人擬具「洗錢防制法第三條及第十一條條文修正草案」、（四）委員許淑華等17人擬具「洗錢防制法第三條條文修正草案」、（五）委員呂玉玲等20人擬具「洗錢防制法第三條條文修正草案」、（六）委員徐國勇等19人擬具「洗錢防制法第三條條文修正草案」、（七）委員許淑華等17人擬具「洗錢防制法修正草案」、（八）親民黨黨團擬具「洗錢防制法第六條條文修正草案」及（九）委員段宜康等18人擬具「洗錢防制法部分條文修正草案」案。（10月26日及27日兩天一次會）,,
105/10/27,紅樓301會議室,外交及國防委員會,無,立法院第9屆第2會期外交及國防委員會第7次全體委員會議,一、邀請外交部部長李大維報告業務概況，並備質詢。 二、處理院會交付外交部105年度中央政府總預算決議凍結案等4案。 三、審查吳清波先生為請修正「護照條例」，使年滿60歲或65歲老人之申請護照規費減半或減免繳納等7件請願案。,陳亭妃;馬文君;徐志榮;江啟臣;林昶佐;蔡適應;王定宇;呂玉玲;劉世芳;羅致政;邱志偉;陳怡潔;呂孫綾;黃偉哲;柯志恩;陳歐珀;高金素梅;林俊憲;孔文吉;王育敏;徐榛蔚;蔡易餘;王惠美;蔣乃辛;羅明才;何欣純;顏寬恒;林麗蟬,
105/10/27,紅樓201會議室,交通委員會,無,立法院第9屆第2會期交通委員會第7次全體委員會議,(下午)一、繼續審查106年度中央政府總預算案關於國家通訊傳播委員會單位預算。二、繼續審查106年度中央政府總預算案附屬單位預算非營業部分關於國家通訊傳播委員會主管通訊傳播監督管理基金預算。三、繼續審查106年度中央政府總預算案附屬單位預算非營業部分關於國家通訊傳播委員會主管有線廣播電視事業發展基金預算。(以上3案業已詢答完畢)(10月24日、26日及27日三天一次會),,
105/10/31,九樓大禮堂,財政委員會,無,立法院第9屆第2會期財政委員會第9次全體委員會議,一、審查中華民國106年度中央政府總預算案有關主計總處。審計部、審計部臺北市審計處、審計部新北市審計處、審計部桃園市審計處、審計部臺中市審計處、審計部臺南市審計處、審計部高雄市審計處部分。二、審查本院委員王榮璋等19人擬具「預算法第二十八條及第二十九條條文修正草案」案。,曾銘宗;吳秉叡;賴士葆;黃國昌;余宛如;盧秀燕;費鴻泰;王榮璋;陳賴素美;邱泰源;施義芳;鄭天財Sra．Kacaw;吳志揚;廖國棟Sufin．Siluko;徐榛蔚;羅明才;黃偉哲;林俊憲;鄭運鵬;陳歐珀;蕭美琴;蔣乃辛;張麗善;林德福;管碧玲;王惠美;陳亭妃;邱志偉;顏寬恒;黃昭順;簡東明Uliw．Qaljupayare;何欣純;高金素梅;郭正亮;周陳秀霞;蔡易餘;江永昌,
105/10/31,紅樓301會議室,外交及國防委員會,無,立法院第9屆第2會期外交及國防委員會第8次全體委員會議,審查106年度中央政府總預算案關於國防部及所屬主管收支機密部分﹙不含國家安全局部分﹚。【報告及處理秘密，詢答（先秘密、後公開）】【10月31日、11月2日及3日三天一次會】 ,王定宇;蔡適應;林昶佐;劉世芳;馬文君;王定宇;蔡適應;羅致政;江啟臣;陳亭妃;周陳秀霞;馬文君;陳怡潔;賴士葆;林俊憲;黃偉哲;鄭運鵬;蕭美琴;陳歐珀;徐永明;吳志揚;林德福;廖國棟Sufin．Siluko;孔文吉;鄭天財Sra．Kacaw;徐榛蔚;張麗善;王惠美;蔣乃辛;邱志偉;黃昭順;顏寬恒;簡東明Uliw．Qaljupayare;何欣純;劉世芳;高金素梅;蔡易餘,
105/10/31,群賢樓801會議室,社會福利及衛生環境委員會,無,立法院第9屆第2會期社會福利及衛生環境委員會第6次全體委員會議,立法院第9屆第2會期社會福利及衛生環境委員會第7次全體委員會議 一、邀請行政院環境保護署署長列席報告業務概況，並備質詢。二、審查中華民國106年度中央政府總預算案有關行政院環境保護署主管預算(公務預算及基金)案。(預算詢答)三、繼續處理中華民國105年度中央政府總預算有關行政院環境保護署主管預算(公務預算)解凍案5案(詢答及處理)。四、審查行政院函請審議(一)「水污染防治法第三十九條條文草案」、(二)「環境用藥管理法刪除第四十五條條文草案」等2案。(詢答及逐條審查) ,洪慈庸;陳宜民;林靜儀;劉建國;陳曼麗;吳焜裕;王育敏;陳瑩;李彥秀;鍾孔炤;吳玉琴;林淑芬;蔣萬安;黃秀芳;黃國昌;邱泰源;盧秀燕;鄭運鵬;蕭美琴;陳歐珀;林昶佐;林俊憲;顏寬恒;施義芳;蔡易餘;莊瑞雄;劉世芳;徐榛蔚,
105/10/31,紅樓302會議室,司法及法制委員會,外交及國防委員會,立法院第9屆第2會期司法及法制、外交及國防委員會第1次聯席會議,審查委員段宜康等16人擬具「駐外外交領事人員任用條例第二條條文修正草案」案。,江啟臣;柯建銘;王定宇;羅致政;蔡適應;林德福;林昶佐;張宏陸;周春米;郭正亮;劉世芳;陳亭妃;周陳秀霞;許淑華;尤美女;賴士葆;鍾佳濱;林為洲;蔡易餘;黃偉哲;許毓仁;鄭運鵬;吳志揚;徐永明;段宜康;王惠美;廖國棟Sufin．Siluko;孔文吉;鄭天財Sra．Kacaw;張麗善;陳歐珀;蔣乃辛;邱志偉;黃昭順;顏寬恒;簡東明Uliw．Qaljupayare;何欣純;高金素梅;陳怡潔;林俊憲;蕭美琴;蔡適應,
105/10/31,群賢樓801會議室,社會福利及衛生環境委員會,無, 立法院第9屆第2會期社會福利及衛生環境委員會第7次全體委員會議,一、邀請行政院環境保護署署長列席報告業務概況，並備質詢。二、審查中華民國106年度中央政府總預算案有關行政院環境保護署主管預算(公務預算及基金)案。(預算詢答)三、繼續處理中華民國105年度中央政府總預算有關行政院環境保護署主管預算(公務預算)解凍案5案(詢答及處理)。四、審查行政院函請審議(一)「水污染防治法第三十九條條文草案」、(二)「環境用藥管理法刪除第四十五條條文草案」等2案。(詢答及逐條審查) ,洪慈庸;陳曼麗;李彥秀;林靜儀;吳焜裕;林淑芬;吳玉琴;黃秀芳;王育敏;陳宜民;蔣萬安;陳瑩;徐榛蔚;賴瑞隆;張麗善;黃昭順;許毓仁;邱泰源;蕭美琴;廖國棟Sufin．Siluko;劉世芳;江啟臣;劉建國;楊曜,
105/10/31,紅樓302會議室,司法及法制委員會,無,立法院第9屆第2會期司法及法制委員會第8次全體委員會議,一、邀請行政院人事行政總處人事長列席報告業務概況，並備質詢。二、審查106年度中央政府總預算案關於行政院人事行政總處及所屬主管收支部分。三、審查106年度中央政府總預算案附屬單位預算非營業部分關於行政院人事行政總處主管「中央公教人員急難救助基金」收支部分。,段宜康;周陳秀霞;林德福;周春米;尤美女;鍾佳濱;徐榛蔚;谷辣斯．尤達卡Kolas Yotaka;蔡易餘;林為洲;張宏陸;郭正亮;許毓仁;許淑華,
105/10/31,紅樓101會議室,經濟委員會,無,立法院第9屆第2會期經濟委員會第5次全體委員會議,審查106年度中央政府總預算案行政院歲入預算關於行政院國家發展基金賸餘繳庫部分暨國家發展委員會及所屬單位預算部分。(詢答)(10月31日、11月2日、3日三天一次會),廖國棟Sufin．Siluko;邱議瑩;黃偉哲;徐永明;孔文吉;王惠美;蘇治芬;高志鵬;張麗善;管碧玲;蘇震清;邱志偉;蕭美琴;郭正亮;徐榛蔚;高金素梅;鄭天財Sra．Kacaw;吳志揚;蔡易餘;鄭運鵬;林德福;劉世芳;賴士葆;陳歐珀;羅明才;黃昭順;顏寬恒;蔣乃辛;莊瑞雄;黃國書;鍾佳濱;陳亭妃;陳賴素美;簡東明Uliw．Qaljupayare;何欣純;賴瑞隆;高潞．以用．巴魕剌Kawlo．Iyun．Pacidal;周陳秀霞;盧秀燕;林俊憲;劉櫂豪;姚文智,
105/10/31,群賢樓101會議室,教育及文化委員會,無,立法院第9屆第2會期教育及文化委員會第9次全體委員會議,一、邀請文化部部長列席報告業務概況，並備質詢。二、處理中華民國105年度中央政府總預算案有關文化部主管預算（公務預算）解凍案20案。三、繼續處理中華民國105年度中央政府總預算案有關文化部主管預算（公務預算）解凍案1案。(10月31日及11月2日2天一次會),蘇巧慧;柯志恩;吳志揚;張廖萬堅;吳思瑤;鍾佳濱;蔣乃辛;黃國書;陳學聖;李麗芬;何欣純;許智傑;高金素梅;高潞．以用．巴魕剌Kawlo．Iyun．Pacidal;蘇治芬;蕭美琴;張麗善;盧秀燕;孔文吉;劉世芳;徐榛蔚;邱志偉;鄭天財Sra．Kacaw;賴瑞隆;廖國棟Sufin．Siluko;姚文智;羅明才;江啟臣;林德福;鄭運鵬;陳亭妃;林俊憲;黃偉哲;陳歐珀;管碧玲;王惠美;黃昭順;陳賴素美;顏寬恒;簡東明Uliw．Qaljupayare;谷辣斯．尤達卡Kolas Yotaka;尤美女;周陳秀霞;蔡易餘;徐永明,
105/10/31,紅樓201會議室,交通委員會,無,立法院第9屆第2會期交通委員會第8次全體委員會議,審查106年度中央政府總預算案關於行政院公共工程委員會單位預算。(詢答及處理),鄭寶清;趙正宇;李昆澤;鄭運鵬;林俊憲;陳歐珀;蕭美琴;鄭天財Sra．Kacaw;葉宜津;陳素月;顏寬恒;簡東明Uliw．Qaljupayare;李鴻鈞;劉櫂豪;徐永明;鍾佳濱;吳志揚;廖國棟Sufin．Siluko;王惠美;孔文吉;林德福;賴士葆;蔣乃辛;黃偉哲;羅明才;管碧玲;張麗善;陳亭妃;徐榛蔚;劉世芳;賴瑞隆;黃昭順;施義芳;何欣純;高金素梅;周陳秀霞;蔡易餘;邱志偉;徐榛蔚;施義芳,
105/10/31,紅樓202會議室,內政委員會,無,立法院第9屆第2會期內政委員會第9次全體委員會議,一、審查106年度中央政府總預算案關於行政院主管收支部分。二、審查行政院近3年「辦理政策宣導相關之廣告彙整表」共4案。,陳超明;李俊俋;陳怡潔;徐榛蔚;林麗蟬;莊瑞雄;洪宗熠;賴瑞隆;黃昭順;谷辣斯．尤達卡Kolas Yotaka;吳琪銘;鄭天財Sra．Kacaw;黃偉哲;鄭運鵬;林俊憲;陳歐珀;蕭美琴;葉宜津;徐永明;鍾佳濱;吳志揚;廖國棟Sufin．Siluko;孔文吉;林德福;江啟臣;賴士葆;蔣乃辛;劉世芳;羅明才;管碧玲;張麗善;陳亭妃;王惠美;邱志偉;顏寬恒;簡東明Uliw．Qaljupayare;何欣純;高金素梅;周陳秀霞;楊鎮浯;陳其邁;趙天麟;蔡易餘;姚文智,
105/11/01,紅樓201會議室,程序委員會,無,第9屆第2會期程序委員會第9次會議,審定本院第9屆第2會期第9次會議議事日程及人 民請願案,鍾孔炤;王育敏,
105/11/02,群賢樓801會議室,社會福利及衛生環境委員會,無,立法院第9屆第2會期社會福利及衛生環境委員會第8次全體委員會議,審查中華民國106年度中央政府總預算案有關衛生福利部主管預算(公務預算及基金)案。(預算詢答),洪慈庸;蔣萬安;李彥秀;陳宜民;陳曼麗;吳玉琴;黃秀芳;林靜儀;鍾佳濱;鍾孔炤;王育敏;陳瑩;劉建國;楊曜;黃昭順;黃國昌;盧秀燕;蕭美琴;吳焜裕;鄭天財Sra．Kacaw;李麗芬;鄭運鵬;江啟臣;黃偉哲;林俊憲;陳歐珀;賴士葆;林德福;蔣乃辛;邱志偉;徐榛蔚;陳明文;蔡易餘;羅明才;吳志揚;邱泰源;陳賴素美;呂玉玲;周陳秀霞;顏寬恒;林淑芬;高潞．以用．巴魕剌Kawlo．Iyun．Pacidal;余宛如;廖國棟Sufin．Siluko;吳秉叡;林淑芬;林淑芬,
105/11/02,紅樓101會議室,經濟委員會,無,立法院第9屆第2會期經濟委員會第5次全體委員會議,一、審查行政院函請審議「著作權法第九十八條條文修正草案」案。二、併案審查行政院函請審議「商標法第九十八條及第一百十一條條文修正草案」及本院委員徐國勇等17人、委員蘇震清等17人分別擬具「商標法第九十八條條文修正草案」案。三、審查行政院函請審議「礦業法第六十九條條文修正草案」、「能源管理法第二十條之一條文修正草案」及「光碟管理條例第十五條及第十七條條文修正草案」案。四、審查行政院函請審議「農會法部分條文修正草案」、「漁會法部分條文修正草案」、「森林法第五十一條及第五十二條條文修正草案」、「山坡地保育利用條例第三十四條條文修正草案」及「水土保持法第三十二條條文修正草案」案。(10月31日、11月2日、3日三天一次會),黃偉哲;廖國棟Sufin．Siluko;蔡培慧;徐永明;陳明文;邱志偉;蘇震清;管碧玲;陳亭妃;江啟臣;賴士葆;姚文智;葉宜津;盧秀燕;蘇巧慧;劉櫂豪;鄭天財Sra．Kacaw;曾銘宗;吳志揚;陳歐珀;林俊憲;鄭運鵬;李彥秀;劉世芳;蕭美琴;陳曼麗;鍾孔炤;林德福;莊瑞雄;徐榛蔚;賴瑞隆;蔡易餘;蔣乃辛;羅明才;馬文君;何欣純;陳賴素美;顏寬恒;高金素梅;周陳秀霞;呂玉玲;高潞．以用．巴魕剌Kawlo．Iyun．Pacidal,
105/11/02,紅樓301會議室,外交及國防委員會,無,立法院第9屆第2會期外交及國防委員會第8次全體委員會議,審查106年度中央政府總預算案關於國防部及所屬主管收支公開部分﹙不含國家安全局部分﹚。(詢答)【10月31日、11月2日及3日三天一次會】,蔡適應;陳亭妃;江啟臣;羅致政;王定宇;劉世芳;林昶佐;呂孫綾;馬文君;徐志榮;呂玉玲;邱志偉;陳歐珀;陳賴素美;林俊憲;顏寬恒;賴士葆;徐永明;盧秀燕;李彥秀;蕭美琴;黃昭順;林德福;黃偉哲;管碧玲;蔣乃辛;陳明文;蔡易餘;陳雪生;鄭運鵬;何欣純;周陳秀霞;高金素梅;吳志揚,
105/11/02,群賢樓101會議室,教育及文化委員會,無,立法院第9屆第2會期教育及文化委員會第9次全體委員會議,一、邀請國立故宮博物院院長就「數位服務、虛擬博物館、故宮推動教育服務與產業發展及其績效指標」、「故宮北部院區服務暨典藏空間整（擴）建說明」及「故宮授權與加值運用爭議處理與未來規劃」三議題作專題報告，並備質詢。二、審查106年度中央政府總預算案有關國立故宮博物院單位預算案。(僅進行詢答；相關提案請於11月9日下午17時前提出)。三、處理中華民國105年度中央政府總預算案有關國立故宮博物院主管預算（公務預算）解凍案6案。(10月31日及11月2日2天一次會),吳志揚;蘇巧慧;柯志恩;張廖萬堅;吳思瑤;鍾佳濱;蔣乃辛;黃國書;李麗芬;陳學聖;何欣純;高金素梅;許智傑;蔣萬安;賴士葆;姚文智;盧秀燕;蔡易餘;江啟臣;黃偉哲;鄭天財Sra．Kacaw;徐永明;陳歐珀;林俊憲;鄭運鵬;林德福;陳明文;邱志偉;鍾孔炤;徐榛蔚;羅明才;陳賴素美;周陳秀霞;呂玉玲;陳亭妃;高潞．以用．巴魕剌Kawlo．Iyun．Pacidal,
105/11/02,紅樓202會議室,內政委員會,無,立法院第9屆第2會期內政委員會第10次全體委員會議,一、邀請蒙藏委員會委員長林美珠率同所屬列席報告業務概況，並備質詢。二、邀請原住民族委員會主任委員夷將‧拔路兒率同所屬列席報告業務概況，並備質詢。三、審查105年度中央政府總預算有關蒙藏委員會預算凍結項目報告案1案。四、審查106年度中央政府總預算案關於蒙藏委員會收支部分。五、審查蒙藏委員會函送財團法人蒙藏基金會106年度預算書案。六、審查蒙藏委員會近3年「補、捐（獎）助其他政府機關、團體或個人經費報告表」共4案。七、審查蒙藏委員會近3年「辦理政策宣導相關之廣告彙整表」共2案。八、處理105年度中央政府總預算有關原住民族委員會及所屬預算凍結項目報告案計5案。九、處理105年度中央政府總預算有關財團法人原住民族文化事業基金會預算凍結項目報告案計1案。十、審查106年度中央政府總預算案關於原住民族委員會主管收支部分。十一、審查106年度中央政府總預算案關於原住民族文化發展中心主管收支部分。十二、審查106年度中央政府總預算案（含附屬單位預算及綜計表─非營業部分）關於原住民族委員會主管「原住民族綜合發展基金」收支部分。十三、審查原住民族委員會函送「財團法人原住民族文化事業基金會106年度預算書及相關資料案」案。十四、審查原住民族委員會及所屬近3年「補、捐（獎）助其他政府機關、團體或個人經費報告表」共4案。十五、審查原住民族委員會及所屬近3年「辦理政策宣導相關之廣告彙整表」共5案。（11月2日、3日，兩天一次會）,李俊俋;賴瑞隆;莊瑞雄;洪宗熠;黃昭順;陳其邁;徐榛蔚;谷辣斯．尤達卡Kolas Yotaka;簡東明Uliw．Qaljupayare;鄭天財Sra．Kacaw;姚文智;蕭美琴;高金素梅;林靜儀;廖國棟Sufin．Siluko;黃偉哲;鄭運鵬;江啟臣;劉櫂豪;林俊憲;高潞．以用．巴魕剌Kawlo．Iyun．Pacidal;蘇巧慧;盧秀燕;陳歐珀;吳志揚;李彥秀;曾銘宗;賴士葆;葉宜津;邱志偉;蘇震清;林德福;蔣乃辛;鍾孔炤;陳明文;羅明才;蔡易餘;陳雪生;何欣純;尤美女;顏寬恒;呂玉玲;周陳秀霞;徐永明;趙天麟;陳瑩;吳琪銘;鍾佳濱,
105/11/02,九樓大禮堂,財政委員會,無,立法院第9屆第2會期財政委員會第10次全體委員會議,審查本院時代力量黨團、委員王榮璋等27人分別擬具「納稅者權利保護法草案」案等2案。,黃國昌;吳秉叡;曾銘宗;賴士葆;盧秀燕;費鴻泰;王榮璋;邱泰源;余宛如;施義芳;羅明才;林淑芬;林德福;李彥秀;吳志揚;蕭美琴;黃偉哲;鄭運鵬;林俊憲;陳歐珀;黃昭順;蔣乃辛;邱志偉;徐榛蔚;陳明文;蔡易餘;呂玉玲;周陳秀霞;顏寬恒;陳賴素美;江永昌,
105/11/02,紅樓302會議室,司法及法制委員會,教育及文化委員會,立法院第9屆第2會期司法及法制、教育及文化委員會第1次聯席會議,併案審查委員柯志恩等16人及委員王定宇等28人分別擬具「學校教職員退休條例第十三條條文修正草案」案。,李麗芬;黃國書;蘇巧慧;吳思瑤;張宏陸;林德福;吳志揚;柯志恩;周陳秀霞;蔣乃辛;蔡易餘;尤美女;林為洲;周春米;鍾佳濱,
105/11/02,紅樓201會議室,交通委員會,無,立法院第9屆第2會期交通委員會第9次全體委員會議,審查106年度中央政府總預算案關於交通部單位預算。(詢答及處理),陳歐珀;鄭寶清;趙正宇;劉櫂豪;李昆澤;鄭運鵬;鄭天財Sra．Kacaw;簡東明Uliw．Qaljupayare;葉宜津;林俊憲;蕭美琴;陳素月;陳雪生;顏寬恒;李鴻鈞;江啟臣;鍾佳濱;賴瑞隆;鍾孔炤;施義芳;廖國棟Sufin．Siluko;吳志揚;黃昭順;曾銘宗;李彥秀;盧秀燕;賴士葆;黃偉哲;蘇震清;管碧玲;高潞．以用．巴魕剌Kawlo．Iyun．Pacidal;蔣乃辛;林德福;蘇巧慧;陳明文;羅明才;蔡易餘;徐榛蔚;呂孫綾;何欣純;陳賴素美;邱志偉;高金素梅;呂玉玲;周陳秀霞;羅致政;徐永明,
105/11/02,紅樓302會議室,司法及法制委員會,無,立法院第9屆第2會期司法及法制委員會第9次全體委員會議,審查委員柯志恩等18人擬具「公務人員退休法增訂第二十三條之一條文草案」案。,林德福;柯建銘;蔡易餘;張宏陸;郭正亮;林為洲;周春米;周陳秀霞;尤美女;陳亭妃;陳歐珀;鄭運鵬;林俊憲;黃偉哲;徐永明;柯志恩;賴士葆;吳志揚;盧秀燕;李彥秀;蕭美琴;黃昭順;劉世芳;邱志偉;管碧玲;蔣乃辛;陳明文;呂孫綾;馬文君;陳賴素美;何欣純;呂玉玲;高金素梅;顏寬恒;高潞．以用．巴魕剌Kawlo．Iyun．Pacidal,
105/11/03,紅樓302會議室,司法及法制委員會,無,立法院第9屆第2會期司法及法制委員會第10次全體委員會議,繼續併案審查（一）行政院函請審議「洗錢防制法修正草案」、（二）委員蔣萬安等26人擬具「洗錢防制法第十條條文修正草案」、（三）委員曾銘宗等18人擬具「洗錢防制法第三條及第十一條條文修正草案」、（四）委員許淑華等17人擬具「洗錢防制法第三條條文修正草案」、（五）委員呂玉玲等20人擬具「洗錢防制法第三條條文修正草案」、（六）委員徐國勇等19人擬具「洗錢防制法第三條條文修正草案」、（七）委員許淑華等17人擬具「洗錢防制法修正草案」、（八）親民黨黨團擬具「洗錢防制法第六條條文修正草案」及（九）委員段宜康等18人擬具「洗錢防制法部分條文修正草案」案。,,
105/11/03,紅樓101會議室,經濟委員會,無,立法院第9屆第2會期經濟委員會第5次全體委員會議,審查106年度中央政府總預算案關於行政院農業委員會及所屬單位預算部分。(詢答)(10月31日、11月2日、3日三天一次會),林岱樺;黃偉哲;邱議瑩;王惠美;廖國棟Sufin．Siluko;陳明文;徐永明;邱志偉;管碧玲;張麗善;高志鵬;蘇治芬;蘇震清;蔡培慧;施義芳;鄭天財Sra．Kacaw;江啟臣;余宛如;賴士葆;陳亭妃;盧秀燕;陳曼麗;高金素梅;吳焜裕;蕭美琴;徐榛蔚;劉建國;陳賴素美;黃秀芳;羅明才;鍾孔炤;林淑芬;林德福;葉宜津;高潞．以用．巴魕剌Kawlo．Iyun．Pacidal;周陳秀霞;鍾佳濱;蔡易餘;李彥秀;劉世芳;莊瑞雄,
105/11/03,紅樓301會議室,外交及國防委員會,無,立法院第9屆第2會期外交及國防委員會第8次全體委員會議,繼續審查106年度中央政府總預算案關於國防部及所屬主管收支公開部分﹙不含國家安全局部分﹚。（處理）【10月31日、11月2日及3日三天一次會】,,
105/11/03,紅樓202會議室,內政委員會,無,立法院第9屆第2會期內政委員會第10次全體委員會議,一、邀請蒙藏委員會委員長林美珠率同所屬列席報告業務概況，並備質詢。二、邀請原住民族委員會主任委員夷將‧拔路兒率同所屬列席報告業務概況，並備質詢。三、審查105年度中央政府總預算有關蒙藏委員會預算凍結項目報告案1案。四、審查106年度中央政府總預算案關於蒙藏委員會收支部分。五、審查蒙藏委員會函送財團法人蒙藏基金會106年度預算書案。六、審查蒙藏委員會近3年「補、捐（獎）助其他政府機關、團體或個人經費報告表」共4案。七、審查蒙藏委員會近3年「辦理政策宣導相關之廣告彙整表」共2案。八、處理105年度中央政府總預算有關原住民族委員會及所屬預算凍結項目報告案計5案。九、處理105年度中央政府總預算有關財團法人原住民族文化事業基金會預算凍結項目報告案計1案。十、審查106年度中央政府總預算案關於原住民族委員會主管收支部分。十一、審查106年度中央政府總預算案關於原住民族文化發展中心主管收支部分。十二、審查106年度中央政府總預算案（含附屬單位預算及綜計表─非營業部分）關於原住民族委員會主管「原住民族綜合發展基金」收支部分。十三、審查原住民族委員會函送「財團法人原住民族文化事業基金會106年度預算書及相關資料案」案。十四、審查原住民族委員會及所屬近3年「補、捐（獎）助其他政府機關、團體或個人經費報告表」共4案。十五、審查原住民族委員會及所屬近3年「辦理政策宣導相關之廣告彙整表」共5案。（11月2日、3日，兩天一次會）,,
105/11/03,群賢樓801會議室,社會福利及衛生環境委員會,無,立法院第9屆第2會期社會福利及衛生環境委員會第9次全體委員會議,立法院第9屆第2會期社會福利及衛生環境委員會第9次全體委員會議一、邀請衛生福利部、勞動部、原住民族委員會、教育部、內政部營建署就「原住民族長期照顧整體規劃」列席報告，並備質詢。(詢答)二、邀請衛生福利部、原住民族委會就「長期照顧2.0整體規劃事項、長照據點A、B、C試辦籌備進度與失能身心障礙者之服務規劃」列席報告，並備質詢。(詢答)三、審查本院委員陳瑩等16人擬具「老人福利法第二條條文修正草案」案。(詢答及逐條審查)四、審查行政院函請審議(一)「醫師法第二十八條修正草案」、(二)「物理治療師法第三十二條修正草案」、(三) 「醫事放射師法第三十四條修正草案」、(四)「醫事檢驗師法第三十三條修正草案」、(五)「心理師法第四十三條修正草案」、(六)「呼吸治療師法第十八條修正草案」、(七)「助產人員法第三十六條修正草案」等7案。(詢答及逐條審查),洪慈庸;林靜儀;吳焜裕;陳瑩;吳玉琴;劉建國;蔣萬安;李彥秀;陳宜民;黃秀芳;蘇巧慧;王育敏;陳曼麗;鍾孔炤;曾銘宗;王榮璋;林淑芬;楊曜;邱泰源;高金素梅;賴士葆;廖國棟Sufin．Siluko;鄭天財Sra．Kacaw;盧秀燕;王惠美;徐榛蔚;陳賴素美;邱志偉;張麗善;羅明才;鍾佳濱;高潞．以用．巴魕剌Kawlo．Iyun．Pacidal;周陳秀霞;黃偉哲;吳秉叡,
105/11/03,九樓大禮堂,財政委員會,無,立法院第9屆第2會期財政委員會第11次全體委員會議,邀請財政部許部長虞哲、衛生福利部次長、勞動部次長、行政院原住民族委員會副主任委員就「公益彩券經銷商管理與人頭戶查核情形、公益彩券盈餘與回饋金款項運用情形」進行專題報告，並備質詢。,吳秉叡;曾銘宗;黃國昌;賴士葆;余宛如;盧秀燕;王榮璋;邱泰源;鍾佳濱;施義芳;費鴻泰;陳賴素美;羅明才;黃偉哲;林德福;徐榛蔚;邱志偉;張麗善;王惠美;周陳秀霞;林淑芬;江永昌;鄭天財Sra．Kacaw,
105/11/07,群賢樓801會議室,社會福利及衛生環境委員會,無,立法院第9屆第2會期社會福利及衛生環境委員會第10次全體委員會議,一、邀請衛生福利部部長就「全民健康保險調整部分負擔以落實分級醫療之可行性暨相關配套措施」列席報告，並備質詢。 二、邀請衛生福利部次長、行政院農業委員會副主任委員、外交部次長、經濟部次長、行政院原子能委員會副主任委員就「嚴格管制日本輸入食品之衛生安全-跨部會赴日實地勘查報告」列席報告，並備質詢。  ,陳曼麗;林靜儀;洪慈庸;吳玉琴;吳焜裕;劉建國;陳宜民;鍾孔炤;王育敏;李彥秀;蔣萬安;黃秀芳;王榮璋;邱議瑩;林淑芬;黃國昌;高金素梅;盧秀燕;廖國棟Sufin．Siluko;楊曜;吳志揚;鄭天財Sra．Kacaw;江啟臣;鍾佳濱;陳瑩;林德福;邱志偉;顏寬恒;徐榛蔚;邱泰源;蔣乃辛;黃昭順;莊瑞雄;呂玉玲;黃偉哲;陳賴素美;蕭美琴;林俊憲;羅明才;賴士葆;王惠美;張麗善;羅致政;吳秉叡,
105/11/07,九樓大禮堂,財政委員會,無,立法院第9屆第2會期財政委員會第12次全體委員會議,審查中華民國106年度中央政府總預算案有關財政部及所屬單位歲入預算部分暨國有財產署及所屬歲出預算部分。(11月7日、11月9日及11月10日【三天一次會】),曾銘宗;吳秉叡;黃國昌;賴士葆;盧秀燕;費鴻泰;余宛如;王榮璋;邱泰源;施義芳;林俊憲;林德福;顏寬恒;吳志揚;鄭天財Sra．Kacaw;江啟臣;林昶佐;黃偉哲;張麗善;徐榛蔚;蔣乃辛;黃昭順;莊瑞雄;呂玉玲;邱志偉;蕭美琴;陳賴素美;高金素梅;王惠美;羅明才;江永昌,
105/11/07,紅樓302會議室,司法及法制委員會,無,立法院第9屆第2會期司法及法制委員會第11次全體委員會議,一、邀請法務部部長列席就「我國保外就醫及特(大)赦檢討」進行專題報告，並備質詢。二、邀請法務部部長列席報告業務概況，並備質詢。三、審查106年度中央政府總預算案關於法務部及所屬主管收支部分。（11月7日及9日兩天一次會）,林德福;柯建銘;段宜康;許淑華;周春米;張宏陸;周陳秀霞;郭正亮;王育敏;鍾佳濱;江啟臣;尤美女;孔文吉;徐永明;蔡易餘;鄭天財Sra．Kacaw;李彥秀;廖國棟Sufin．Siluko;陳怡潔;蕭美琴;盧秀燕;張麗善;呂玉玲;吳志揚;邱志偉;徐榛蔚;陳賴素美;蔣乃辛;莊瑞雄;林俊憲;陳明文;何欣純;王惠美;高金素梅;顏寬恒;蔡適應;黃偉哲;林為洲;劉櫂豪;劉世芳,
105/11/07,紅樓201會議室,交通委員會,無,立法院第9屆第2會期交通委員會第10次全體委員會議,繼續審查106年度中央政府總預算案關於交通部單位預算。(預算處理),,
105/11/07,群賢樓101會議室,教育及文化委員會,無,立法院第9屆第2會期教育及文化委員會第10次全體委員會議,一、邀請教育部部長列席報告業務概況，並備質詢。二、繼續處理中華民國105年度中央政府總預算案有關教育部主管預算（公務預算）解凍案29案。(報告及詢答完畢) (11月7日.9日及10日3天一次會),張廖萬堅;柯志恩;蘇巧慧;高潞．以用．巴魕剌Kawlo．Iyun．Pacidal;吳思瑤;吳志揚;李麗芬;鍾佳濱;蔣乃辛;何欣純;黃國書;高金素梅;許智傑;陳學聖;段宜康;顏寬恒;鄭天財Sra．Kacaw;蘇治芬;林靜儀;蕭美琴;鍾孔炤;曾銘宗;陳賴素美;谷辣斯．尤達卡Kolas Yotaka;吳秉叡;黃偉哲;孔文吉;徐永明;張麗善;江啟臣;林德福;廖國棟Sufin．Siluko;吳焜裕;徐榛蔚;羅致政;陳明文;邱志偉;黃昭順;莊瑞雄;呂玉玲;賴瑞隆;羅明才;林俊憲;李彥秀;王惠美;劉建國;盧秀燕,
105/11/07,紅樓101會議室,經濟委員會,無,立法院第9屆第2會期經濟委員會第6次全體委員會議,審查106年度中央政府總預算案關於經濟部及所屬單位預算部分。（詢答）,林岱樺;廖國棟Sufin．Siluko;邱議瑩;黃偉哲;徐永明;孔文吉;張麗善;蘇震清;陳明文;邱志偉;管碧玲;蘇治芬;王惠美;曾銘宗;蕭美琴;黃國昌;鄭天財Sra．Kacaw;高潞．以用．巴魕剌Kawlo．Iyun．Pacidal;陳曼麗;盧秀燕;劉櫂豪;吳焜裕;蔡培慧;陳怡潔;鍾佳濱;江啟臣;李彥秀;林德福;吳志揚;徐榛蔚;呂玉玲;黃昭順;賴瑞隆;陳賴素美;莊瑞雄;蔣乃辛;羅明才;林俊憲;姚文智;黃國書;何欣純;顏寬恒;高金素梅;谷辣斯．尤達卡Kolas Yotaka;劉建國;鍾孔炤;高志鵬,
105/11/07,紅樓202會議室,內政委員會,無,立法院第9屆第2會期內政委員會第11次全體委員會議,邀請行政院大陸委員會主任委員張小月、財團法人海峽交流基金會董事長田弘茂、內政部部長葉俊榮、法務部次長、交通部次長、教育部次長、衛生福利部次長、經濟部次長、財政部次長、行政院農業委員會副主任委員、金融監督管理委員會副主任委員、行政院原子能委員會副主任委員就「今年總統大選以來兩岸互動交流急凍，新政府因應作為及如何重啟官方協商機制」進行專題報告，並備質詢。,李俊俋;陳怡潔;莊瑞雄;陳超明;賴瑞隆;黃昭順;林麗蟬;洪宗熠;谷辣斯．尤達卡Kolas Yotaka;徐榛蔚;鍾佳濱;楊鎮浯;邱志偉;姚文智;江啟臣;黃偉哲;孔文吉;羅致政;徐永明;曾銘宗;廖國棟Sufin．Siluko;劉世芳;盧秀燕;吳志揚;李彥秀;鄭天財Sra．Kacaw;林德福;張麗善;陳明文;劉櫂豪;呂玉玲;蔣乃辛;林俊憲;蕭美琴;羅明才;何欣純;高金素梅;顏寬恒;周陳秀霞;陳其邁;吳琪銘,
105/11/07,紅樓101會議室,經濟委員會,無,立法院第9屆第2會期經濟委員會第7次全體委員會議,邀請經濟部部長率台灣中油股份有限公司及台灣電力股份有限公司董事長與總經理針對公司未來擬推動之重大政策及改革計畫進行報告，並備質詢。,徐永明;王惠美;陳明文;高志鵬;林岱樺;張麗善;邱志偉;黃偉哲;蔡培慧;廖國棟Sufin．Siluko;管碧玲;黃國昌;蕭美琴;鄭天財Sra．Kacaw;江永昌;徐榛蔚;谷辣斯．尤達卡Kolas Yotaka;蘇治芬;鍾佳濱,
105/11/07,紅樓301會議室,外交及國防委員會,無,立法院第9屆第2會期外交及國防委員會第9次全體委員會議 , 邀請國家安全局局長彭勝竹率相關情報機關首長提出「國家情報工作暨國家安全局業務報告」，並備質詢。【報告秘密，詢答（先秘密、後公開）】 (11月7日、9日、10日三天一次會),王定宇;江啟臣;蔡適應;羅致政;林昶佐;劉世芳;呂玉玲;徐志榮;馬文君;呂孫綾;陳怡潔;黃偉哲;孔文吉;邱志偉;李彥秀;王育敏;鄭天財Sra．Kacaw;廖國棟Sufin．Siluko;吳志揚;盧秀燕;張麗善;陳明文;徐永明;陳賴素美;徐榛蔚;蔣乃辛;林俊憲;蕭美琴;何欣純;張宏陸;王惠美;高金素梅;顏寬恒;周陳秀霞;鍾佳濱;林德福,
105/11/08,紅樓201會議室,程序委員會,無,第9屆第2會期程序委員會第10次會議,審定本院第9屆第2會期第10次會議議事日程及人 民請願案,鍾孔炤;李彥秀;王育敏;江啟臣;賴士葆,
105/11/09,群賢樓101會議室,教育及文化委員會,無,立法院第9屆第2會期教育及文化委員會第10次全體委員會議,(下午)邀請文化部部長、行政院農業委員會首長專題報告「如何解決新版文資法上路後所衍生之爭議」，並備質詢。(11月7日.9日及10日3天一次會),黃國書;高金素梅;李麗芬;何欣純;柯志恩;高潞．以用．巴魕剌Kawlo．Iyun．Pacidal;吳思瑤;許智傑;蔣乃辛;鍾佳濱;陳宜民;姚文智;陳學聖,
105/11/09,群賢樓801會議室,社會福利及衛生環境委員會,無,立法院第9屆第2會期社會福利及衛生環境委員會第11次全體委員會議,立法院第9屆第2會期社會福利及衛生環境委員會第11次全體委員會議(議程更新)(11月9日上午9時至12時)勘驗105年10月5日社會福利及衛生環境委員會第4次全體委員會議之錄影錄音。(11月9日下午2時起至11月10日)一、邀請行政院環境保護署署長列席報告業務概況，並備質詢。二、繼續處理中華民國105年度中央政府總預算有關行政院環境保護署主管預算(公務預算)解凍案5案(詢答及處理)。三、審查行政院函請審議(一)「水污染防治法第三十九條條文修正草案」、(二)「環境用藥管理法刪除第四十五條條文草案」等2案。(詢答及逐條審查)四、審查中華民國106年度中央政府總預算案有關行政院環境保護署主管預算(公務預算及基金)案。(詢答及處理),洪慈庸;楊曜;林靜儀;李彥秀;吳焜裕;林淑芬;陳曼麗;陳宜民;劉建國;蔣萬安;陳瑩;王育敏;黃秀芳;賴瑞隆;鍾孔炤;尤美女;邱泰源;徐榛蔚;吳玉琴;蕭美琴,
105/11/09,紅樓101會議室,經濟委員會,無,立法院第9屆第2會期經濟委員會第8次全體委員會議,繼續審查106年度中央政府總預算案關於經濟部及所屬單位預算部分。（處理）(11月9日、10日二天一次會),,
105/11/09,紅樓202會議室,內政委員會,無,立法院第9屆第2會期內政委員會第12次全體委員會議,一、邀請中央選舉委員主任委員劉義周列席報告業務概況，並備質詢(含上會期臨時提案辦理情形)。 二、審查106年度中央政府總預算案關於中央選舉委員會及所屬收支部分。 三、審查中央選舉委員會及所屬近3年「辦理政策宣導相關廣告執行情形」共5案。(11月9日及10日兩天一次會),林麗蟬;楊鎮浯;陳怡潔;趙天麟;賴瑞隆;李俊俋;黃昭順;莊瑞雄;江啟臣;陳超明;洪宗熠;谷辣斯．尤達卡Kolas Yotaka;趙正宇;鄭天財Sra．Kacaw;蕭美琴;陳歐珀;鍾佳濱;鄭運鵬;林俊憲;孔文吉;徐榛蔚;曾銘宗;顏寬恒;盧秀燕;劉世芳;徐永明;黃偉哲;邱志偉;陳明文;陳亭妃;蔣乃辛;鍾孔炤;張麗善;陳賴素美;呂玉玲;周陳秀霞;羅明才;何欣純;陳其邁;廖國棟Sufin．Siluko;姚文智,
105/11/09,九樓大禮堂,財政委員會,無,立法院第9屆第2會期財政委員會第12次全體委員會議,一、邀請中央銀行彭總裁淮南率所屬單位主管暨財金資訊股份有限公司董事長列席業務報告，並備質詢。二、審查中華民國106年度中央政府總預算案行政院歲入預算有關中央銀行股息紅利繳庫部分。(11月7日、11月9日及11月10日【三天一次會】),吳秉叡;曾銘宗;黃國昌;賴士葆;余宛如;盧秀燕;王榮璋;費鴻泰;邱泰源;陳賴素美;施義芳;羅明才;林德福;劉世芳;江啟臣;邱志偉;陳怡潔;黃偉哲;孔文吉;顏寬恒;鄭天財Sra．Kacaw;蔣乃辛;鍾孔炤;徐永明;陳歐珀;賴瑞隆;陳明文;陳亭妃;黃昭順;徐榛蔚;高潞．以用．巴魕剌Kawlo．Iyun．Pacidal;呂玉玲;何欣純;周陳秀霞;簡東明Uliw．Qaljupayare;廖國棟Sufin．Siluko;江永昌,
105/11/09,紅樓201會議室,交通委員會,無,立法院第9屆第2會期交通委員會第11次全體委員會議,審查106年度中央政府總預算案關於交通部中央氣象局單位預算。(詢答及處理),鄭寶清;趙正宇;顏寬恒;鄭運鵬;李昆澤;林俊憲;陳歐珀;鄭天財Sra．Kacaw;蕭美琴;陳素月;李鴻鈞;簡東明Uliw．Qaljupayare;葉宜津;鍾佳濱;孔文吉;曾銘宗;江啟臣;盧秀燕;劉世芳;徐永明;賴瑞隆;邱志偉;陳明文;陳亭妃;蔣乃辛;鍾孔炤;徐榛蔚;黃昭順;張麗善;陳賴素美;呂玉玲;周陳秀霞;羅明才;何欣純;谷辣斯．尤達卡Kolas Yotaka;廖國棟Sufin．Siluko;黃偉哲;劉櫂豪,
105/11/09,紅樓302會議室,司法及法制委員會,無,立法院第9屆第2會期司法及法制委員會第12次全體委員會議,審查委員顏寬恒等19人擬具「民法第一百九十四條條文修正草案」案。,林德福;張宏陸;周春米;許毓仁;周陳秀霞;許淑華;尤美女;黃偉哲;林為洲;蔡易餘;孔文吉;林俊憲;顏寬恒;曾銘宗;盧秀燕;陳怡潔;劉世芳;徐永明;邱志偉;賴瑞隆;陳明文;陳亭妃;蔣乃辛;徐榛蔚;黃昭順;呂玉玲;張麗善;陳賴素美;羅明才;郭正亮;陳歐珀;鍾佳濱;江啟臣;廖國棟Sufin．Siluko;段宜康,
105/11/09,紅樓301會議室,外交及國防委員會,無,立法院第9屆第2會期外交及國防委員會第9次全體委員會議 , 審查106年度中央政府總預算案關於僑務委員會主管收支部分。（上午詢答，下午處理）(11月7日、9日、10日三天一次會),羅致政;蔡適應;林昶佐;江啟臣;王定宇;陳亭妃;呂玉玲;劉世芳;呂孫綾;鍾佳濱;邱志偉;孔文吉;林俊憲;顏寬恒;曾銘宗;盧秀燕;林德福;陳怡潔;徐永明;賴瑞隆;黃偉哲;陳明文;蔣乃辛;徐榛蔚;黃昭順;張麗善;陳賴素美;周陳秀霞;羅明才;蔡易餘;馬文君;陳歐珀,
105/11/09,群賢樓101會議室,教育及文化委員會,無,立法院第9屆第2會期教育及文化委員會第10次全體委員會議,(上午)邀請中央研究院院長列席報告業務概況，並備質詢。(11月7日.9日及10日3天一次會),蘇巧慧;張廖萬堅;柯志恩;吳志揚;吳思瑤;黃國書;李麗芬;鍾佳濱;蔣乃辛;高潞．以用．巴魕剌Kawlo．Iyun．Pacidal;何欣純;許智傑;陳亭妃;孔文吉;劉世芳;黃國昌;盧秀燕;黃偉哲;陳怡潔;鄭天財Sra．Kacaw;江啟臣;高金素梅;顏寬恒;林德福;徐永明;邱志偉;鍾孔炤;賴瑞隆;陳明文;陳歐珀;黃昭順;徐榛蔚;陳賴素美;羅明才;呂玉玲;周陳秀霞;簡東明Uliw．Qaljupayare;廖國棟Sufin．Siluko;陳學聖,
105/11/10,紅樓202會議室,內政委員會,無,立法院第9屆第2會期內政委員會第12次全體委員會議,一、繼續審查106年度中央政府總預算案關於內政部警政署及所屬、中央警察大學、消防署及所屬、役政署、移民署、空中勤務總隊收支部分。(僅處理役政署、移民署、空中勤務總隊提案)二、審查106年度中央政府總預算案（含附屬單位預算及綜計表─非營業部分）關於內政部主管「新住民發展基金」、「研發及產業訓儲替代役基金」收支部分。(11月9日及10日兩天一次會),,
105/11/10,紅樓201會議室,交通委員會,無,立法院第9屆第2會期交通委員會第12次全體委員會議,審查106年度中央政府總預算案關於交通部公路總局及所屬單位預算。（詢答及處理）,鄭寶清;趙正宇;鄭運鵬;李昆澤;劉櫂豪;林俊憲;鄭天財Sra．Kacaw;陳歐珀;葉宜津;陳素月;蕭美琴;陳雪生;簡東明Uliw．Qaljupayare;李鴻鈞;鍾佳濱;江啟臣;邱志偉;吳志揚;陳亭妃;黃昭順;徐榛蔚;孔文吉;何欣純;馬文君;劉世芳;徐永明;呂玉玲;蔣乃辛;廖國棟Sufin．Siluko;張麗善;莊瑞雄;王惠美;高金素梅;黃偉哲;羅明才,
105/11/10,群賢樓101會議室,教育及文化委員會,無,立法院第9屆第2會期教育及文化委員會第10次全體委員會議,(下午)繼續處理中華民國105年度中央政府總預算案有關教育部主管預算（公務預算）解凍案6案。(報告及詢答完畢)(11月7日.9日及10日3天一次會),,
105/11/10,紅樓301會議室,外交及國防委員會,無,立法院第9屆第2會期外交及國防委員會第9次全體委員會議 , 一、邀請外交部部長李大維、駐日代表謝長廷、亞東關係協會會長邱義仁、科技部次長、行政院農業委員會漁業署副署長、行政院海岸巡防署副署長報告「『第一屆台日海洋事務合作對話會議』先期準備、進行過程、會議成果，及後續針對台日爭議海權我國相關因應之作為」，並備質詢。 二、審查106年度中央政府總預算案關於外交部主管收支公開部分。（詢答）(11月7日、9日、10日三天一次會),蔡適應;羅致政;江啟臣;林昶佐;王定宇;劉世芳;呂玉玲;馬文君;陳亭妃;徐志榮;鍾佳濱;盧秀燕;王育敏;陳歐珀;管碧玲;趙天麟;黃昭順;徐榛蔚;孔文吉;呂孫綾;莊瑞雄;高金素梅;蔣乃辛;谷辣斯．尤達卡Kolas Yotaka;張麗善;廖國棟Sufin．Siluko;蔡易餘;許毓仁;徐永明;王惠美;何欣純;蕭美琴;鄭運鵬;黃偉哲;吳志揚;李昆澤;姚文智;葉宜津;羅明才;李彥秀;邱志偉,
105/11/10,九樓大禮堂,財政委員會,無,立法院第9屆第2會期財政委員會第12次全體委員會議,一、邀請金融監督管理委員會李主任委員瑞倉就「現行股市量能流失之具體因應辦法」進行專題報告，並備質詢。二、審查本院委員賴士葆等21人擬具「證券交易法第四十三條之一條文修正草案」案、本院時代力量黨團擬具「證券交易法第四十三條之四、第四十三條之五及第一百七十一條條文修正草案」案、本院親民黨黨團擬具「證券交易法第四十三條之四及第一百七十四條條文修正草案」案、本院委員曾銘宗等16人擬具「證券交易法第二十八條之四條文修正草案」案等4案。(11月7日、11月9日及11月10日【三天一次會】),曾銘宗;吳秉叡;黃國昌;賴士葆;盧秀燕;王榮璋;施義芳;邱泰源;余宛如;陳賴素美;費鴻泰;鄭運鵬;陳歐珀;吳志揚;徐榛蔚;蔡易餘;蔣乃辛;徐永明;邱志偉;呂玉玲;廖國棟Sufin．Siluko;張麗善;王惠美;趙天麟;李鴻鈞;黃偉哲;黃昭順;江永昌;林德福;羅明才,
105/11/10,群賢樓801會議室,社會福利及衛生環境委員會,無,立法院第9屆第2會期社會福利及衛生環境委員會第11次全體委員會議,(11月9日下午2時起至11月10日)一、邀請行政院環境保護署署長列席報告業務概況，並備質詢。二、繼續處理中華民國105年度中央政府總預算有關行政院環境保護署主管預算(公務預算)解凍案5案(詢答及處理)。三、審查行政院函請審議(一)「水污染防治法第三十九條條文修正草案」、(二)「環境用藥管理法刪除第四十五條條文草案」等2案。(詢答及逐條審查)四、審查中華民國106年度中央政府總預算案有關行政院環境保護署主管預算(公務預算及基金)案。(詢答及處理),,
105/11/10,紅樓302會議室,司法及法制委員會,無,立法院第9屆第2會期司法及法制委員會第12次全體委員會議,繼續審查106年度中央政府總預算案關於法務部及所屬主管收支部分。,,
105/11/10,群賢樓101會議室,教育及文化委員會,無,立法院第9屆第2會期教育及文化委員會第10次全體委員會議,(上午)審查106年度中央政府總預算案有關行政院原子能委員會及所屬單位預算案。(僅進行詢答；相關提案請於11月18日下午5時前提出)(11月7日.9日及10日3天一次會),吳志揚;柯志恩;張廖萬堅;蘇巧慧;吳思瑤;鍾佳濱;鄭天財Sra．Kacaw;黃國書;蔣乃辛;許智傑;李麗芬;何欣純;高潞．以用．巴魕剌Kawlo．Iyun．Pacidal;高金素梅;盧秀燕;黃昭順;鄭運鵬;陳歐珀;孔文吉;徐榛蔚;陳亭妃;邱志偉;徐永明;廖國棟Sufin．Siluko;蔡易餘;呂玉玲;吳秉叡;張麗善;王惠美;谷辣斯．尤達卡Kolas Yotaka;羅明才;黃偉哲;尤美女;陳學聖,
105/11/10,紅樓101會議室,經濟委員會,無,立法院第9屆第2會期經濟委員會第8次全體委員會議,繼續審查106年度中央政府總預算案關於經濟部及所屬單位預算部分。（處理）(11月9日、10日二天一次會),,
105/11/14,紅樓301會議室,外交及國防委員會,無,立法院第9屆第2會期外交及國防委員會第10次全體委員會議,邀請外交部部長李大維、國家安全局局長彭勝竹、國防部副部長、僑務委員會副委員長、經濟部次長、國家發展委員會副主任委員、金融監督管理委員會副主任委員、行政院大陸委員會副主任委員報告「美國總統暨國會大選結果對我國之影響評估」，並備質詢。,蔡適應;江啟臣;陳亭妃;羅致政;林昶佐;王定宇;劉世芳;呂玉玲;徐志榮;馬文君;王育敏;呂孫綾;陳怡潔;林俊憲;賴瑞隆;孔文吉;賴士葆;徐永明;曾銘宗;林德福;陳明文;陳歐珀;黃昭順;張麗善;徐榛蔚;簡東明Uliw．Qaljupayare;羅明才;陳賴素美;周陳秀霞;谷辣斯．尤達卡Kolas Yotaka;吳志揚;高金素梅;邱志偉;蕭美琴,
105/11/14,紅樓101會議室,經濟委員會,無,立法院第9屆第2會期經濟委員會第9次全體委員會議,繼續審查106年度中央政府總預算案行政院歲入預算關於行政院國家發展基金賸餘繳庫部分暨國家發展委員會及所屬單位預算部分。(處理)(11月14日、16日、17日三天一次會),,
105/11/14,紅樓202會議室,內政委員會,無,立法院第9屆第2會期內政委員會第13次全體委員會議,一、「國家安全法」： （一）審查行政院函請審議「國家安全法第五條及第七條條文修正草案」案。 （二）審查本院委員蕭美琴等25人擬具「國家安全法增訂第五條之二條文草案」案。 （三）審查本院委員劉世芳等16人擬具「國家安全法第五條之一條文修正草案」案。 二、「保全業法」： （一）審查行政院函請審議「保全業法第十條之一條文修正草案」案。 （二）審查本院委員盧秀燕等34人擬具「保全業法第十條之一條文修正草案」案。 （三）審查本院委員鄭天財等18人擬具「保全業法第十條之一條文修正草案」案。 三、「營造業法」： （一）審查本院委員段宜康等19人擬具「營造業法第三十條及第六十二條條文修正草案」案。 （二）審查本院委員李彥秀等16人擬具「營造業法第三十條及第六十二條條文修正草案」案。 四、「住宅法」： （一）繼續審查行政院函請審議「住宅法修正草案」案。 （二）繼續審查本院委員吳思瑤等16人擬具「住宅法第二十條、第二十四條之一及第二十四條之二條文修正草案」案。 （三）繼續審查本院委員賴瑞隆等17人擬具「住宅法部分條文修正草案」案。 （四）繼續審查本院委員鄭寶清等22人擬具「住宅法第二十三條條文修正草案」案。 （五）繼續審查本院委員吳玉琴等26人擬具「住宅法修正草案」案。 （六）繼續審查本院親民黨黨團擬具「住宅法部分條文修正草案」案。 （七）繼續審查本院委員姚文智等16人擬具「住宅法部分條文修正草案」。 （八）繼續審查本院委員李麗芬等24人擬具「住宅法第四條條文修正草案」案。 （九）審查本院委員尤美女等22人擬具「住宅法部分條文修正草案」案。 （十）審查本院委員王育敏等20人擬具「住宅法第三條、第四條及第十二條條文修正草案」案。 （十一）審查本院委員林為洲等17人擬具「住宅法第三條及第四條條文修正草案」案。 （十二）審查本院委員趙天麟等16人擬具「住宅法修正草案」案。,莊瑞雄;賴瑞隆;陳怡潔;林麗蟬;黃昭順;李俊俋;陳超明;徐榛蔚;洪宗熠;陳其邁;谷辣斯．尤達卡Kolas Yotaka;蕭美琴;趙正宇;葉宜津;鄭天財Sra．Kacaw;施義芳;邱志偉;趙天麟;姚文智;吳玉琴;高金素梅;劉世芳;孔文吉;徐永明;賴士葆;張麗善;林德福;吳琪銘;呂玉玲;簡東明Uliw．Qaljupayare;李彥秀;羅明才;陳賴素美;周陳秀霞;陳雪生;吳志揚;江啟臣;盧秀燕;鄭運鵬;陳歐珀;段宜康;林俊憲;陳明文,
105/11/14,群賢樓101會議室,社會福利及衛生環境委員會,無,立法院第9屆第2會期社會福利及衛生環境委員會第12次全體委員會議,繼續審查(一)行政院函請審議「勞動基準法部分條文修正草案」、(二)本院委員王育敏等17人擬具「勞動基準法第三十八條條文修正草案」、(三)民進黨黨團擬具「勞動基準法第三十九條條文修正草案」、(四)時代力量黨團擬具「勞動基準法部分條文修正草案」、(五)親民黨黨團擬具「勞動基準法第三十六條、第七十四條及第七十九條條文修正草案」、(六)委員鍾孔炤等17人擬具「勞動基準法第三十八條條文修正草案 」、(七)委員林淑芬等18人擬具「勞動基準法第三十八條及第七十九條條文修正草案」等7案。(報告並詢答),林靜儀;劉建國;洪慈庸;吳玉琴;王育敏;陳曼麗;陳宜民;李彥秀;蔣萬安;鍾孔炤;黃秀芳;陳瑩;楊曜;吳秉叡;林麗蟬;劉世芳;鄭天財Sra．Kacaw;鄭運鵬;張麗善;江啟臣;陳怡潔;賴士葆;蕭美琴;曾銘宗;林俊憲;陳歐珀;廖國棟Sufin．Siluko;孔文吉;盧秀燕;徐榛蔚;陳明文;林德福;賴瑞隆;黃昭順;呂玉玲;羅明才;簡東明Uliw．Qaljupayare;陳賴素美;周陳秀霞;吳志揚;高金素梅;邱志偉;高潞．以用．巴魕剌Kawlo．Iyun．Pacidal;黃國昌;林昶佐;徐永明;柯建銘;林淑芬,
105/11/14,紅樓302會議室,司法及法制委員會,無,立法院第9屆第2會期司法及法制委員會第13次全體委員會議,一、邀請司法院秘書長列席說明立法計畫。二、審查106年度中央政府總預算案關於司法院及所屬主管收支部分。三、繼續處理105年度中央政府總預算關於司法院及所屬預算凍結項目共3案。,柯建銘;許毓仁;林德福;許淑華;張宏陸;周春米;周陳秀霞;郭正亮;段宜康;陳亭妃;鄭天財Sra．Kacaw;陳怡潔;尤美女;黃國昌;陳歐珀;林俊憲;蕭美琴;林為洲;賴士葆;徐永明;曾銘宗;陳明文;張麗善;黃昭順;賴瑞隆;呂玉玲;徐榛蔚;簡東明Uliw．Qaljupayare;羅明才;陳賴素美;谷辣斯．尤達卡Kolas Yotaka;吳志揚;高金素梅;邱志偉;孔文吉,
105/11/14,九樓大禮堂,財政委員會,無,立法院第9屆第2會期財政委員會第13次全體委員會議,審查中華民國106年度中央政府總預算案有關財政部、國庫署、賦稅署、臺北國稅局、高雄國稅局、北區國稅局及所屬、中區國稅局及所屬、南區國稅局及所屬、財政資訊中心歲出預算部分。（詢答及處理）(11月14日、11月16日及11月17日【三天一次會】),吳秉叡;曾銘宗;黃國昌;賴士葆;盧秀燕;余宛如;王榮璋;邱泰源;羅明才;陳賴素美;施義芳;費鴻泰;劉世芳;江啟臣;林德福;林俊憲;陳歐珀;鄭運鵬;陳怡潔;孔文吉;張麗善;徐榛蔚;江永昌;賴瑞隆;黃昭順;呂玉玲;簡東明Uliw．Qaljupayare;周陳秀霞;吳志揚;鄭天財Sra．Kacaw;邱志偉,
105/11/14,紅樓201會議室,交通委員會,無,立法院第9屆第2會期交通委員會第13次全體委員會議,審查106年度中央政府總預算案關於交通部運輸研究所單位預算。(詢答及處理),鄭寶清;趙正宇;鄭運鵬;林俊憲;陳歐珀;鄭天財Sra．Kacaw;葉宜津;蕭美琴;陳素月;簡東明Uliw．Qaljupayare;李昆澤;陳雪生;李鴻鈞;孔文吉;江啟臣;劉櫂豪;賴士葆;張麗善;賴瑞隆;黃昭順;林德福;徐永明;徐榛蔚;呂玉玲;羅明才;陳賴素美;周陳秀霞;鍾孔炤;吳志揚;高金素梅;邱志偉;陳明文,
105/11/15,紅樓201會議室,程序委員會,無,第9屆第2會期程序委員會第11次會議,審定本院第9屆第2會期第11次會議議事日程及人 民請願案,段宜康;徐永明;曾銘宗;李彥秀;王育敏;陳怡潔;賴士葆;林德福,
105/11/16,群賢樓101會議室,教育及文化委員會,無,立法院第9屆第2會期教育及文化委員會第11次全體委員會議,一、繼續審查106年度中央政府總預算案有關國立故宮博物院預算案。二、繼續處理中華民國105年度中央政府總預算案有關國立故宮博物院主管預算（公務預算）解凍案6案。(11月16日及17日2天一次會),,
105/11/16,紅樓201會議室,財政委員會,無,立法院第9屆第2會期財政委員會第13次全體委員會議,繼續審查中華民國106年度中央政府總預算案有關財政部、國庫署、賦稅署、臺北國稅局、高雄國稅局、北區國稅局及所屬、中區國稅局及所屬、南區國稅局及所屬、財政資訊中心歲出預算部分。（繼續處理）(11月14日、11月16日及11月17日【三天一次會】),,
105/11/16,紅樓101會議室,經濟委員會,無,立法院第9屆第2會期經濟委員會第9次全體委員會議,繼續審查106年度中央政府總預算案關於行政院農業委員會及所屬單位預算部分。(處理)(11月14日、16日、17日三天一次會),,
105/11/16,紅樓202會議室,內政委員會,無,立法院第9屆第2會期內政委員會第14次全體委員會議,一、繼續審查行政院函請審議「住宅法修正草案」案。二、繼續審查本院委員吳思瑤等16人擬具「住宅法第二十條、第二十四條之一及第二十四條之二條文修正草案」案。三、繼續審查本院委員賴瑞隆等17人擬具「住宅法部分條文修正草案」案。四、繼續審查本院委員鄭寶清等22人擬具「住宅法第二十三條條文修正草案」案。五、繼續審查本院委員吳玉琴等26人擬具「住宅法修正草案」案。六、審查本院親民黨黨團擬具「住宅法部分條文修正草案」案。七、繼續審查本院委員姚文智等16人擬具「住宅法部分條文修正草案」。八、繼續審查本院委員李麗芬等24人擬具「住宅法第四條條文修正草案」案。九、繼續審查本院委員尤美女等22人擬具「住宅法部分條文修正草案」案。十、繼續審查本院委員王育敏等20人擬具「住宅法第三條、第四條及第十二條條文修正草案」案。十一、繼續審查本院委員林為洲等17人擬具「住宅法第三條及第四條條文修正草案」案。十二、繼續審查本院委員趙天麟等16人擬具「住宅法修正草案」案。(11月16日、17日二天一次會),,
105/11/16,紅樓301會議室,外交及國防委員會,無,立法院第9屆第2會期外交及國防委員會第11次全體委員會議,繼續審查106年度中央政府總預算案關於國防部及所屬主管收支公開部分﹙不含國家安全局部分﹚。〈11月16及17日二天一次會〉,,
105/11/16,紅樓302會議室,司法及法制委員會,無,立法院第9屆第2會期司法及法制委員會第14次全體委員會議,繼續併案審查（一）行政院函請審議「洗錢防制法修正草案」、（二）委員蔣萬安等26人擬具「洗錢防制法第十條條文修正草案」、（三）委員曾銘宗等18人擬具「洗錢防制法第三條及第十一條條文修正草案」、（四）委員許淑華等17人擬具「洗錢防制法第三條條文修正草案」、（五）委員呂玉玲等20人擬具「洗錢防制法第三條條文修正草案」、（六）委員徐國勇等19人擬具「洗錢防制法第三條條文修正草案」、（七）委員許淑華等17人擬具「洗錢防制法修正草案」、（八）親民黨黨團擬具「洗錢防制法第六條條文修正草案」、（九）委員段宜康等18人擬具「洗錢防制法部分條文修正草案」及（十）委員江永昌等18人擬具「洗錢防制法第十四條條文修正草案」案。,,
105/11/16,九樓大禮堂,社會福利及衛生環境委員會,無,立法院社會福利及衛生環境委員會,舉行「勞動基準法落實週休二日法案」公聽會。,,
105/11/16,群賢樓101會議室,教育及文化委員會,無,立法院第9屆第2會期教育及文化委員會第11次全體委員會議,一、審查106年度中央政府總預算案有關科技部及所屬單位預算案。(僅進行詢答；相關提案請於11月23日下午5時前提出)二、審查106年度行政法人國家災害防救科技中心預算案。(僅進行詢答；相關提案請於11月23日下午5時前提出)三、繼續處理中華民國105年度中央政府總預算案有關科技部主管預算（公務預算）解凍案9案。(11月16日及17日2天一次會),吳志揚;吳思瑤;柯志恩;蘇巧慧;張廖萬堅;鍾佳濱;許智傑;黃國書;蔣乃辛;何欣純;高潞．以用．巴魕剌Kawlo．Iyun．Pacidal;李麗芬;高金素梅;陳學聖;鄭天財Sra．Kacaw;賴瑞隆;邱志偉;陳宜民;徐榛蔚;張麗善;陳明文;徐永明;劉世芳;周陳秀霞;黃昭順;蔡易餘;陳歐珀,
105/11/17,紅樓302會議室,司法及法制委員會,無,立法院第9屆第2會期司法及法制委員會第15次全體委員會議,一、併案審查（一）委員尤美女等48人擬具「民法親屬編部分條文修正草案」、（二）委員許毓仁等17人擬具「民法第一千一百三十八條及第一千二百二十三條條文修正草案」、（三）委員許毓仁等17人擬具「民法親屬編部分條文修正草案」及（四）時代力量黨團擬具「民法部分條文修正草案」案。二、審查時代力量黨團擬具「家事事件法部分條文修正草案」案。,郭正亮;周陳秀霞;林淑芬;尤美女;蔡易餘;張宏陸;許毓仁;賴士葆;段宜康;周春米;孔文吉;陳超明;林為洲;黃國昌;曾銘宗;高潞．以用．巴魕剌Kawlo．Iyun．Pacidal;盧秀燕;吳志揚;呂孫綾;黃昭順;劉世芳;王惠美;蔣乃辛;李彥秀;廖國棟Sufin．Siluko;簡東明Uliw．Qaljupayare;鄭天財Sra．Kacaw;顏寬恒;何欣純;張麗善;谷辣斯．尤達卡Kolas Yotaka;趙天麟;徐榛蔚;許淑華;林德福;陳曼麗;蕭美琴;費鴻泰;林靜儀;余宛如,
105/11/17,群賢樓801會議室,社會福利及衛生環境委員會,無,立法院第9屆第2會期社會福利及衛生環境委員會第13次全體委員會議,繼續審查(一)行政院函請審議「勞動基準法部分條文修正草案」、(二)本院委員王育敏等17人擬具「勞動基準法第三十八條條文修正草案」、(三)民進黨黨團擬具「勞動基準法第三十九條條文修正草案」、(四)時代力量黨團擬具「勞動基準法部分條文修正草案」、(五)親民黨黨團擬具「勞動基準法第三十六條、第七十四條及第七十九條條文修正草案」、(六)委員鍾孔炤等17人擬具「勞動基準法第三十八條條文修正草案 」、(七)委員林淑芬等18人擬具「勞動基準法第三十八條及第七十九條條文修正草案」等7案。,,
105/11/17,紅樓201會議室,交通委員會,無,立法院第9屆第2會期交通委員會第14次全體委員會議,審查106年度中央政府總預算案關於交通部觀光局及所屬單位預算。(詢答及處理),鄭寶清;趙正宇;李昆澤;陳歐珀;劉櫂豪;林俊憲;葉宜津;鄭天財Sra．Kacaw;鍾佳濱;陳明文;簡東明Uliw．Qaljupayare;陳素月;顏寬恒;陳雪生;邱志偉;蕭美琴;高金素梅;孔文吉;高潞．以用．巴魕剌Kawlo．Iyun．Pacidal;徐榛蔚;蔡易餘;劉世芳;鄭運鵬;吳志揚;蔣乃辛;廖國棟Sufin．Siluko;何欣純;周陳秀霞;張麗善;賴瑞隆;王惠美;呂孫綾,
105/11/17,群賢樓101會議室,教育及文化委員會,無,立法院第9屆第2會期教育及文化委員會第11次全體委員會議,一、文化部部長就「盤點文創產業：文創產業定義及未來發展、文創院及文創政策規劃與文創投資之檢討」進行專題報告，並備質詢。二、教育部部長、國家發展委員會、經濟部工業局就「盤點文創產業：文創產業定義及未來發展、文創人才培育及文創投資之檢討」進行專題報告，並備質詢。三、審查106年度中央政府總預算案有關文化部及所屬單位預算案。(僅進行詢答；相關提案請於11月24日下午5時前提出)四、審查106年度行政法人國家表演藝術中心預算案。(僅進行詢答；相關提案請於11月24日下午5時前提出)五、處理中華民國105年度中央政府總預算案有關文化部主管預算（公務預算）解凍案1案。(11月16日及17日2天一次會),吳志揚;柯志恩;蘇巧慧;張廖萬堅;鍾佳濱;吳思瑤;許智傑;高潞．以用．巴魕剌Kawlo．Iyun．Pacidal;黃國書;蔣乃辛;李麗芬;何欣純;高金素梅;陳學聖;李昆澤;王惠美;蕭美琴;周陳秀霞;賴士葆;曾銘宗;孔文吉;陳明文;黃昭順;盧秀燕;呂孫綾;張麗善;顏寬恒;徐榛蔚;賴瑞隆,
105/11/17,九樓大禮堂,財政委員會,無,立法院第9屆第2會期財政委員會第13次全體委員會議,一、邀請金融監督管理委員會李主任委員瑞倉、衛生福利部次長、內政部次長、經濟部次長、教育部次長、國家發展委員會副主任委員、原住民族委員會副主任委員就「普惠金融之推動方向與辦理情形」進行專題報告，並備質詢。二、審查本院委員王榮璋等16人擬具「會計師法第六條條文修正草案」案。(11月14日、11月16日及11月17日【三天一次會】),曾銘宗;黃國昌;吳秉叡;賴士葆;盧秀燕;余宛如;王榮璋;費鴻泰;邱泰源;劉世芳;吳志揚;何欣純;周陳秀霞;施義芳;蔣乃辛;顏寬恒;蕭美琴;林德福;江永昌;羅明才,
105/11/17,紅樓202會議室,內政委員會,無,立法院第9屆第2會期內政委員會第14次全體委員會議,一、繼續審查「保全業法」：（一）行政院函請審議「保全業法第十條之一條文修正草案」案。（二）本院委員盧秀燕等34人擬具「保全業法第十條之一條文修正草案」案。（三）本院委員鄭天財等18人擬具「保全業法第十條之一條文修正草案」案。二、繼續審查行政院函請審議「國家安全法第五條及第七條條文修正草案」案。（11月16日、17日，二日一次會）,,
105/11/17,紅樓301會議室,外交及國防委員會,無,立法院第9屆第2會期外交及國防委員會第11次全體委員會議,繼續審查106年度中央政府總預算案關於國防部及所屬主管收支公開部分﹙不含國家安全局部分﹚。〈11月16及17日二天一次會〉,,
105/11/17,紅樓101會議室,經濟委員會,無,立法院第9屆第2會期經濟委員會第9次全體委員會議,繼續審查106年度中央政府總預算案關於行政院農業委員會及所屬單位預算部分。(處理)(11月14日、16日、17日三天一次會),,
105/11/21,紅樓301會議室,外交及國防委員會,無,立法院第9屆第2會期外交及國防委員會第12次全體委員會議,繼續審查106年度中央政府總預算案關於僑務委員會主管收支部分。(處理) (11月21日、23日及24日三天一次會),,
105/11/21,紅樓101會議室,經濟委員會,無,立法院第9屆第2會期經濟委員會第10次全體委員會議,一、審查106年度中央政府總預算案附屬單位預算營業部分關於經濟部主管：台灣糖業股份有限公司、台灣中油股份有限公司。(詢答)二、審查行政院函請審議「電子遊戲場業管理條例第十二條條文修正草案」案。(11月21日、23日二天一次會),林岱樺;邱議瑩;黃偉哲;張麗善;徐永明;孔文吉;廖國棟Sufin．Siluko;蘇治芬;高志鵬;蘇震清;陳明文;蔡培慧;管碧玲;邱志偉;黃昭順;賴瑞隆;曾銘宗;蕭美琴;林德福;吳志揚;林俊憲;鍾孔炤;蔣乃辛;蔡易餘;陳曼麗;陳怡潔;徐榛蔚;劉世芳;江啟臣;何欣純;周陳秀霞;鄭天財Sra．Kacaw;高潞．以用．巴魕剌Kawlo．Iyun．Pacidal,
105/11/21,九樓大禮堂,教育及文化委員會,無,立法院第9屆第2會期教育及文化委員會第12次全體委員會議,一、審查106年度中央政府總預算案有關教育部及所屬單位預算案。(僅進行詢答)。二、審查106年度教育部主管51所國立大學校院校務基金、國立臺灣大學附設醫院作業基金、國立成功大學附設醫院作業基金、國立陽明大學附設醫院作業基金、國立社教機構作業基金、國立高級中等學校校務基金、學產基金、運動發展基金及大專校院轉型及退場基金預算案。(僅進行詢答)三、審查106年度行政法人國家運動訓練中心預算案。(僅進行詢答)四、處理中華民國105年度中央政府總預算案有關教育部主管預算（公務預算）解凍案1案。五、繼續處理中華民國105年度中央政府總預算案有關教育部主管預算（公務預算）解凍案4案。(11月21日.23日及24日3天一次會),柯志恩;蘇巧慧;黃國書;張廖萬堅;吳志揚;吳思瑤;鍾佳濱;蔣乃辛;許智傑;李麗芬;何欣純;高金素梅;鄭天財Sra．Kacaw;黃國昌;徐永明;高潞．以用．巴魕剌Kawlo．Iyun．Pacidal;徐榛蔚;李昆澤;孔文吉;陳宜民;曾銘宗;林德福;張麗善;鍾孔炤;陳明文;邱志偉;江啟臣;陳怡潔;陳賴素美;黃昭順;蕭美琴;施義芳;賴瑞隆;周陳秀霞;黃偉哲;姚文智;廖國棟Sufin．Siluko;蘇治芬;陳學聖,
105/11/21,群賢樓801會議室,社會福利及衛生環境委員會,無,立法院第9屆第2會期社會福利及衛生環境委員會第14次全體委員會議,審查中華民國106年度中央政府總預算案有關勞動部主管預算(公務預算及基金)案。(預算詢答),洪慈庸;李彥秀;吳玉琴;陳宜民;蔣萬安;王育敏;鍾孔炤;陳曼麗;黃秀芳;吳志揚;林德福;鍾佳濱;廖國棟Sufin．Siluko;徐榛蔚;陳瑩;孔文吉;鄭天財Sra．Kacaw;蔣乃辛;張麗善;楊曜;邱志偉;江啟臣;陳怡潔;陳賴素美;黃昭順;何欣純;周陳秀霞;高金素梅;林淑芬;吳焜裕;黃偉哲;陳明文;劉建國;鍾孔炤;吳焜裕,
105/11/21,群賢樓101會議室,財政委員會,無,立法院第9屆第2會期財政委員會第14次全體委員會議,一、審查本院委員賴士葆等19人擬具「保險法第一百六十三條條文修正草案」案。二、審查本院親民黨黨團擬具「保險法第一百四十八條之一條文修正草案」案。三、審查本院委員曾銘宗等18人擬具「信託業法增訂第三條之一條文草案」案。四、審查本院委員曾銘宗等18人擬具「金融消費者保護法第四條及第三十條之一條文修正草案」案。五、審查本院委員賴士葆等23人擬具「國際金融業務條例第三條、第二十二條之二及第二十二條之三條文修正草案」案。{11月21日及11月23日【兩天一次會】),黃國昌;吳秉叡;曾銘宗;賴士葆;盧秀燕;余宛如;王榮璋;陳賴素美;施義芳;邱泰源;林德福;費鴻泰;鄭天財Sra．Kacaw;黃偉哲;孔文吉;吳志揚;徐榛蔚;蔣乃辛;張麗善;鍾孔炤;陳明文;江永昌;陳怡潔;黃昭順;蕭美琴;何欣純;周陳秀霞;高金素梅;廖國棟Sufin．Siluko;邱志偉,
105/11/21,紅樓302會議室,司法及法制委員會,無,立法院第9屆第2會期司法及法制委員會第16次全體委員會議,邀請行政院秘書長、考試院秘書長、銓敘部部長、考選部部長、公務人員保障暨培訓委員會主任委員、行政院人事總處人事長就「機要任用、任務編組及年金改革整體規劃配套」進行專案報告，並備質詢。,林德福;柯建銘;張宏陸;蔡易餘;許淑華;周春米;段宜康;周陳秀霞;王榮璋;黃偉哲;鄭天財Sra．Kacaw;李彥秀;許毓仁;黃國昌;吳志揚;孔文吉;尤美女;廖國棟Sufin．Siluko;江啟臣;劉世芳;蔣乃辛;陳明文;邱志偉;張麗善;陳怡潔;黃昭順;陳賴素美;何欣純;郭正亮;徐榛蔚;鍾佳濱;林為洲,
105/11/21,紅樓201會議室,交通委員會,無,立法院第9屆第2會期交通委員會第15次全體委員會議,繼續審查106年度中央政府總預算案關於交通部運輸研究所單位預算。(處理保留之委員提案，計30案)(11月21日及24日二天一次會),,
105/11/21,紅樓202會議室,內政委員會,無,立法院第9屆第2會期內政委員會第15次全體委員會議, 一、處理105年度中央政府總預算有關客家委員會預算凍結項目報告案計2案。 二、審查106年度中央政府總預算案關於客家委員會及所屬主管收支部分。三、審查客家委員會近3年「補、捐（獎）助其他政府機關、團體或個人經費報告表」共4案。四、審查客家委員會近3年「辦理政策宣導相關之廣告彙整表」共4案。 (三天一次會),趙天麟;李俊俋;陳怡潔;徐榛蔚;洪宗熠;黃昭順;江啟臣;賴瑞隆;莊瑞雄;黃偉哲;孔文吉;李彥秀;林麗蟬;吳志揚;林德福;廖國棟Sufin．Siluko;鄭天財Sra．Kacaw;林俊憲;劉世芳;蔣乃辛;陳明文;邱志偉;張麗善;蔡易餘;鍾孔炤;谷辣斯．尤達卡Kolas Yotaka;蕭美琴;周陳秀霞;陳其邁;陳賴素美;吳琪銘;鍾佳濱;何欣純;姚文智;陳歐珀;陳超明,
105/11/22,紅樓201會議室,程序委員會,無,第9屆第2會期程序委員會第12次會議,審定本院第9屆第2會期第12次會議議事日程及人 民請願案,徐永明;鍾孔炤;曾銘宗,
105/11/23,九樓大禮堂,財政委員會,無,立法院第9屆第2會期財政委員會第14次全體委員會議,審查中華民國106年度中央政府總預算案有關金融監督管理委員會、銀行局、檢查局部分。(11月21日及11月23日【兩天一次會】),曾銘宗;黃國昌;吳秉叡;賴士葆;余宛如;邱泰源;費鴻泰;施義芳;林德福;江永昌;王榮璋;鄭天財Sra．Kacaw;蔣乃辛;鍾孔炤;張麗善;黃昭順;邱志偉;陳賴素美,
105/11/23,群賢樓101會議室,教育及文化委員會,無,立法院第9屆第2會期教育及文化委員會第12次全體委員會議,一、審查106年度中央政府總預算案有關中央研究院單位預算案。(進行詢答及審查；相關提案請於11月23日上午10時前提出)二、審查106年度中央研究院科學研究基金附屬單位預算案。(進行詢答及審查；相關提案請於11月23日上午10時前提出)(11月21日.23日及24日3天一次會),柯志恩;蘇巧慧;鍾佳濱;吳志揚;張廖萬堅;蔣乃辛;吳思瑤;黃國書;何欣純;李麗芬;高潞．以用．巴魕剌Kawlo．Iyun．Pacidal;許智傑;陳宜民;孔文吉;徐永明;陳明文;邱志偉;鍾孔炤;鄭天財Sra．Kacaw;李彥秀;林德福;陳賴素美;蔡易餘;陳學聖,
105/11/23,紅樓301會議室,外交及國防委員會,無,立法院第9屆第2會期外交及國防委員會第12次全體委員會議,繼續審查106年度中央政府總預算案關於外交部主管收支公開部分。(處理) (11月21日、23日及24日三天一次會),,
105/11/23,紅樓202會議室,內政委員會,無,立法院第9屆第2會期內政委員會第15次全體委員會議, 一、邀請內政部部長葉俊榮、財政部政務次長、科技部次長、經濟部次長、教育部次長針對「全臺地價稅飆漲情形與新政府後續因應之道」進行專題報告，並備質詢。 二、審查本院委員黃昭順等16人擬具「都市更新條例部分條文修正草案」案。 三、審查本院委員李俊俋等26人擬具「都市更新條例第十六條及第三十六條條文修正草案」案。 四、審查本院親民黨黨團擬具「都市更新條例部分條文修正草案」案。 五、審查本院委員江永昌等18人擬具「都市更新條例部分條文修正草案」案。 六、審查本院委員許淑華等16 人擬具「都市更新條例修正草案」案。 (三天一次會),姚文智;賴瑞隆;李俊俋;黃昭順;洪宗熠;莊瑞雄;江啟臣;陳其邁;鄭天財Sra．Kacaw;張廖萬堅;施義芳;孔文吉;高潞．以用．巴魕剌Kawlo．Iyun．Pacidal;吳琪銘;蔣乃辛;張麗善;林麗蟬;谷辣斯．尤達卡Kolas Yotaka;蔣萬安;徐永明;徐榛蔚;鍾孔炤;陳超明;邱志偉;李彥秀;劉世芳;蔡易餘;王惠美,
105/11/23,群賢樓801會議室,社會福利及衛生環境委員會,無,立法院第9屆第2會期社會福利及衛生環境委員會第15次全體委員會議,繼續審查中華民國106年度中央政府總預算案有關衛生福利部主管預算(部本部公務預算及基金，不含社會及家庭署、國民健康署、中央健康保險署、食品藥物管理署、疾病管制署及國家中醫藥研究所)案。(預算處理),,
105/11/23,紅樓302會議室,司法及法制委員會,無,立法院第9屆第2會期司法及法制委員會第17次全體委員會議,下午2時30分至5時30分審查106年度中央政府總預算案關於立法院主管收支部分。,段宜康;林德福;張宏陸;許淑華;周春米;林為洲;鄭天財Sra．Kacaw;郭正亮;尤美女;蔡易餘,
105/11/23,紅樓101會議室,經濟委員會,無,立法院第9屆第2會期經濟委員會第10次全體委員會議,繼續審查106年度中央政府總預算案附屬單位預算營業部分關於經濟部主管：台灣糖業股份有限公司。(處理)(11月21日、23日二天一次會),,
105/11/23,紅樓302會議室,司法及法制委員會,無,立法院第9屆第2會期司法及法制委員會第17次全體委員會議,上午9時至12時一、審查106年度中央政府總預算案關於考試院及所屬主管收支部分。二、審查106年度中央政府總預算案附屬單位預算非營業部分關於考試院考選部主管「考選業務基金」收支部分。三、審查106年度中央政府總預算案附屬單位預算非營業部分關於考試院銓敘部主管「公務人員退休撫卹基金」收支部分。,林德福;張宏陸;周春米;鄭天財Sra．Kacaw;許淑華;孔文吉;徐永明;蔡易餘;邱志偉;賴瑞隆;張麗善;蔣乃辛;鍾孔炤;高潞．以用．巴魕剌Kawlo．Iyun．Pacidal;許毓仁;李俊俋;林為洲;谷辣斯．尤達卡Kolas Yotaka;尤美女;陳明文;江啟臣;段宜康;劉世芳;郭正亮,
105/11/24,紅樓302會議室,司法及法制委員會,無,立法院第9屆第2會期司法及法制委員會,「同性婚姻修法」公聽會,,
105/11/24,群賢樓801會議室,社會福利及衛生環境委員會,無,立法院第9屆第2會期社會福利及衛生環境委員會第15次全體委員會議,繼續審查中華民國106年度中央政府總預算案有關衛生福利部主管預算(部本部公務預算及基金，不含社會及家庭署、國民健康署、中央健康保險署、食品藥物管理署、疾病管制署及國家中醫藥研究所)案。(預算處理),,
105/11/24,紅樓202會議室,內政委員會,無,立法院第9屆第2會期內政委員會第15次全體委員會議,上午 一、繼續審查106年度中央政府總預算案關於中央警察大學、消防署及所屬收支部分。 二、繼續審查106年度中央政府總預算案（含附屬單位預算及綜計表─非營業部分）關於內政部主管「誠園獎學基金」收支部分。 三、繼續審查106年度財團法人預算案關於內政部函送「財團法人義勇消防人員安全濟助基金會」預算書案。 下午 一、繼續審查106年度中央政府總預算案關於內政部警政署及所屬收支部分。 二、繼續審查106年度中央政府總預算案（含附屬單位預算及綜計表─非營業部分）關於內政部主管「警察消防海巡移民空勤人員及協勤民力安全基金」收支部分。 三、繼續審查106年度中央政府總預算案（含附屬單位預算及綜計表─非營業部分）關於內政部主管「在校學生獎學基金」、「劉存恕先生警察子女獎學基金」、「萬善培先生獎學基金」、「劉竹琛先生警察子女獎學基金」收支部分。 四、繼續審查106年度財團法人預算案關於內政部函送「財團法人臺灣省義勇人員安全濟助基金會」預算書案。(三天一次會),,
105/11/24,紅樓201會議室,交通委員會,無,立法院第9屆第2會期交通委員會第15次全體委員會議,邀請交通部部長賀陳旦率同所屬就「復興航空停航事件暨國籍航空公司營運現況」列席報告，並備質詢。(11月21日及24日二天一次會),鄭寶清;趙正宇;李昆澤;陳歐珀;鄭運鵬;鄭天財Sra．Kacaw;林俊憲;葉宜津;蕭美琴;陳素月;顏寬恒;李鴻鈞;陳亭妃;劉櫂豪;徐榛蔚;施義芳;廖國棟Sufin．Siluko;高潞．以用．巴魕剌Kawlo．Iyun．Pacidal;鍾孔炤;周陳秀霞;賴瑞隆;徐永明;黃昭順;呂玉玲;簡東明Uliw．Qaljupayare;羅致政;鍾佳濱;孔文吉;楊鎮浯;陳雪生,
105/11/24,紅樓301會議室,外交及國防委員會,無,立法院第9屆第2會期外交及國防委員會第12次全體委員會議,繼續審查106年度中央政府總預算案關於外交部主管收支公開部分。(處理) (11月21日、23日及24日三天一次會),,
105/11/24,群賢樓101會議室,教育及文化委員會,無,立法院第9屆第2會期教育及文化委員會第12次全體委員會議,繼續審查106年度中央政府總預算案有關行政院原子能委員會及所屬單位預算案。(繼續進行詢答及審查)(11月21日.23日及24日3天一會),吳志揚;柯志恩;張廖萬堅;蘇巧慧;吳思瑤;鍾佳濱;鄭天財Sra．Kacaw;黃國書;蔣乃辛;許智傑;李麗芬;何欣純;高潞．以用．巴魕剌Kawlo．Iyun．Pacidal;高金素梅;孔文吉;黃昭順;鄭運鵬;陳歐珀;盧秀燕;徐榛蔚;陳亭妃;邱志偉;徐永明;廖國棟Sufin．Siluko;蔡易餘;呂玉玲;吳秉叡;張麗善;王惠美;谷辣斯．尤達卡Kolas Yotaka;羅明才;黃偉哲;尤美女;陳學聖,
105/11/24,紅樓101會議室,經濟委員會,無,立法院第9屆第2會期經濟、司法及法制兩委員會公聽會,審查「行政院函送提名公平交易委員會委員名單，黃美瑛為委員並為主任委員、彭紹瑾為委員並為副主任委員，郭淑貞及洪財隆均為委員，請本院同意案」公聽會,,
105/11/28,紅樓101會議室,經濟委員會,無,立法院第9屆第2會期經濟委員會第11次全體委員會議,一、審查106年度中央政府總預算案附屬單位預算營業部分關於經濟部主管：台灣電力股份有限公司、台灣自來水股份有限公司。(詢答)二、審查106年度中央政府總預算案附屬單位預算非營業部分關於經濟部主管：水資源作業基金。(詢答)(11月28日、11月30日二天一次會),黃偉哲;邱議瑩;廖國棟Sufin．Siluko;高志鵬;徐永明;蘇震清;張麗善;孔文吉;林岱樺;陳明文;管碧玲;蘇治芬;王惠美;邱志偉;黃國昌;林德福;鄭天財Sra．Kacaw;賴瑞隆;曾銘宗;簡東明Uliw．Qaljupayare;鍾佳濱;徐榛蔚;黃昭順;鍾孔炤;林俊憲;何欣純;呂玉玲;賴士葆;馬文君;周陳秀霞;江啟臣;羅明才;陳歐珀;高金素梅;谷辣斯．尤達卡Kolas Yotaka;蕭美琴,
105/11/28,紅樓302會議室,司法及法制委員會,無,立法院第9屆第2會期司法及法制委員會,「同性婚姻法制化」公聽會,,
105/11/28,群賢樓101會議室,教育及文化委員會,無,立法院第9屆第2會期教育及文化委員會第13次全體委員會議,一、繼續審查106年度中央政府總預算案有關國立故宮博物院預算案。二、繼續處理中華民國105年度中央政府總預算案有關國立故宮博物院主管預算（公務預算）解凍案2案。(11月28日及12月1日2天一次會),,
105/11/28,紅樓201會議室,交通委員會,無,立法院第9屆第2會期交通委員會第16次全體委員會議,繼續審查106年度中央政府總預算案關於交通部公路總局及所屬單位預算。（預算處理）(11月28日及12月1日二天一次會),,
105/11/28,九樓大禮堂,財政委員會,無,立法院第9屆第2會期財政委員會第15次全體委員會議,一、繼續審查中華民國106年度中央政府總預算案有關財政部、國庫署、賦稅署、臺北國稅局、高雄國稅局、北區國稅局及所屬、中區國稅局及所屬、南區國稅局及所屬、財政資訊中心歲出預算部分。（繼續處理）二、繼續審查本院時代力量黨團、委員王榮璋等27人分別擬具「納稅者權利保護法草案」案等2案。(11月28日及11月30日【兩天一次會】),,
105/11/28,群賢樓801會議室,社會福利及衛生環境委員會,無,立法院第9屆第2會期社會福利及衛生環境委員會第16次全體委員會議,繼續審查中華民國106年度中央政府總預算案有關衛生福利部主管預算案有關社會及家庭署、國民健康署、中央健康保險署、食品藥物管理署、疾病管制署及國家中醫藥研究所案。(預算處理),,
105/11/28,紅樓202會議室,內政委員會,無,立法院第9屆第2會期內政委員會第16次全體委員會議,一、繼續審查106年度中央政府總預算案關於內政部主管收支部分。二、繼續審查106年度中央政府總預算案關於內政部營建署及所屬、建築研究所主管收支部分。三、繼續審查106年度中央政府總預算案（含附屬單位預算及綜計表─非營業部分）關於內政部主管「營建建設基金」、「國土永續發展基金」收支部分。四、繼續審查106年度中央政府總預算案（含附屬單位預算及綜計表─非營業部分）關於內政部主管「黃瑞景先生獎學基金」、「胡原洲女士獎(助)學基金」、「警察及消防人員安全濟助基金」、「內政部空勤三勇士子女生活照顧基金」收支部分。五、繼續審查106年度財團法人預算案關於內政部函送「財團法人二二八事件紀念基金會」、「財團法人台灣建築中心」、「財團法人臺灣營建研究院」、「財團法人國土規劃及不動產資訊中心」、「財團法人中央營建技術顧問研究社」預算書案。,,
105/11/28,紅樓301會議室,外交及國防委員會,無,立法院第9屆第2會期外交及國防委員會第13次全體委員會議,邀請外交部部長李大維、經濟部次長、國家發展委員會副主任委員報告「我國參與今年APEC領袖會議及相關活動之成果報告」併請行政院農業委員會派員列席，並備質詢。,蔡適應;陳亭妃;羅致政;林昶佐;劉世芳;徐志榮;呂玉玲;馬文君;王育敏;鍾佳濱;鄭天財Sra．Kacaw;呂孫綾;張麗善;王定宇;孔文吉;徐永明;黃昭順;江啟臣;邱志偉;周陳秀霞;何欣純;王惠美;簡東明Uliw．Qaljupayare;林德福;羅明才;高金素梅;賴士葆;蕭美琴;林俊憲;陳明文,
105/11/29,紅樓201會議室,程序委員會,無,第9屆第2會期程序委員會第13次會議,審定本院第9屆第2會期第13次會議議事日程及人 民請願案,余宛如;徐永明;林德福;王育敏;賴士葆,
105/11/30,群賢樓801會議室,社會福利及衛生環境委員會,無,立法院第9屆第2會期社會福利及衛生環境委員會第17次全體委員會議,繼續審查中華民國106年度中央政府總預算案有關勞動部主管預算(公務預算及基金)案。(預算處理),,
105/11/30,紅樓202會議室,內政委員會,無,立法院第9屆第2會期內政委員會第16次全體委員會議,一、繼續審查106年度中央政府總預算案關於內政部主管收支部分。二、繼續審查106年度中央政府總預算案關於內政部營建署及所屬、建築研究所主管收支部分。三、繼續審查106年度中央政府總預算案（含附屬單位預算及綜計表─非營業部分）關於內政部主管「營建建設基金」、「國土永續發展基金」收支部分。四、繼續審查106年度中央政府總預算案（含附屬單位預算及綜計表─非營業部分）關於內政部主管「黃瑞景先生獎學基金」、「胡原洲女士獎(助)學基金」、「警察及消防人員安全濟助基金」、「內政部空勤三勇士子女生活照顧基金」收支部分。五、繼續審查106年度財團法人預算案關於內政部函送「財團法人二二八事件紀念基金會」、「財團法人台灣建築中心」、「財團法人臺灣營建研究院」、「財團法人國土規劃及不動產資訊中心」、「財團法人中央營建技術顧問研究社」預算書案。,,
105/11/30,紅樓301會議室,外交及國防委員會,無,立法院第9屆第2會期外交及國防委員會第14次全體委員會議,一、審查106年度中央政府總預算案關於國軍退除役官兵輔導委員會主管收支部分。（詢答及處理） 二、處理院會交付國軍退除役官兵輔導委員會主管財團法人榮民榮眷基金會105年度預算決議凍結案等4案。(11月30日及12月1日二天一次會),蔡適應;羅致政;江啟臣;劉世芳;陳亭妃;林昶佐;徐志榮;呂玉玲;王定宇;趙正宇;徐永明;鄭天財Sra．Kacaw;徐榛蔚;孔文吉;賴士葆;王惠美;林德福;張麗善;鄭運鵬;盧秀燕;周陳秀霞;蔣萬安;馬文君;羅明才;呂孫綾;陳明文;高金素梅,
105/11/30,紅樓302會議室,司法及法制委員會,社會福利及衛生環境委員會,立法院第9屆第2會期司法及法制、社會福利及衛生環境委員會第1次聯席會議,併案審查（一）行政院函請審議「行政院環境保護署毒物及化學物質局組織法草案」、（二）委員吳玉琴等16人擬具「行政院環境保護署化學物質管理局組織法草案」及（三）委員吳焜裕等33人擬具「行政院環境保護署毒物及化學物質局組織法草案」案。,段宜康;林德福;陳宜民;陳曼麗;吳玉琴;周陳秀霞;張宏陸;王育敏;蔣萬安;尤美女;鄭天財Sra．Kacaw;江啟臣;王惠美;蘇治芬;徐永明;孔文吉;劉世芳;徐榛蔚;林為洲;張麗善;鄭運鵬;陳亭妃;盧秀燕;呂玉玲;洪慈庸;鍾孔炤;郭正亮;賴士葆;劉建國;羅明才;吳焜裕;羅致政;周春米;許淑華,
105/11/30,紅樓101會議室,經濟委員會,無,立法院第9屆第2會期經濟委員會第11次全體委員會議,一、審查行政院函請審議「電業法修正草案」案。二、審查本院委員劉建國等16人擬具「電業法增訂第五十六條之一條文草案」案。三、審查本院委員鄭運鵬等17人擬具「電業法增訂第六十五條之二條文草案」案。四、審查本院委員高志鵬等51人擬具「電業法修正草案」案。五、本院委員蔣乃辛等19人擬具「電業法第六十五條條文修正草案」案。六、本院委員張麗善等27人擬具「電業法修正草案」案。七、審查本院親民黨黨團擬具「電業法部分條文修正草案」案。八、審查本院委員王惠美等16人擬具「電業法修正草案」案。(電業法本日僅進行詢答)(11月28日、11月30日二天一次會),廖國棟Sufin．Siluko;陳明文;邱志偉;蘇治芬;徐永明;張麗善;王惠美;林岱樺;孔文吉;蘇震清;黃偉哲;蔡培慧;邱議瑩;管碧玲;鍾佳濱;劉世芳;賴瑞隆;江啟臣;鄭天財Sra．Kacaw;鄭運鵬;賴士葆;陳賴素美;林德福;盧秀燕;陳亭妃;高志鵬;周陳秀霞;鍾孔炤;呂玉玲;施義芳;陳曼麗;黃國昌;羅明才,
105/11/30,九樓大禮堂,財政委員會,無,立法院第9屆第2會期財政委員會第15次全體委員會議,審查行政院函請審議「加值型及非加值型營業稅法部分條文修正草案」案。(11月28日及11月30日【兩天一次會】),黃國昌;吳秉叡;曾銘宗;賴士葆;余宛如;盧秀燕;王榮璋;費鴻泰;邱泰源;施義芳;陳賴素美;林德福;江啟臣;張麗善;劉世芳;鄭天財Sra．Kacaw;鄭運鵬;呂玉玲;羅明才;江永昌,
105/12/01,紅樓101會議室,經濟委員會,無,立法院第9屆第2會期經濟委員會公聽會,審查「電業法修正草案」等案公聽會,,
105/12/01,群賢樓101會議室,教育及文化委員會,無,立法院第9屆第2會期教育及文化委員會第13次全體委員會議,一、繼續審查106年度中央政府總預算案有關科技部及所屬單位預算案。二、繼續審查106年度行政法人國家災害防救科技中心預算案。(11月28日及12月1日2天一次會),,
105/12/01,九樓大禮堂,財政委員會,無,立法院第9屆第2會期財政委員會第16次全體委員會議,邀請行政院主計總處朱主計長澤民、審計部林審計長慶隆、衛生福利部次長、交通部次長、教育部次長、文化部次長、科技部次長、經濟部次長、行政院農業委員會副主任委員、國家發展委員會副主任委員就「中央對地方政府與民間團體補助及核銷要求適切性檢討」進行專題報告，並備質詢。,黃國昌;吳秉叡;曾銘宗;盧秀燕;賴士葆;余宛如;王榮璋;施義芳;費鴻泰;邱泰源;李麗芬;林德福;吳玉琴;徐永明;鄭天財Sra．Kacaw;陳賴素美;張麗善;高金素梅;周陳秀霞;林俊憲;羅明才;江永昌,
105/12/01,紅樓301會議室,外交及國防委員會,無,立法院第9屆第2會期外交及國防委員會第14次全體委,一、審查106年度中央政府總預算案關於國軍退除役官兵輔導委員會主管收支部分。（詢答及處理） 二、處理院會交付國軍退除役官兵輔導委員會主管財團法人榮民榮眷基金會105年度預算決議凍結案等4案。(11月30日及12月1日二天一次會),,
105/12/01,紅樓302會議室,司法及法制委員會,無,立法院第9屆第2會期司法及法制委員會第18次全體委員會議,上午9時至10時30分一、繼續併案審查（一）行政院函請審議「洗錢防制法修正草案」、（二）委員蔣萬安等26人擬具「洗錢防制法第十條條文修正草案」、（三）委員曾銘宗等18人擬具「洗錢防制法第三條及第十一條條文修正草案」、（四）委員許淑華等17人擬具「洗錢防制法第三條條文修正草案」、（五）委員呂玉玲等20人擬具「洗錢防制法第三條條文修正草案」、（六）委員徐國勇等19人擬具「洗錢防制法第三條條文修正草案」、（七）委員許淑華等17人擬具「洗錢防制法修正草案」、（八）親民黨黨團擬具「洗錢防制法第六條條文修正草案」、（九）委員段宜康等18人擬具「洗錢防制法部分條文修正草案」及（十）委員江永昌等18人擬具「洗錢防制法第十四條條文修正草案」案。上午10時30分至12時、下午2時30分至5時30分二、審查106年度中央政府總預算案關於總統府主管（不含中央研究院）收支部分。,張宏陸;段宜康;林德福;周陳秀霞;周春米;許淑華;鄭天財Sra．Kacaw;林為洲;郭正亮;尤美女;蔡易餘;徐永明;陳雪生;羅致政;張麗善,
105/12/01,群賢樓801會議室,社會福利及衛生環境委員會,無,立法院第9屆第2會期社會福利及衛生環境委員會第17次全體委員會議,繼續審查中華民國106年度中央政府總預算案有關勞動部主管預算(公務預算及基金)案。(預算處理),,
105/12/01,紅樓201會議室,交通委員會,無,立法院第9屆第2會期交通委員會第16次全體委員會議,審查106年度中央政府總預算案交通部單位預算未審查完竣部分。(已詢答完畢，處理暫保留之提案)(11月28日及12月1日二天一次會),,
105/12/05,紅樓301會議室,外交及國防委員會,無,立法院第9屆第2會期外交及國防委員會第15次全體委員會議【報告秘密，詢答（先秘密、後公開）】,邀請國防部部長馮世寬、國家安全局副局長報告「近期共軍於東亞海空域之演訓，我國國防預警防衛能量、相關因應之策略及國際軍事合作交流之辦理情形、未來規劃方向」，並備質詢。,林昶佐;劉世芳;陳亭妃;蔡適應;江啟臣;王定宇;羅致政;林昶佐;劉世芳;呂玉玲;徐志榮;張麗善;徐永明;陳怡潔;邱志偉;陳歐珀;林俊憲;林德福;孔文吉;馬文君;鄭運鵬;黃昭順;簡東明Uliw．Qaljupayare;周陳秀霞;顏寬恒;鍾孔炤;陳賴素美;羅明才;蔡易餘,
105/12/05,紅樓101會議室,經濟委員會,無,立法院第9屆第2會期經濟委員會公聽會,審查「電業法修正草案」等案公聽會(第二場),,
105/12/05,紅樓302會議室,司法及法制委員會,無,立法院第9屆第2會期司法及法制委員會第19次全體委員會議,一、審查委員陳超明等23 人擬具「民事訴訟法第二百五十四條條文修正草案」案。二、審查委員陳超明等25 人擬具「民事訴訟法施行法第四條之五及第十二條條文修正草案」案。三、審查委員鄭運鵬等18 人擬具「民事訴訟法部分條文修正草案」案。,林德福;張宏陸;林為洲;周春米;周陳秀霞;許毓仁;段宜康;尤美女;黃國昌;鄭運鵬;蔡易餘;鄭天財Sra．Kacaw;徐永明;陳怡潔;林俊憲;孔文吉;張麗善;邱志偉;黃昭順;劉世芳;簡東明Uliw．Qaljupayare;呂玉玲;顏寬恒;鍾孔炤;陳賴素美;羅明才;許淑華;陳亭妃;陳歐珀;郭正亮,
105/12/05,群賢樓801會議室,社會福利及衛生環境委員會,無,立法院第9屆第2會期社會福利及衛生環境委員會第18次全體委員會議,繼續審查中華民國106年度中央政府總預算案有關行政院環境保護署主管預算案(基金)。,,
105/12/05,九樓大禮堂,財政委員會,無,立法院第9屆第2會期財政委員會第17次全體委員會議,一、審查行政院函請審議「證券交易稅條例第二條之一條文修正草案」案。（詢答及處理）二、審查中華民國106年度中央政府總預算案有關財政部關務署及所屬。金融監督管理委員會證券期貨局、保險局部分。（詢答）(12月5日及12月7日【兩天一次會】),黃國昌;吳秉叡;曾銘宗;賴士葆;余宛如;王榮璋;邱泰源;費鴻泰;施義芳;陳賴素美;顏寬恒;陳歐珀;張麗善;林德福;陳亭妃;廖國棟Sufin．Siluko;邱志偉;黃昭順;簡東明Uliw．Qaljupayare;呂玉玲;周陳秀霞;江永昌;鍾孔炤;羅明才,
105/12/05,紅樓201會議室,交通委員會,無,立法院第9屆第2會期交通委員會第17次全體委員會議,一、審查106年度中央政府總預算案附屬單位預算非營業部分關於交通部主管航港建設基金非營業預算。 二、審查106年度中央政府總預算案附屬單位預算營業部分關於交通部主管臺灣港務股份有限公司營業預算。(以上合併詢答，分開處理)(12月5日、7日及8日三天一次會）    ,陳歐珀;鄭寶清;李昆澤;鄭運鵬;趙正宇;鄭天財Sra．Kacaw;葉宜津;林俊憲;陳素月;林岱樺;陳雪生;顏寬恒;李鴻鈞;蕭美琴;徐永明;簡東明Uliw．Qaljupayare;劉櫂豪;孔文吉;張麗善;林德福;黃昭順;賴瑞隆;邱志偉;徐榛蔚;陳怡潔;劉世芳;楊鎮浯;鍾孔炤;呂玉玲;周陳秀霞;陳賴素美;羅明才;陳亭妃,
105/12/05,紅樓202會議室,內政委員會,無,立法院第9屆第2會期內政委員會第17次全體委員會議,一、處理105年度中央政府總預算有關行政院大陸委員會預算凍結項目報告案計8案。 二、審查106年度中央政府總預算案關於行政院大陸委員會主管收支部分。 三、審查行政院大陸委員會函送財團法人海峽交流基金會106年度預算書及相關資料案。 四、審查行政院大陸委員會函送財團法人臺港經濟文化合作策進會106年度預算書案。 五、審查行政院大陸委員會近3年「補、捐（獎）助其他政府機關、團體或個人經費報告表」共5案。 六、審查行政院大陸委員會近3年「辦理政策宣導相關之廣告彙整表」共4案。(本次會議僅處理第一案；第二案至第六案僅進行詢答),賴瑞隆;陳怡潔;李俊俋;黃昭順;莊瑞雄;楊鎮浯;林麗蟬;谷辣斯．尤達卡Kolas Yotaka;徐榛蔚;陳其邁;陳超明;鄭天財Sra．Kacaw;徐永明;洪宗熠;葉宜津;林俊憲;孔文吉;陳亭妃;羅明才;張麗善;林德福;邱志偉;劉世芳;陳雪生;簡東明Uliw．Qaljupayare;鍾孔炤;呂玉玲;周陳秀霞;陳賴素美;蕭美琴;江啟臣;陳歐珀;吳琪銘;姚文智,
105/12/06,紅樓201會議室,程序委員會,無,第9屆第2會期程序委員會第14次會議,審定本院第9屆第2會期第14次會議議事日程及人 民請願案,徐永明;王育敏;鍾孔炤,
105/12/07,九樓大禮堂,財政委員會,無,立法院第9屆第2會期財政委員會第17次全體委員會議,繼續審查中華民國106年度中央政府總預算案有關財政部關務署及所屬。金融監督管理委員會證券期貨局、保險局部分。（處理）(12月5日及12月7日【兩天一次會】) ,,
105/12/07,群賢樓101會議室,教育及文化委員會,無,立法院第9屆第2會期教育及文化委員會第14次全體委員會議,繼續審查106年度中央政府總預算案有關行政院原子能委員會及所屬單位預算案。(核研所部分)(12月7日及8日2天一次會),,
105/12/07,紅樓201會議室,交通委員會,無,立法院第9屆第2會期交通委員會第17次全體委員會議,併案審查：一、委員陳雪生等26人擬具「公路法第七十七條條文修正草案」案。二、委員陳雪生等26人擬具「公路法增訂第七十八條之一條文草案」案。三、民進黨黨團擬具「公路法第七十七條及第七十八條之一條文修正草案」案。四、委員陳雪生等16人擬具「公路法第七十七條條文修正草案」案。(12月5日、7日及8日三天一次會),鄭寶清;趙正宇;李昆澤;鄭運鵬;林俊憲;陳歐珀;劉櫂豪;林岱樺;蕭美琴;葉宜津;陳雪生;顏寬恒;鄭天財Sra．Kacaw;孔文吉;許毓仁;王惠美;張麗善;徐永明;鍾孔炤;林德福;陳明文;江啟臣;劉世芳;鍾佳濱;何欣純;周陳秀霞;呂玉玲;蔡易餘;羅明才;邱志偉;陳素月,
105/12/07,紅樓301會議室,外交及國防委員會,無,立法院第9屆第2會期外交及國防委員會第16次全體委員會議【報告秘密，詢答及處理（先秘密、後公開）】,審查106年度中央政府總預算案關於國家安全局主管收支機密及公開部分。（詢答及處理)(12月7日及8日二天一次會),羅致政;蔡適應;江啟臣;王定宇;陳亭妃;徐志榮;劉世芳;呂玉玲;馬文君;陳歐珀;孔文吉;張麗善;王惠美;徐永明;鍾孔炤;林德福;陳明文;周陳秀霞;何欣純;羅明才;邱志偉,
105/12/07,群賢樓801會議室,社會福利及衛生環境委員會,無,立法院第9屆第2會期社會福利及衛生環境委員會第19次全體委員會議,一、審查(一)本院民進黨黨團擬具「全民健康保險法第二十七條及第一百零四條條文修正草案」、(二) 親民黨黨團擬具「全民健康保險法第九條、第十條及第二十七條條文修正草案」等2案。 二、審查本院委員吳玉琴等18人擬具「口腔健康法部分條文修正草案」案。 三、審查(一)行政院函請審議「助產人員法部分條文修正草案」、(二)委員王育敏等16人擬具「助產人員法第十二條、第十二條之一及第三十五條條文修正草案」、(三)委員顏寬恒等17人擬具「助產人員法第四條、第十二條及第四十五條條文修正草案」等3案。,洪慈庸;王育敏;李彥秀;蔣萬安;陳宜民;劉建國;鍾孔炤;陳曼麗;黃秀芳;吳焜裕;陳瑩;江啟臣;曾銘宗;王惠美;徐永明;鍾佳濱;楊曜;呂玉玲;羅明才;邱泰源;邱志偉;鄭天財Sra．Kacaw;吳玉琴;周陳秀霞,
105/12/07,紅樓101會議室,經濟委員會,司法及法制委員會,立法院第9屆第2會期經濟、司法及法制兩委員會第1次聯席會議,審查行政院函送提名公平交易委員會委員名單，黃美瑛為委員並為主任委員、彭紹瑾為委員並為副主任委員，郭淑貞及洪財隆均為委員，請本院同意案。,孔文吉;王惠美;張麗善;林岱樺;徐永明;張宏陸;蘇震清;黃偉哲;陳明文;林德福;管碧玲;蘇治芬;郭正亮;周陳秀霞;許毓仁;邱志偉;蔡培慧;曾銘宗;陳歐珀;鄭天財Sra．Kacaw;鍾孔炤;劉世芳;鍾佳濱;吳焜裕;羅明才;高志鵬;尤美女;周春米;蔡易餘;邱議瑩;廖國棟Sufin．Siluko;高志鵬,
105/12/07,紅樓302會議室,司法及法制委員會,無,立法院第9屆第2會期司法及法制委員會第20次全體委員會議,一、審查106年度中央政府總預算案關於監察院主管（不含審計部及所屬）收支部分。二、繼續審查106年度中央政府總預算案關於考試院及所屬主管收支部分。三、繼續審查106年度中央政府總預算案附屬單位預算非營業部分關於考試院考選部主管「考選業務基金」收支部分。四、繼續審查106年度中央政府總預算案附屬單位預算非營業部分關於考試院銓敘部主管「公務人員退休撫卹基金」收支部分。（12月7日及8日兩天一次會）,柯建銘;張宏陸;許毓仁;周陳秀霞;許淑華;郭正亮;林德福;鄭天財Sra．Kacaw;尤美女;周春米;孔文吉;王惠美;江啟臣;徐永明;鍾孔炤;陳歐珀;劉世芳;鍾佳濱;何欣純;呂玉玲;陳明文;蔡易餘;張麗善;邱志偉,
105/12/08,群賢樓801會議室,社會福利及衛生環境委員會,無,立法院第9屆第2會期社會福利及衛生環境委員會第20次全體委員會議,邀請行政院環境保護署署長就「建構綠能永續新世代垃圾處理計畫（焚化爐延役相關計畫）」列席報告，並備質詢。,洪慈庸;李彥秀;陳宜民;劉建國;蔣萬安;陳曼麗;吳玉琴;王育敏;吳焜裕;楊曜;黃秀芳;鍾孔炤;盧秀燕;蘇治芬;鍾佳濱;黃國昌;呂玉玲;蔣乃辛;黃昭順;廖國棟Sufin．Siluko;簡東明Uliw．Qaljupayare;邱泰源;高潞．以用．巴魕剌Kawlo．Iyun．Pacidal;徐榛蔚;陳亭妃;吳秉叡;陳瑩;曾銘宗;林淑芬,
105/12/08,紅樓101會議室,經濟委員會,無,立法院第9屆第2會期經濟委員會第12次全體委員會議,一、繼續審查106年度中央政府總預算案附屬單位預算營業部分關於經濟部主管：台灣中油股份有限公司。(處理)二、繼續審查行政院函請審議「電業法修正草案」案。三、繼續審查本院委員劉建國等16人擬具「電業法增訂第五十六條之一條文草案」案。四、繼續審查本院委員鄭運鵬等17人擬具「電業法增訂第六十五條之二條文草案」案。五、繼續審查本院委員高志鵬等51人擬具「電業法修正草案」案。六、繼續審查本院委員蔣乃辛等19人擬具「電業法第六十五條條文修正草案」案。七、繼續審查本院委員張麗善等27人擬具「電業法修正草案」案。八、繼續審查本院親民黨黨團擬具「電業法部分條文修正草案」案。九、繼續審查本院委員王惠美等16人擬具「電業法修正草案」案。(電業法本日僅宣讀條文),,
105/12/08,紅樓302會議室,司法及法制委員會,無,立法院第9屆第2會期司法及法制委員會第20次全體委員會議,一、審查106年度中央政府總預算案關於監察院主管（不含審計部及所屬）收支部分。二、繼續審查106年度中央政府總預算案關於考試院及所屬主管收支部分。三、繼續審查106年度中央政府總預算案附屬單位預算非營業部分關於考試院考選部主管「考選業務基金」收支部分。四、繼續審查106年度中央政府總預算案附屬單位預算非營業部分關於考試院銓敘部主管「公務人員退休撫卹基金」收支部分。（12月7日及8日兩天一次會）,,
105/12/08,紅樓202會議室,內政委員會,無,立法院第9屆第2會期內政委員會第18次全體委員會議,一、繼續審查106年度中央政府總預算案關於內政部警政署及所屬收支部分。 二、繼續審查106年度中央政府總預算案（含附屬單位預算及綜計表─非營業部分）關於內政部主管「警察消防海巡移民空勤人員及協勤民力安全基金」收支部分。 三、繼續審查106年度中央政府總預算案（含附屬單位預算及綜計表─非營業部分）關於內政部主管「在校學生獎學基金」、「劉存恕先生警察子女獎學基金」、「萬善培先生獎學基金」、「劉竹琛先生警察子女獎學基金」收支部分。 四、繼續審查106年度財團法人預算案關於內政部函送「財團法人臺灣省義勇人員安全濟助基金會」預算書案。,,
105/12/08,群賢樓101會議室,教育及文化委員會,無,立法院第9屆第2會期教育及文化委員會第14次全體委員會議,一、邀請教育部部長及原住民族委員會就「原住民族教育政策推動與預算編列」進行專題報告，並備質詢。二、繼續審查106年度中央政府總預算案有關教育部及所屬單位預算案。(12月7日及8日2天一次會),蘇巧慧;高金素梅;張廖萬堅;吳思瑤;蔣乃辛;黃國書;鍾佳濱;鄭天財Sra．Kacaw;李麗芬;柯志恩;何欣純;高潞．以用．巴魕剌Kawlo．Iyun．Pacidal;吳志揚;簡東明Uliw．Qaljupayare;孔文吉;盧秀燕;陳亭妃;徐榛蔚;李彥秀;劉世芳;陳明文;徐永明;黃昭順;廖國棟Sufin．Siluko;劉建國;呂玉玲;賴瑞隆;谷辣斯．尤達卡Kolas Yotaka;段宜康;陳瑩,
105/12/08,紅樓301會議室,外交及國防委員會,無,立法院第9屆第2會期外交及國防委員會第16次全體委員會議【報告秘密，詢答及處理（先秘密、後公開）】,一、審查106年度中央政府總預算案關於外交部主管收支機密部分。（詢答及處理） 二、繼續審查106年度中央政府總預算案關於外交部主管收支公開部分。(處理))(12月7日及8日二天一次會),陳亭妃;羅致政;林昶佐;劉世芳;呂玉玲;王定宇;鍾佳濱;曾銘宗;孔文吉;簡東明Uliw．Qaljupayare;盧秀燕;徐永明;陳明文;蔣乃辛;黃昭順;廖國棟Sufin．Siluko;馬文君,
105/12/08,紅樓201會議室,交通委員會,無,立法院第9屆第2會期交通委員會第17次全體委員會議,審查106年度中央政府總預算案附屬單位預算營業部分關於交通部主管桃園國際機場股份有限公司營業預算。(12月5日、7日及8日三天一次會),鄭寶清;趙正宇;李昆澤;陳歐珀;鄭天財Sra．Kacaw;葉宜津;林俊憲;鄭運鵬;簡東明Uliw．Qaljupayare;陳素月;陳雪生;施義芳;曾銘宗;孔文吉;盧秀燕;徐榛蔚;陳明文;徐永明;蔣乃辛;黃昭順;廖國棟Sufin．Siluko;陳亭妃;呂玉玲;李鴻鈞,
105/12/08,九樓大禮堂,財政委員會,無,立法院第9屆第2會期財政委員會第18次全體委員會議,一、審查本院委員曾銘宗等17人擬具「保險法增訂第一百三十六條之一條文草案」案、委員余宛如等17人擬具「保險法增訂部分條文草案」案及委員賴士葆等20人擬具「保險法增訂第一百三十六條之一條文草案」案等3案。二、審查本院委員曾銘宗等17人擬具「證券交易法增訂第四十四條之一條文草案」案、委員余宛如等16人擬具「證券交易法增訂部分條文草案」案及委員賴士葆等20人擬具「證券交易法增訂第四十四條之一條文草案」案等3案。三、審查本院委員曾銘宗等17人擬具「銀行法增訂第二十二條之一條文草案」案、委員余宛如等16人擬具「銀行法增訂部分條文草案」案、委員許毓仁等17人擬具「銀行法部分條文修正草案」案及委員賴士葆等20人擬具「銀行法增訂第二十二條之一條文草案」案等4案。四、審查本院委員曾銘宗等17人擬具「期貨交易法增訂第五十六條之一條文草案」案、委員余宛如等16人擬具「期貨交易法增訂部分條文草案」案及委員賴士葆等20人擬具「期貨交易法增訂第五十六條之一條文草案」案等3案。五、審查本院委員余宛如等16人擬具「信託業法增訂部分條文草案」案及委員賴士葆等20人擬具「信託業法增訂第三條之一條文草案」案等2案。六、審查本院委員曾銘宗等17人擬具「證券投資信託及顧問法增訂第三條之一條文草案」案、委員余宛如等16人擬具「證券投資信託及顧問法增訂部分條文草案」案及委員賴士葆等20人擬具「證券投資信託及顧問法增訂第三條之一條文草案」案等3案。七、審查本院委員曾銘宗等17人擬具「電子票證發行管理條例增訂第五條之二條文草案」案、委員余宛如等16人擬具「電子票證發行管理條例增訂部分條文草案」案及委員賴士葆等20人擬具「電子票證發行管理條例增訂第五條之二條文草案」案等3案。八、審查本院委員曾銘宗等17人擬具「電子支付機構管理條例增訂第三條之一條文草案」案、委員余宛如等16人擬具「電子支付機構管理條例增訂部分條文草案」案及委員賴士葆等20人擬具「電子支付機構管理條例增訂第三條之一條文草案」案等3案。九、審查本院委員余宛如等18人擬具「金融消費者保護法增訂第三十二條之二條文草案」案。,吳秉叡;黃國昌;曾銘宗;賴士葆;盧秀燕;余宛如;王榮璋;邱泰源;費鴻泰;施義芳;陳賴素美;許毓仁;蔣乃辛;蔣萬安;黃昭順;廖國棟Sufin．Siluko;呂玉玲;陳亭妃;鍾孔炤;江永昌;羅明才,
105/12/12,紅樓201會議室,交通委員會,無,立法院第9屆第2會期交通委員會第18次全體委員會議,一、審查106年度中央政府總預算案附屬單位預算非營業部分關於交通部主管交通作業基金－國道公路建設管理基金分預算。二、審查106年度中央政府總預算案附屬單位預算非營業部分關於交通部主管交通作業基金－高速鐵路相關建設基金分預算。(以上合併詢答)(12月12日及14日二天一次會),鄭寶清;趙正宇;李昆澤;陳歐珀;葉宜津;鄭運鵬;簡東明Uliw．Qaljupayare;林俊憲;陳雪生;顏寬恒;李鴻鈞;蕭美琴;陳素月;鄭天財Sra．Kacaw;劉櫂豪;徐永明;鍾佳濱;江啟臣;張麗善;曾銘宗;賴士葆;孔文吉;黃昭順;徐榛蔚;陳亭妃;邱志偉;何欣純;陳明文,
105/12/12,紅樓202會議室,內政委員會,無,立法院第9屆第2會期內政委員會第19次全體委員會議,一、繼續審查106年度中央政府總預算案關於內政部警政署及所屬收支部分。二、繼續審查106年度中央政府總預算案（含附屬單位預算及綜計表─非營業部分）關於內政部主管「警察消防海巡移民空勤人員及協勤民力安全基金」收支部分。三、繼續審查106年度中央政府總預算案（含附屬單位預算及綜計表─非營業部分）關於內政部主管「在校學生獎學基金」、「劉存恕先生警察子女獎學基金」、「萬善培先生獎學基金」、「劉竹琛先生警察子女獎學基金」收支部分。四、繼續審查106年度財團法人預算案關於內政部函送「財團法人臺灣省義勇人員安全濟助基金會」預算書案。,,
105/12/12,紅樓101會議室,經濟委員會,無,立法院第9屆第2會期經濟委員會第13次全體委員會議,一、審查行政院農業委員會函送該會主管財團法人中華民國對外漁業合作發展協會等17家財團法人106年度預算書及相關資料案。(詢答)二、繼續審查行政院函請審議「電業法修正草案」案。三、繼續審查本院委員劉建國等16人擬具「電業法增訂第五十六修之一條文草案」案。四、繼續審查本院委員鄭運鵬等17人擬具「電業法增訂第六十五條之二條文草案」案。五、繼續審查本院委員高志鵬等51人擬具「電業法修正草案」案。六、繼續審查本院委員蔣乃辛等19人擬具「電業法第六十五條條文修正草案」案。七、繼續審查本院委員張麗善等27人擬具「電業法修正草案」案。八、繼續審查本院親民黨黨團擬具「電業法部分條文修正草案」案。九、繼續審查本院委員王惠美等16人擬具「電業法修正草案」案。十、審查本院委員廖國棟等17人擬具「電業法修正草案」案。(宣讀本案條文)十一、審查本院委員陳曼麗等17人擬具「電業法修正草案」案。(宣讀本案條文)(12月12日、14日、15日三天一次會),陳明文;蘇震清;徐永明;孔文吉;邱志偉;黃偉哲;蘇治芬;張麗善;陳曼麗;管碧玲;鄭天財Sra．Kacaw;黃昭順;賴瑞隆;鄭運鵬;江啟臣;高志鵬;賴士葆;顏寬恒;林俊憲;徐榛蔚;陳亭妃;簡東明Uliw．Qaljupayare;蕭美琴;何欣純;廖國棟Sufin．Siluko;劉世芳;陳怡潔;鍾佳濱,
105/12/12,紅樓301會議室,外交及國防委員會,無,立法院第9屆第2會期外交及國防委員會第17次全體委員會議,一、審查106年度中央政府總預算案附屬單位預算關於國防部主管非營業基金： （一）作業基金：1、國軍生產及服務作業基金。2、國軍老舊眷村改建基金。 （二）資本計畫基金－國軍營舍及設施改建基金。(詢答) 二、處理院會交付國防部105年度中央政府總預算決議凍結案等3案。 三、處理院會交付國防部函送國家中山科學研究院105年度預算決議凍結案等3案。 四、處理蕭名槐君人民請願案。【12月12日及14日二天一次會】,蔡適應;羅致政;劉世芳;林昶佐;江啟臣;陳亭妃;徐志榮;王定宇;呂玉玲;邱志偉;林俊憲;徐永明;賴士葆;張麗善;曾銘宗;孔文吉;黃昭順;陳明文;簡東明Uliw．Qaljupayare;許智傑;何欣純;顏寬恒;鍾佳濱;鄭天財Sra．Kacaw;馬文君,
105/12/12,群賢樓101會議室,教育及文化委員會,無,立法院第9屆第2會期教育及文化委員會,修正「科學技術基本法」公聽會,,
105/12/12,紅樓202會議室,內政委員會,無,立法院第9屆第2會期內政委員會第19次全體委員會議,邀請行政院秘書長陳美伶、內政部部長葉俊榮、教育部部長、法務部部長、經濟部次長及衛生福利部次長等就「一、如何強化整合跨部會資源全面防制毒品入侵校園，建立定期追蹤機制；並檢視各部會反毒工作運作是否有所扞格，能否統合、發揮最大效力；二、如何防堵毒品化身為糖果、零食或飲料等新興毒品引誘青少年，加重違法業者刑責；三、就『有我無毒，反毒總動員』之執行成效及如何擴大協助毒品成癮者戒毒？」進行專題報告並備質詢。,賴瑞隆;陳怡潔;黃昭順;陳明文;林麗蟬;李俊俋;徐榛蔚;莊瑞雄;陳超明;谷辣斯．尤達卡Kolas Yotaka;江啟臣;鍾佳濱;趙天麟;邱志偉;陳其邁;楊鎮浯;黃國昌;吳琪銘;徐永明;鄭天財Sra．Kacaw;李彥秀;趙正宇;張麗善;柯志恩;曾銘宗;賴士葆;孔文吉;陳亭妃;陳歐珀;簡東明Uliw．Qaljupayare;王育敏;蕭美琴;高金素梅;陳雪生;何欣純;顏寬恒;葉宜津;鄭運鵬;林俊憲,
105/12/12,九樓大禮堂,財政委員會,無,立法院第9屆第2會期財政委員會第19次全體委員會議,一、彙總整理提出「中華民國106年度中央政府總預算案審查總報告草案」提報院會案。二、審查行政院函請審議「海關進口稅則部分稅則修正草案」案。,曾銘宗;黃國昌;吳秉叡;賴士葆;余宛如;王榮璋;邱泰源;施義芳;費鴻泰;張麗善;李彥秀;黃昭順;鄭天財Sra．Kacaw;陳亭妃;邱志偉;簡東明Uliw．Qaljupayare;何欣純;顏寬恒;林德福;江永昌;羅明才,
105/12/12,群賢樓101會議室,教育及文化委員會,無,立法院第9屆第2會期教育及文化委員會第15次全體委員會議,繼續審查106年度中央政府總預算案有關科技部及所屬單位預算案。(12月12日.14日及15日3天一次會),,
105/12/13,紅樓201會議室,程序委員會,無,第9屆第2會期程序委員會第15次會議,審定本院第9屆第2會期第15次會議議事日程及人 民請願案,陳曼麗;徐永明;李彥秀,
105/12/14,群賢樓101會議室,教育及文化委員會,無,立法院第9屆第2會期教育及文化委員會第15次全體委員會議,一、繼續審查106年度中央政府總預算案有關文化部及所屬單位預算案。二、繼續審查106年度行政法人國家表演藝術中心預算案。(12月12日.14日及15日3天一次會),,
105/12/14,紅樓202會議室,內政委員會,無,立法院第9屆第2會期內政委員會第19次全體委員會議,一、邀請行政院海岸巡防署署長李仲威率同所屬列席報告業務概況，並備質詢(含上會期臨時提案辦理情形)。二、處理105年度中央政府總預算有關行政院海岸巡防署及所屬預算凍結項目報告案計2案。三、審查106年度中央政府總預算案關於行政院海岸巡防署主管─海岸巡防署、海洋巡防總局、海岸巡防總局及所屬主管收支部分。四、審查行政院海岸巡防署及所屬近3年「補、捐（獎）助其他政府機關、團體或個人經費報告表」共1案。五、審查行政院海岸巡防署及所屬近3年「辦理政策宣導相關之廣告彙整表」共6案。,賴瑞隆;林麗蟬;陳怡潔;黃昭順;李俊俋;徐榛蔚;洪宗熠;莊瑞雄;谷辣斯．尤達卡Kolas Yotaka;陳其邁;趙天麟;陳超明;鄭天財Sra．Kacaw;孔文吉;徐永明;楊鎮浯;陳歐珀;羅明才;王惠美;陳賴素美;周陳秀霞;蕭美琴;劉櫂豪;葉宜津;林德福;江啟臣;吳琪銘,
105/12/14,紅樓302會議室,司法及法制委員會,無,立法院第9屆第2會期司法及法制委員會第21次全體委員會議,審查司法院函送「財團法人法律扶助基金會106年度預算書」案。,林德福;柯建銘;張宏陸;許毓仁;周春米;周陳秀霞;鄭天財Sra．Kacaw;徐永明;孔文吉;林為洲;江啟臣;蔡易餘;羅明才;王惠美;陳賴素美;尤美女;谷辣斯．尤達卡Kolas Yotaka;黃昭順;陳歐珀;郭正亮,
105/12/14,紅樓101會議室,經濟委員會,無,立法院第9屆第2會期經濟委員會第13次全體委員會議,繼續併案審查行政院函請審議、本院委員高志鵬等51人擬具、委員張麗善等27人擬具、委員王惠美等16人擬具、委員廖國棟等17人擬具、委員陳曼麗等17人擬具「電業法修正草案」與委員劉建國等16人擬具「電業法增訂第五十六條之一條文草案」、委員鄭運鵬等17人擬具「電業法增訂第六十五條之二條文草案」、委員蔣乃辛等19人擬具「電業法第六十五條條文修正草案」、親民黨黨團擬具「電業法部分條文修正草案」及委員盧秀燕等16人擬具「電業法第六十五條條文修正草案」等11案。(逐條討論)(12月12日、14日、15日三天一次會),,
105/12/14,紅樓301會議室,外交及國防委員會,無,立法院第9屆第2會期外交及國防委員會第17次全體委員會議,繼續審查106年度中央政府總預算案附屬單位預算關於國防部主管非營業基金： （一）作業基金：1、國軍生產及服務作業基金。2、國軍老舊眷村改建基金。 （二）資本計畫基金－國軍營舍及設施改建基金(處理)【12月12日及14日二天一次會】,,
105/12/14,紅樓201會議室,交通委員會,無,立法院第9屆第2會期交通委員會第18次全體委員會議,一、繼續審查106年度中央政府總預算案附屬單位預算非營業部分關於交通部主管交通作業基金－國道公路建設管理基金分預算。二、繼續審查106年度中央政府總預算案附屬單位預算非營業部分關於交通部主管交通作業基金－高速鐵路相關建設基金分預算。(預算處理)(12月12日及14日二天一次會),,
105/12/14,九樓大禮堂,財政委員會,無,立法院第9屆第2會期財政委員會第20次全體委員會議,審查中華民國106年度中央政府總預算案附屬單位預算營業部分有關中國輸出入銀行、臺灣金融控股股份有限公司（含臺灣銀行股份有限公司、臺銀人壽保險股份有限公司、臺銀綜合證券股份有限公司）、臺灣土地銀行股份有限公司（含土銀保險經紀人股份有限公司）、財政部印刷廠。(12月14日及12月15日【兩天一次會】),吳秉叡;曾銘宗;黃國昌;賴士葆;余宛如;盧秀燕;施義芳;陳賴素美;邱泰源;費鴻泰;王榮璋;羅明才;林德福;黃昭順;陳歐珀;王惠美;周陳秀霞;鄭天財Sra．Kacaw;江永昌,
105/12/15,紅樓202會議室,內政委員會,無,立法院第9屆第2會期內政委員會第19次全體委員會議,一、繼續審查 （一）行政院函請審議「公民投票法部分條文修正草案」案。 （二）委員葉宜津等21人擬具「公民投票法部分條文修正草案」案。 （三）委員陳亭妃等22人擬具「公民投票法部分條文修正草案」案。 （四）委員高志鵬等21人擬具「公民投票法修正草案」案。 （五）委員林淑芬等20人擬具「公民投票法部分條文修正草案」案。 （六）委員李昆澤等28人擬具「公民投票法部分條文修正草案」案。 （七）委員尤美女等24人擬具「公民投票法第七條及第十八條條文修正草案」案。 （八）委員王定宇等18人擬具「公民投票法部分條文修正草案」案。 （九）委員鄭麗君等33人擬具「公民投票法修正草案」案。 （十）時代力量黨團擬具「公民投票法修正草案」案。 二、審查 （一）行政院函請審議「公民投票法第四十二條、第四十三條及第五十一條條文修正草案」案。 （二）委員費鴻泰等19人擬具「公民投票法部分條文修正草案」案。 （三）委員管碧玲等17人擬具「公民投票法第七條條文修正草案」案。（12月12、14及15日，三天一次會） ,,
105/12/15,群賢樓101會議室,教育及文化委員會,無,立法院第9屆第2會期教育及文化委員會第15次全體委員會議,一、繼續審查106年度中央政府總預算案有關文化部及所屬單位預算案。二、繼續審查106年度行政法人國家表演藝術中心預算案。(12月12日.14日及15日3天一次會),,
105/12/15,紅樓201會議室,交通委員會,無,立法院第9屆第2會期交通委員會第19次全體委員會議,一、審查委員鄭天財等19人擬具「發展觀光條例第二條條文修正草案」案。二、審查委員葉宜津等22人擬具「發展觀光條例增訂第三十七條之一、第五十五條之一及第五十五條之二條文草案」案。三、審查委員葉宜津等17人擬具「發展觀光條例第三十八條條文修正草案」案。四、審查委員蕭美琴等18人擬具「發展觀光條例部分條文修正草案」案。 (第四案若經院會復議，則不予審議)(以上合併詢答，分開審查),鄭寶清;趙正宇;李昆澤;陳歐珀;顏寬恒;鄭運鵬;林俊憲;簡東明Uliw．Qaljupayare;鄭天財Sra．Kacaw;陳素月;葉宜津;蕭美琴;李鴻鈞;鍾佳濱;徐榛蔚;王育敏;劉櫂豪;蔣萬安;孔文吉;鍾孔炤;羅明才;蔡易餘;邱志偉,
105/12/15,九樓大禮堂,財政委員會,無,立法院第9屆第2會期財政委員會第20次全體委員會議,繼續審查中華民國106年度中央政府總預算案附屬單位預算營業部分有關中國輸出入銀行、臺灣金融控股股份有限公司（含臺灣銀行股份有限公司、臺銀人壽保險股份有限公司、臺銀綜合證券股份有限公司）、臺灣土地銀行股份有限公司（含土銀保險經紀人股份有限公司）、財政部印刷廠。,,
105/12/15,群賢樓801會議室,社會福利及衛生環境委員會,無,立法院第9屆第2會期社會福利及衛生環境委員會第21次全體委員會議,邀請勞動部、交通部、原住民族委員會、行政院公共工程委員會、內政部營建署、內政部移民署、內政部警政署、經濟部工業局就「影響原住民族勞動權益專案報告─政府部門對原住民勞動條件、就業服務、職業訓練及職業災害等相關措施檢討；引進外籍勞工對原住民就業權益及勞動條件之影響；政府如何保障原住民勞動權益進而提升原住民勞工福祉」列席報告，並備質詢。,洪慈庸;陳曼麗;李彥秀;王育敏;陳宜民;蔣萬安;吳玉琴;鍾孔炤;林靜儀;陳瑩;鄭天財Sra．Kacaw;黃秀芳;劉建國;徐榛蔚;孔文吉;高潞．以用．巴魕剌Kawlo．Iyun．Pacidal;楊曜;顏寬恒;鍾佳濱;林淑芬,
105/12/15,紅樓302會議室,司法及法制委員會,無,立法院第9屆第2會期司法及法制委員會,「律師法修正草案」公聽會,,
105/12/15,紅樓101會議室,經濟委員會,無,立法院第9屆第2會期經濟委員會第13次全體委員會議,繼續併案審查行政院函請審議、本院委員高志鵬等51人擬具、委員張麗善等27人擬具、委員王惠美等16人擬具、委員廖國棟等17人擬具、委員陳曼麗等17人擬具「電業法修正草案」與委員劉建國等16人擬具「電業法增訂第五十六條之一條文草案」、委員鄭運鵬等17人擬具「電業法增訂第六十五條之二條文草案」、委員蔣乃辛等19人擬具「電業法第六十五條條文修正草案」、親民黨黨團擬具「電業法部分條文修正草案」及委員盧秀燕等16人擬具「電業法第六十五條條文修正草案」等11案。(逐條討論)(12月12日、14日、15日三天一次會),,
105/12/16,群賢樓101會議室,,無,立法院第121屆經費稽核委員會第8次會議,一、宣讀上次會議議事錄二、報告本院105年度預算執行情形(截至105年11月止),,
105/12/19,紅樓201會議室,交通委員會,無,立法院第9屆第2會期交通委員會第20次全體委員會議,上午： 一、繼續審查106年度中央政府總預算案附屬單位預算非營業部分關於交通部主管航港建設基金非營業預算。二、繼續審查106年度中央政府總預算案附屬單位預算營業部分關於交通部主管臺灣港務股份有限公司營業預算。(預算處理) ,,
105/12/19,群賢樓101會議室,教育及文化委員會,無,立法院第9屆第2會期教育及文化委員會第16次全體委員會議,繼續審查106年度中央政府總預算案有關教育部及所屬單位預算案。(12月19日.21日及22日3天一次會),,
105/12/19,群賢樓801會議室,社會福利及衛生環境委員會,無,立法院第9屆第2會期社會福利及衛生環境委員會第22次全體委員會議,繼續審查（一）本院民進黨黨團擬具「全民健康保險法第二十七條及第一百零四條條文修正草案」、（二）親民黨黨團擬具「全民健康保險法第九條、第十條及第二十七條條文修正草案」等2案。,,
105/12/19,紅樓201會議室,交通委員會,無,立法院第9屆第2會期交通委員會第20次全體委員會議,下午： 繼續審查106年度中央政府總預算案附屬單位預算營業部分關於交通部主管桃園國際機場股份有限公司營業預算。(預算處理),,
105/12/19,紅樓302會議室,司法及法制委員會,無,立法院第9屆第2會期司法及法制委員會第22次全體委員會議,一、邀請司法院秘書長、法務部部長列席就「法院及檢察署法警體制現況檢討」進行專題報告，並備質詢。二、審查106年度中央政府總預算案附屬單位預算非營業部分關於法務部主管「法務部矯正機關作業基金」收支部分。三、審查法務部函送財團法人臺灣更生保護會、財團法人福建更生保護會及財團法人犯罪被害人保護協會106年度預算書案。四、繼續審查委員陳超明等23 人擬具「民事訴訟法第二百五十四條條文修正草案」案。五、繼續審查委員陳超明等25 人擬具「民事訴訟法施行法第四條之五及第十二條條文修正草案」案。六、繼續審查委員鄭運鵬等18 人擬具「民事訴訟法部分條文修正草案」案。（12月19日及21日兩天一次會）,段宜康;林德福;張宏陸;周春米;許淑華;周陳秀霞;鍾佳濱;鄭天財Sra．Kacaw;林為洲;張麗善;黃國昌;尤美女;黃昭順;徐永明;蔡易餘;孔文吉;羅明才;何欣純;徐榛蔚;許毓仁;郭正亮;王惠美;邱志偉;陳明文,
105/12/19,紅樓101會議室,經濟委員會,無,立法院第9屆第2會期經濟委員會第14次全體委員會議,一、審查106年度中央政府總預算案附屬單位預算非營業部分關於行政院主管：行政院國家發展基金、離島建設基金及花東地區永續發展基金。（詢答）二、審查106年度中央政府總預算案附屬單位預算非營業部分關於行政院農業委員會主管：農業作業基金、農業特別收入基金。(詢答),黃偉哲;蕭美琴;孔文吉;張麗善;徐永明;蘇震清;廖國棟Sufin．Siluko;陳明文;王惠美;管碧玲;邱志偉;施義芳;鄭天財Sra．Kacaw;林德福;黃昭順;顏寬恒;劉櫂豪;徐榛蔚;高金素梅;何欣純;羅明才;江啟臣;周陳秀霞;邱議瑩;鍾佳濱;蔡培慧;賴瑞隆;谷辣斯．尤達卡Kolas Yotaka;高潞．以用．巴魕剌Kawlo．Iyun．Pacidal;鍾孔炤,
105/12/19,紅樓202會議室,內政委員會,無,立法院第9屆第2會期內政委員會第20次全體委員會議,一、繼續審查106年度中央政府總預算案關於行政院大陸委員會主管收支部分。 二、繼續審查行政院大陸委員會函送財團法人海峽交流基金會106年度預算書及相關資料案。 三、繼續審查行政院大陸委員會函送財團法人臺港經濟文化合作策進會106年度預算書案。 四、繼續審查行政院大陸委員會近3年「補、捐（獎）助其他政府機關、團體或個人經費報告表」共5案。 五、繼續審查行政院大陸委員會近3年「辦理政策宣導相關之廣告彙整表」共4案。。,,
105/12/19,九樓大禮堂,財政委員會,無,立法院第9屆第2會期財政委員會第21次全體委員會議,一、繼續審查本院委員曾銘宗等17人擬具「保險法增訂第一百三十六條之一條文草案」案、委員余宛如等17人擬具「保險法增訂部分條文草案」案及委員賴士葆等20人 擬具「保險法增訂第一百三十六條之一條文草案」案等3案。二、繼續審查本院委員曾銘宗等17人擬具「證券交易法增訂第四十四條之一條文草案」案、委員余宛如等16人擬具「證券交易法增訂部分條文草案」案及委員賴士葆等20人 擬具「證券交易法增訂第四十四條之一條文草案」案等3案。三、繼續審查本院委員曾銘宗等17人擬具「銀行法增訂第二十二條之一條文草案」案、委員余宛如等16人擬具「銀行法增訂部分條文草案」案、委員許毓仁等17人擬具「銀行法部分條文修正草案」案及委員賴士葆等20人 擬具「銀行法增訂第二十二條之一條文草案」案等4案。四、繼續審查本院委員曾銘宗等17人擬具「期貨交易法增訂第五十六條之一條文草案」案、委員余宛如等16人擬具「期貨交易法增訂部分條文草案」案及委員賴士葆等20人 擬具「期貨交易法增訂第五十六條之一條文草案」案等3案。五、繼續審查本院委員余宛如等16人擬具「信託業法增訂部分條文草案」案及委員賴士葆等20人 擬具「信託業法增訂第三條之一條文草案」案等2案。六、繼續審查本院委員曾銘宗等17人擬具「證券投資信託及顧問法增訂第三條之一條文草案」案、委員余宛如等16人擬具「證券投資信託及顧問法增訂部分條文草案」案及委員賴士葆等20人 擬具「證券投資信託及顧問法增訂第三條之一條文草案」案等3案。七、繼續審查本院委員曾銘宗等17人擬具「電子票證發行管理條例增訂第五條之二條文草案」案、委員余宛如等16人擬具「電子票證發行管理條例增訂部分條文草案」案及委員賴士葆等20人 擬具「電子票證發行管理條例增訂第五條之二條文草案」案等3案。八、繼續審查本院委員曾銘宗等17人擬具「電子支付機構管理條例增訂第三條之一條文草案」案、委員余宛如等16人擬具「電子支付機構管理條例增訂部分條文草案」案及委員賴士葆等20人 擬具「電子支付機構管理條例增訂第三條之一條文草案」案等3案。(12月19日及12月21日【兩天一次會】) ,,
105/12/20,紅樓201會議室,程序委員會,無,第9屆第2會期程序委員會第16次會議,審定本院第9屆第2會期第16次會議議事日程及人 民請願案,吳玉琴;林德福;徐永明,
105/12/21,群賢樓801會議室,社會福利及衛生環境委員會,財政委員會,立法院第9屆第2會期社會福利及衛生環境、財政二委員會第1次聯席會議,審查（一）行政院函請審議「長期照顧服務法部分條文修正草案」案、（二）本院委員顏寬恒等16人擬具「長期照顧服務法部分條文修正草案」等2案。,洪慈庸;吳秉叡;曾銘宗;林靜儀;陳曼麗;王榮璋;吳焜裕;邱泰源;陳宜民;蔣萬安;劉建國;李彥秀;楊曜;賴士葆;鄭天財Sra．Kacaw;黃秀芳;吳玉琴;費鴻泰;鍾孔炤;呂玉玲;陳賴素美;盧秀燕;孔文吉;陳怡潔;江啟臣;張麗善;林麗蟬;王惠美;廖國棟Sufin．Siluko;黃昭順;陳瑩;王育敏;施義芳;鍾佳濱;周陳秀霞;林淑芬;江永昌,
105/12/21,紅樓101會議室,經濟委員會,社會福利及衛生環境委員會,立法院第9屆第2會期經濟、社會福利及衛生環境兩委員會第1次聯席會議,一、併案審查行政院函請審議、本院委員黃昭順等21人擬具「生技新藥產業發展條例第三條條文修正草案」及委員張麗善等27人擬具「生技新藥產業發展條例第三條及第八條之一條文修正草案」案。二、審查本院委員曾銘宗等20人擬具「生技新藥產業發展條例第十條、第十一條及第十一條之一條文修正草案」案。,邱議瑩;黃偉哲;徐永明;陳宜民;林靜儀;洪慈庸;陳曼麗;陳明文;蘇震清;王惠美;張麗善;李彥秀;林淑芬;林岱樺;曾銘宗;賴瑞隆;邱志偉;蔣萬安;王育敏;廖國棟Sufin．Siluko;管碧玲;高志鵬;劉建國;孔文吉;江啟臣;鍾佳濱;陳怡潔;鄭天財Sra．Kacaw;周陳秀霞;劉世芳;黃昭順;陳瑩;吳焜裕;鍾孔炤,
105/12/21,紅樓302會議室,司法及法制委員會,無,立法院第9屆第2會期司法及法制委員會第22次全體委員會議,七、繼續審查106年度中央政府總預算案附屬單位預算非營業部分關於考試院考選部主管「考選業務基金」收支部分。八、繼續審查106年度中央政府總預算案附屬單位預算非營業部分關於考試院銓敘部主管「公務人員退休撫卹基金」收支部分。（12月19日及21日兩天一次會）,,
105/12/21,紅樓202會議室,財政委員會,無,立法院第9屆第2會期財政委員會第21次全體委員會議,一、繼續審查本院委員曾銘宗等17人擬具「保險法增訂第一百三十六條之一條文草案」案、委員余宛如等17人擬具「保險法增訂部分條文草案」案及委員賴士葆等20人 擬具「保險法增訂第一百三十六條之一條文草案」案等3案。二、繼續審查本院委員曾銘宗等17人擬具「證券交易法增訂第四十四條之一條文草案」案、委員余宛如等16人擬具「證券交易法增訂部分條文草案」案及委員賴士葆等20人 擬具「證券交易法增訂第四十四條之一條文草案」案等3案。三、繼續審查本院委員曾銘宗等17人擬具「銀行法增訂第二十二條之一條文草案」案、委員余宛如等16人擬具「銀行法增訂部分條文草案」案、委員許毓仁等17人擬具「銀行法部分條文修正草案」案及委員賴士葆等20人 擬具「銀行法增訂第二十二條之一條文草案」案等4案。四、繼續審查本院委員曾銘宗等17人擬具「期貨交易法增訂第五十六條之一條文草案」案、委員余宛如等16人擬具「期貨交易法增訂部分條文草案」案及委員賴士葆等20人 擬具「期貨交易法增訂第五十六條之一條文草案」案等3案。五、繼續審查本院委員余宛如等16人擬具「信託業法增訂部分條文草案」案及委員賴士葆等20人 擬具「信託業法增訂第三條之一條文草案」案等2案。六、繼續審查本院委員曾銘宗等17人擬具「證券投資信託及顧問法增訂第三條之一條文草案」案、委員余宛如等16人擬具「證券投資信託及顧問法增訂部分條文草案」案及委員賴士葆等20人 擬具「證券投資信託及顧問法增訂第三條之一條文草案」案等3案。七、繼續審查本院委員曾銘宗等17人擬具「電子票證發行管理條例增訂第五條之二條文草案」案、委員余宛如等16人擬具「電子票證發行管理條例增訂部分條文草案」案及委員賴士葆等20人 擬具「電子票證發行管理條例增訂第五條之二條文草案」案等3案。八、繼續審查本院委員曾銘宗等17人擬具「電子支付機構管理條例增訂第三條之一條文草案」案、委員余宛如等16人擬具「電子支付機構管理條例增訂部分條文草案」案及委員賴士葆等20人 擬具「電子支付機構管理條例增訂第三條之一條文草案」案等3案。(12月19日及12月21日【兩天一次會】) ,,
105/12/21,群賢樓101會議室,教育及文化委員會,無,立法院第9屆第2會期教育及文化委員會第16次全體委員會議,一、繼續審查106年度中央政府總預算案有關中央研究院單位預算案。二、繼續審查106年度中央研究院科學研究基金附屬單位預算案。(12月19日.21日及22日3天一次會),,
105/12/21,九樓大禮堂,內政委員會,無,立法院第9屆第2會期內政委員會第21次全體委員會議,審查106年度中央政府總預算案關於不當黨產處理委員會收支部分。,趙天麟;陳怡潔;賴瑞隆;李俊俋;莊瑞雄;谷辣斯．尤達卡Kolas Yotaka;王育敏;洪宗熠;孔文吉;陳其邁;姚文智;柯志恩;黃昭順;林麗蟬;林昶佐;陳宜民;李彥秀;曾銘宗;鄭天財Sra．Kacaw;林為洲;劉建國;林德福;廖國棟Sufin．Siluko;王惠美;鍾孔炤;張麗善;周陳秀霞;楊鎮浯;陳明文;江啟臣;吳志揚;徐榛蔚;陳超明;呂玉玲;吳琪銘;許毓仁,
105/12/21,紅樓301會議室,外交及國防委員會,無,立法院第9屆第2會期外交及國防委員會第18次全體委員會議,邀請外交部部長李大維、亞東關係協會會長邱義仁、經濟部次長、衛生福利部次長、行政院農業委員會副主任委員報告「臺日EPA談判相關進度，與臺日經貿合作發展現況、後續推動規劃」，並備質詢。,蔡適應;江啟臣;林昶佐;徐志榮;羅致政;陳亭妃;劉世芳;呂玉玲;王定宇;徐永明;呂孫綾;高金素梅;王惠美;陳宜民;馬文君;陳明文;邱志偉;李彥秀;王育敏;廖國棟Sufin．Siluko;黃昭順;周陳秀霞;谷辣斯．尤達卡Kolas Yotaka;鍾佳濱;鄭天財Sra．Kacaw;徐榛蔚;孔文吉;林德福,
105/12/22,紅樓301會議室,外交及國防委員會,無,立法院第9屆第2會期外交及國防委員會第19次全體委員會議,邀請國防部部長馮世寬報告「民國107年國防部停止徵集義務役役男及實質達成募兵制目標之相關規劃、執行進程」，並備質詢。,蔡適應;羅致政;江啟臣;林昶佐;馬文君;劉世芳;徐志榮;王定宇;呂玉玲;呂孫綾;鍾佳濱;鄭天財Sra．Kacaw;林德福;張麗善;徐永明;王惠美;徐榛蔚;羅明才;谷辣斯．尤達卡Kolas Yotaka,
105/12/22,群賢樓801會議室,社會福利及衛生環境委員會,無,立法院第9屆第2會期社會福利及衛生環境委員會第23次全體委員會議,審查（一）本院委員鍾孔炤等18人擬具「勞資爭議處理法第六條條文修正草案」、（二）委員林德福等24人擬具「勞資爭議處理法第六十五條條文修正草案」、（三）時代力量黨團擬具「勞資爭議處理法第四十三條條文修正草案」等3案。,洪慈庸;陳曼麗;陳宜民;李彥秀;黃秀芳;林靜儀;吳玉琴;陳瑩;王育敏;蔣萬安;吳焜裕;楊曜;鍾孔炤;林淑芬;黃國昌;鄭天財Sra．Kacaw;張麗善;劉建國;盧秀燕;徐榛蔚;羅明才;邱泰源;高潞．以用．巴魕剌Kawlo．Iyun．Pacidal;吳秉叡;王惠美,
105/12/22,紅樓101會議室,經濟委員會,無,立法院第9屆第2會期經濟委員會第15次全體委員會議,一、邀請國家發展委員會主任委員、經濟部部長，針對國內促進投資、招商等景氣復甦相關工作成果進行報告，並備質詢。二、審查行政院函請審議「專利法部分條文修正草案」案。三、審查本院委員管碧玲等20 人擬具「專利法部分條文修正草案」案。,林岱樺;陳明文;王惠美;徐永明;蘇震清;黃偉哲;廖國棟Sufin．Siluko;張麗善;管碧玲;鍾佳濱;陳曼麗;曾銘宗;江啟臣;鄭天財Sra．Kacaw;馬文君;蘇治芬;賴瑞隆;徐榛蔚;呂玉玲;黃秀芳;羅明才;劉世芳;施義芳;林德福;邱志偉;高志鵬;鍾孔炤,
105/12/22,紅樓302會議室,司法及法制委員會,無,立法院第9屆第2會期司法及法制委員會第23次全體委員會議,一、審查委員王定宇等26 人擬具「政務人員退職撫卹條例第十二條條文修正草案」案。二、併案審查（一）時代力量黨團擬具「公教人員退職退休給與併計黨務年資處理條例草案」及（二）委員陳其邁等20人擬具「公教人員退職退休給與併計黨務人員年資處理條例草案」案。,柯建銘;段宜康;林德福;周春米;張宏陸;徐永明;鄭天財Sra．Kacaw;許淑華;尤美女;張麗善;王惠美;徐榛蔚;羅明才;劉世芳;呂玉玲;許毓仁;林為洲;江啟臣;郭正亮,
105/12/22,群賢樓101會議室,教育及文化委員會,無,立法院第9屆第2會期教育及文化委員會第16次全體委員會議,繼續審查106年度中央政府總預算案有關教育部及所屬單位預算案。(12月19日.21日及22日3天一次會),,
105/12/22,紅樓202會議室,內政委員會,無,立法院第9屆第2會期內政委員會第21次全體委員會議,繼續審查106年度中央政府總預算案不當黨產處理委員會收支部分。（12月21、22日二天一次會）,,
105/12/22,九樓大禮堂,財政委員會,無,立法院第9屆第2會期財政委員會第22次全體委員會議,審查中華民國106年度中央政府總預算案有關補助直轄市及縣市政府。災害準備金。第二預備金。融資財源調度部分。,黃國昌;邱泰源;曾銘宗;賴士葆;王榮璋;施義芳;費鴻泰;陳賴素美;余宛如;羅明才;鄭天財Sra．Kacaw;盧秀燕;吳秉叡;張麗善;林德福;王惠美;江永昌,
105/12/26,群賢樓101會議室,教育及文化委員會,無,立法院第9屆第2會期教育及文化委員會第17次全體委員會議,一、繼續審查106年度中央政府總預算案有關教育部及所屬單位預算案。二、繼續審查106年度教育部主管51所國立大學校院校務基金、國立臺灣大學附設醫院作業基金、國立成功大學附設醫院作業基金、國立陽明大學附設醫院作業基金、國立社教機構作業基金、國立高級中等學校校務基金、學產基金、運動發展基金及大專校院轉型及退場基金附屬單位預算案。三、繼續審查106年度行政法人國家運動訓練中心預算案。四、繼續併案審查委員陳學聖等28人、委員許智傑等17人、委員黃國書等16人擬具「教保服務人員條例草案」案。,,
105/12/26,紅樓302會議室,司法及法制委員會,無,立法院第9屆第2會期司法及法制委員會第24次全體委員會議,一、繼續審查（一）委員尤美女等48人擬具「民法親屬編部分條文修正草案」、（二）委員許毓仁等17人擬具「民法第一千一百三十八條及第一千二百二十三條條文修正草案」、（三）委員許毓仁等17人擬具「民法親屬編部分條文修正草案」及（四）時代力量黨團擬具「民法部分條文修正草案」案。二、審查委員蔡易餘等18人擬具「民法親屬編增訂部分條文草案」案。三、繼續審查時代力量黨團擬具「家事事件法部分條文修正草案」案。,,
105/12/26,紅樓202會議室,財政委員會,無,立法院第9屆第2會期財政委員會第23次全體委員會議,一、審查行政院函請審議「稅捐稽徵法第二十三條條文修正草案」案。二、審查本院委員邱志偉等19人擬具「稅捐稽徵法第二十三條條文修正草案」案。三、審查行政院函請審議「貨物稅條例第十二條之三條文修正草案」案。(第一案、第二案及第三案業經各黨團簽署「不復議同意書」在案。) 四、審查本院委員許毓仁等24人、委員羅明才等19人、委員費鴻泰等16人、委員盧秀燕等16人及委員趙天麟等21人分別擬具「貨物稅條例第十二條之三條文修正草案」案等5案。五、審查本院委員管碧玲等16人擬具「貨物稅條例第十一條及第十二條之三條文修正草案」案。六、審查本院委員邱議瑩等17人擬具「貨物稅條例第十二條及第十二條之三條文修正草案」案。七、審查本院委員余宛如等16人擬具「貨物稅條例第十二條之三及第三十七條條文修正草案」案。八、審查本院委員邱泰源等25人擬具「關稅法第四十九條條文修正草案」案。,吳秉叡;黃國昌;曾銘宗;盧秀燕;余宛如;王榮璋;賴士葆;邱泰源;陳賴素美;施義芳;費鴻泰;羅明才;趙天麟;管碧玲;邱志偉;鄭天財Sra．Kacaw;孔文吉;鍾佳濱;林麗蟬;徐永明;張麗善;王惠美;陳明文;邱議瑩;賴瑞隆;簡東明Uliw．Qaljupayare;蕭美琴;黃昭順;呂玉玲;陳歐珀;徐榛蔚;周陳秀霞;蔣乃辛;林德福;黃偉哲;陳怡潔;江永昌,
105/12/26,九樓大禮堂,內政委員會,無,立法院第9屆第2會期內政委員會第22次全體委員會議,一、審查行政院函請審議「公職人員選舉罷免法部分條文修正草案」案。 二、審查行政院函請審議「政治獻金法第二十五條及第二十六條條文修正草案」案。 三、審查行政院函請審議「總統副總統選舉罷免法部分條文修正草案」案。 四、審查「消防法」： （一）行政院函請審議「消防法第九條、第十九條及第三十八條條文修正草案」案。 （二）委員洪宗熠等21人擬具「消防法第三十條條文修正草案」案。 （三）委員莊瑞雄等17人擬具「消防法第九條、第十九條及第三十八條條文修正草案」案。 五、審查「殯葬管理條例」： （一）委員邱議瑩等17人擬具「殯葬管理條例部分條文修正草案」案。 （二）委員趙天麟等17人擬具「殯葬管理條例第二十四條條文修正草案」案。 （三）委員趙天麟等16人擬具「殯葬管理條例部分條文修正草案」案。 六、審查行政院函請審議廢止「公葬條例」案。 七、審查行政院函請審議「香港澳門關係條例增訂第二十九條之一條文草案」案。,賴瑞隆;陳怡潔;李俊俋;林麗蟬;洪宗熠;楊鎮浯;黃昭順;莊瑞雄;徐榛蔚;陳其邁;趙天麟;鄭天財Sra．Kacaw;張麗善;王惠美;簡東明Uliw．Qaljupayare;林德福;谷辣斯．尤達卡Kolas Yotaka;呂玉玲;蕭美琴;周陳秀霞;羅明才;姚文智;吳琪銘;林俊憲;陳超明;邱議瑩;王榮璋,
105/12/26,紅樓201會議室,交通委員會,無,立法院第9屆第2會期交通委員會第21次全體委員會議,審查106年度中央政府總預算案附屬單位預算非營業部分關於交通部主管交通作業基金－觀光發展基金分預算。(詢答)(12月26日及28日二天一次會),鄭寶清;趙正宇;葉宜津;陳歐珀;鄭運鵬;林俊憲;李昆澤;鄭天財Sra．Kacaw;陳素月;陳雪生;簡東明Uliw．Qaljupayare;蕭美琴;李鴻鈞;鍾佳濱;孔文吉;王惠美;徐永明;劉櫂豪;江啟臣;高金素梅;邱志偉;林靜儀;黃昭順;呂玉玲;徐榛蔚;賴瑞隆;周陳秀霞;蔣乃辛;羅明才;張麗善;陳賴素美;黃偉哲;陳明文,
105/12/26,紅樓301會議室,外交及國防委員會,無,立法院第9屆第2會期外交及國防委員會第20次全體委,邀請外交部部長李大維、國家安全局局長彭勝竹、行政院大陸委員會副主任委員報告「台聖斷交事件之檢討與後續作為」，並備質詢。【12月26日、28日及29日三天一次會】,陳亭妃;羅致政;江啟臣;林昶佐;王定宇;劉世芳;呂玉玲;徐志榮;馬文君;孔文吉;陳明文;王育敏;呂孫綾;王惠美;張麗善;賴瑞隆;邱志偉;鍾佳濱;鄭天財Sra．Kacaw;簡東明Uliw．Qaljupayare;蕭美琴;林德福;黃昭順;徐榛蔚;周陳秀霞;陳賴素美;蔣乃辛;羅明才;李彥秀;姚文智;陳歐珀;谷辣斯．尤達卡Kolas Yotaka,
105/12/26,紅樓101會議室,經濟委員會,無,立法院第9屆第2會期經濟委員會第16次全體委員會議,審查行政院函請審議「農業金融法第三十九條、第四十條及第五十七條條文修正草案」案。(12月26日、28日、29日三天一次會),高志鵬;邱議瑩;徐永明;王惠美;孔文吉;蘇震清;黃偉哲;張麗善;陳明文;蘇治芬;管碧玲;曾銘宗;邱志偉;江啟臣;蔡易餘;陳怡潔;鄭天財Sra．Kacaw;陳歐珀;黃昭順;簡東明Uliw．Qaljupayare;呂玉玲;徐榛蔚;蕭美琴;劉世芳;周陳秀霞;陳賴素美;羅明才;蔣乃辛;鍾佳濱;陳曼麗,
105/12/27,紅樓201會議室,程序委員會,無,第9屆第2會期程序委員會第17次會議,審定本院第9屆第2會期第17次會議議事日程,陳曼麗;陳曼麗;徐永明;曾銘宗,
105/12/28,紅樓101會議室,經濟委員會,無,立法院第9屆第2會期經濟委員會第16次全體委員會議,一、繼續審查106年度中央政府總預算案附屬單位預算非營業部分關於經濟部主管：水資源作業基金。(處理)二、繼續審查106年度中央政府總預算案附屬單位預算營業部分關於經濟部主管：台灣自來水股份有限公司、台灣電力股份有限公司。(處理)(12月26日、28日、29日三天一次會),,
105/12/28,紅樓302會議室,司法及法制委員會,無,立法院第9屆第2會期司法及法制委員會第25次全體委員會議,一、邀請司法院秘書長、法務部部長、內政部次長、勞動部次長、衛生福利部次長、教育部次長就「外籍人士在台爭訟、就業、就醫、社福之語言翻譯需求短、中、長期因應政策」進行專題報告，並備質詢。二、審查委員周春米等20 人擬具「刑事訴訟法第三十一條之一、第三十三條及第三十四條之二條文修正草案」案。,林德福;柯建銘;周春米;許毓仁;許淑華;張宏陸;徐永明;黃國昌;林麗蟬;廖國棟Sufin．Siluko;吳志揚;蔣乃辛;黃昭順;徐榛蔚;蕭美琴;蔡易餘;羅明才;鄭天財Sra．Kacaw;尤美女;林為洲;鍾佳濱;鍾孔炤;段宜康,
105/12/28,紅樓202會議室,,無,立法院第9屆第2會期內政、財政委員會第1次聯席會議,審查行政院函請審議「臺灣與澳門避免航空企業雙重課稅協議」案。,陳怡潔;賴瑞隆;李俊俋;曾銘宗;盧秀燕;洪宗熠;陳超明;黃國昌;賴士葆;谷辣斯．尤達卡Kolas Yotaka;黃昭順;莊瑞雄;徐榛蔚;王榮璋;余宛如;羅明才;徐永明;吳志揚;鄭天財Sra．Kacaw;蔣乃辛;林德福;蕭美琴;鍾孔炤;趙天麟;施義芳;陳賴素美;吳琪銘;陳其邁;林麗蟬;費鴻泰;姚文智,
105/12/28,紅樓301會議室,外交及國防委員會,無,立法院第9屆第2會期外交及國防委員會第20次全體委員會議 ,繼續審查106年度中央政府總預算案附屬單位預算關於國防部主管非營業基金：(處理) 一、作業基金－國軍老舊眷村改建基金。 二、資本計畫基金－國軍營舍及設施改建基金。 【12月26日、28日及29日三天一次會】,,
105/12/28,紅樓201會議室,交通委員會,無,立法院第9屆第2會期交通委員會第21次全體委員會議,繼續審查106年度中央政府總預算案附屬單位預算非營業部分關於交通部主管交通作業基金－觀光發展基金分預算。(預算處理)(12月26日及28日二天一次會),,
105/12/28,九樓大禮堂,財政委員會,無,立法院第9屆第2會期財政委員會第24次全體委員會議,審查中華民國106年度中央政府總預算案附屬單位預算非營業部分有關作業基金：地方建設基金、國有財產開發基金。債務基金：中央政府債務基金。特別收入基金：行政院公營事業民營化基金。(12月28日及12月29日【兩天一次會】),曾銘宗;吳秉叡;黃國昌;盧秀燕;賴士葆;邱泰源;王榮璋;余宛如;陳賴素美;施義芳;林德福;鄭天財Sra．Kacaw;蔣乃辛;吳志揚;黃昭順;徐榛蔚;費鴻泰;羅明才;江永昌,
105/12/28,群賢樓101會議室,教育及文化委員會,無,立法院第9屆第2會期教育及文化委員會第18次全體委員會議,併案審查行政院函請審議、委員黃國書等23人擬具「國民體育法修正草案」、委員張廖萬堅等20人、委員何欣純等24人擬具「國民體育法部分條文修正草案」、委員李麗芬等20人擬具「國民體育法第一條、第五條及第十五條條文修正草案」、委員江啟臣等19人擬具「國民體育法第八條、第八條之一及第八條之二條文修正草案」、委員劉世芳等18人擬具「國民體育法第十條及第十二條條文修正草案」、委員段宜康等23人擬具「國民體育法第十四條條文修正草案」案。(12月28日.29日2天一次會),張廖萬堅;柯志恩;吳志揚;黃國書;蘇巧慧;吳思瑤;鍾佳濱;蔣乃辛;李麗芬;何欣純;高潞．以用．巴魕剌Kawlo．Iyun．Pacidal;徐永明;劉世芳;黃昭順;林德福;徐榛蔚;鄭天財Sra．Kacaw;鍾孔炤;蕭美琴;羅明才;陳賴素美;許毓仁;廖國棟Sufin．Siluko,
105/12/29,紅樓201會議室,財政委員會,無,立法院第9屆第2會期財政委員會第24次全體委員會議 ,繼續審查中華民國106年度中央政府總預算案附屬單位預算非營業部分有關作業基金：地方建設基金、國有財產開發基金。債務基金：中央政府債務基金。特別收入基金：行政院公營事業民營化基金。(12月28日及12月29日【兩天一次會】) ,,
105/12/29,群賢樓801會議室,社會福利及衛生環境委員會,無,立法院第9屆第2會期社會福利及衛生環境委員會第24次全體委員會議,邀請勞動部及行政院公共工程委員會就「因應大溪高中重大職災事件，三名死亡工作者未參加勞保，可能被認定為非職災事故。然而另二名死亡工作者則因有加入勞保而可認定為職災，造成同一工作場所事故卻同時存在職災與非職災的案例。爰就未加勞保勞工不幸發生職業災害，如何才能領取職業災害勞工保護法法定職災補助？我國職災勞工保護法施行成效及勞動部如何落實職災勞工保障」列席報告，並備質詢。,洪慈庸;吳焜裕;李彥秀;陳曼麗;吳玉琴;陳宜民;劉建國;王育敏;黃秀芳;鍾孔炤;蔣萬安;林靜儀;林淑芬;鄭天財Sra．Kacaw;曾銘宗;陳瑩;徐榛蔚;楊曜;簡東明Uliw．Qaljupayare;蕭美琴;邱志偉;周陳秀霞;谷辣斯．尤達卡Kolas Yotaka;陳歐珀;廖國棟Sufin．Siluko;蔣乃辛,
105/12/29,紅樓202會議室,內政委員會,司法及法制委員會,立法院第9屆第2會期內政、司法及法制委員會第3次聯席會議,一、審查委員羅致政等26人擬具「地方制度法第六十一條條文修正草案」案。二、審查委員趙天麟等21人擬具「地方制度法第六十一條條文修正草案」案。（第2案如經院會復議，則不予審查。）,賴瑞隆;徐榛蔚;陳怡潔;林德福;黃昭順;李俊俋;陳超明;洪宗熠;陳其邁;鄭天財Sra．Kacaw;周陳秀霞;許毓仁;姚文智;莊瑞雄;張宏陸;鍾佳濱;江啟臣;許淑華;羅致政;徐永明;谷辣斯．尤達卡Kolas Yotaka;陳亭妃;簡東明Uliw．Qaljupayare;蔣乃辛;陳歐珀;劉世芳;吳琪銘;尤美女;蔡易餘;趙天麟;林麗蟬;邱志偉,
105/12/29,紅樓301會議室,外交及國防委員會,無,立法院第9屆第2會期外交及國防委員會第20次全體委員會議 ,一、審查行政院函請審議「特種勤務條例第三條、第七條及第十四條條文修正草案」案。 二、審查本院委員王定宇等24人擬具「特種勤務條例第十四條條文修正草案」案。 三、審查本院委員羅致政等18人擬具「特種勤務條例第十四條條文修正草案」案。 四、審查本院委員羅致政等18人擬具「國軍退除役官兵輔導條例第二條條文修正草案」案。 五、審查本院委員羅致政等17人擬具「國軍退除役官兵輔導條例增訂第四條之一條文草案」案。 六、審查本院委員羅致政等24人擬具「國軍退除役官兵輔導條例第十七條條文修正草案」案。 七、審查本院委員蔡適應等19人擬具「國軍退除役官兵輔導條例刪除第二十條條文草案」案。 八、審查本院委員羅致政等20人擬具「國軍退除役官兵輔導條例刪除第二十四條條文草案」案。 九、審查本院委員劉世芳等17人擬具「國軍退除役官兵輔導條例第三十二條條文修正草案」案。【12月26日、28日及29日三天一次會】,蔡適應;江啟臣;劉世芳;陳亭妃;羅致政;王定宇;馬文君;林德福;鄭天財Sra．Kacaw;陳歐珀;徐永明;黃昭順;簡東明Uliw．Qaljupayare;鍾孔炤;蔣乃辛;邱志偉;周陳秀霞,
105/12/29,九樓大禮堂,交通委員會,無,立法院第9屆第2會期交通委員會第22次全體委員會議,邀請交通部部長賀陳旦、法務部次長、國防部次長、教育部次長、衛生福利部次長、內政部警政署副署長就「我國酒後駕車現況暨防制作為」列席報告，並備質詢；並請財政部、經濟部、金融監督管理委員會等列席。,鄭寶清;趙正宇;李昆澤;陳歐珀;葉宜津;鄭運鵬;林俊憲;鄭天財Sra．Kacaw;陳素月;簡東明Uliw．Qaljupayare;蕭美琴;曾銘宗;陳曼麗;黃國昌;劉櫂豪;林麗蟬;江啟臣;李彥秀;徐永明;蔡易餘;鍾佳濱;徐榛蔚;蔣乃辛;邱志偉;王惠美;陳雪生;李鴻鈞;吳焜裕;賴瑞隆;鍾孔炤;廖國棟Sufin．Siluko,
105/12/29,群賢樓101會議室,教育及文化委員會,無,立法院第9屆第2會期教育及文化委員會第18次全體委員會議,併案審查行政院函請審議「科學技術基本法部分條文修正草案」、委員陳亭妃等23人擬具「科學技術基本法第六條、第十二條及第十三條條文修正草案」、委員黃國書等19人擬具「科學技術基本法第十三條條文修正草案」、委員何欣純等26人擬具「科學技術基本法第十五條及第十七條條文修正草案」案。(12月28日.29日2天一次會),蘇巧慧;柯志恩;張廖萬堅;吳思瑤;吳志揚;鍾佳濱;黃國書;蔣乃辛;何欣純;李麗芬;陳學聖;徐永明;吳焜裕;葉宜津;林俊憲;曾銘宗;陳宜民;陳歐珀;高潞．以用．巴魕剌Kawlo．Iyun．Pacidal;鄭天財Sra．Kacaw;黃秀芳;賴瑞隆;陳亭妃;鍾孔炤;徐榛蔚;簡東明Uliw．Qaljupayare;蕭美琴;邱志偉;周陳秀霞,
105/12/29,紅樓302會議室,司法及法制委員會,無,立法院第9屆第2會期司法及法制委員會,「原墾民權益與環境保護、國土保安之衡平—因政策管理機關不同造成事權不一，未來原墾民地權應如何劃分權責主管機關」公聽會,,
105/12/29,紅樓101會議室,經濟委員會,無,立法院第9屆第2會期經濟委員會第16次全體委員會議,一、繼續審查106年度中央政府總預算案附屬單位預算非營業部分關於經濟部主管：水資源作業基金。(處理)二、繼續審查106年度中央政府總預算案附屬單位預算營業部分關於經濟部主管：台灣自來水股份有限公司、台灣電力股份有限公司。(處理)(12月26日、28日、29日三天一次會),,
106/01/05,紅樓201會議室,程序委員會,無,第9屆第2會期程序委員會第18次會議,審定本院第9屆第2會期第1次臨時會第1次會議議事日程,,
106/02/14,紅樓201會議室,程序委員會,無,第9屆第3會期程序委員會第1次會議,審定本院第9屆第3會期第1次會議議事日程及 人民請願案,,
106/02/20,九樓大禮堂,,無,第9屆第3會期第1次全院委員會 ,「行使考試院副院長及考試委員同意權案」公聽會,林為洲;李麗芬;周陳秀霞;高潞．以用．巴魕剌Kawlo．Iyun．Pacidal;陳宜民;王定宇,
106/02/21,紅樓201會議室,程序委員會,無,第9屆第3會期程序委員會第2次會議,一、審定本院第9屆第3會期第2次會議議事日程及     人民請願案 二、審定本院第9屆第3會期第1次全院委員會議事     日程,,
106/02/23,紅樓302會議室,司法及法制委員會,無,立法院第9屆第3會期司法及法制委員會第1次全體委員會議,選舉第9屆第3會期本會召集委員,,
106/02/23,群賢樓801會議室,社會福利及衛生環境委員會,無,立法院第9屆第3會期社會福利及衛生環境委員會第1次全體委員會議,選舉第9屆第3會期本會召集委員。,,
106/02/23,九樓大禮堂,財政委員會,無,立法院第9屆第3期財政委員會第1次全體委員會議,選舉立法院第9屆第3期本會召集委員,,
106/02/23,紅樓202會議室,內政委員會,無,立法院第9屆第3會期內政委員會第1次全體委員會議,選舉本會召集委員,,
106/02/23,群賢樓101會議室,教育及文化委員會,無,立法院第9屆第3會期教育及文化委員會第1次全體委員會議,選舉第9屆第3會期本會召集委員,,
106/02/23,紅樓101會議室,經濟委員會,無,立法院第9屆第3會期經濟委員會第1次全體委員會議,選舉立法院第9屆第3會期本會召集委員,,
106/02/23,紅樓201會議室,交通委員會,無,立法院第9屆第3會期交通委員會第1次全體委員會議,選舉第9屆第3會期本會召集委員,,
106/02/23,紅樓301會議室,外交及國防委員會,無,立法院第9屆第3會期外交及國防委員會第1次全體委員會議,選舉第9屆第3會期本會召集委員,,
106/03/01,紅樓101會議室,經濟委員會,無,立法院第9屆第3會期經濟委員會第2次全體委員會議,邀請國家發展委員會主任委員列席報告業務概況，並備質詢。(3月1日、3月2日二天一次會),黃偉哲;邱議瑩;徐永明;高志鵬;張麗善;孔文吉;蕭美琴;王惠美;陳明文;蘇震清;邱志偉;蘇治芬;陳超明;鄭天財Sra．Kacaw;許毓仁;管碧玲;陳曼麗;鄭運鵬;江啟臣;鍾佳濱;曾銘宗;顏寬恒;林俊憲;陳歐珀;黃昭順;賴瑞隆;廖國棟Sufin．Siluko;劉櫂豪;陳賴素美;黃秀芳;葉宜津;蔡易餘;呂玉玲;馬文君;簡東明Uliw．Qaljupayare;徐榛蔚;劉建國;周陳秀霞;鍾孔炤;林德福;羅明才;周春米;劉世芳,
106/03/01,群賢樓802會議室,程序委員會,無,第9屆第3會期程序委員會第3次會議,一、選舉第9屆第3會期本會召集委員 二、審定本院第9屆第3會期第3次會議議事日程及     人民請願案,,
106/03/01,紅樓201會議室,交通委員會,無,立法院第9屆第3會期交通委員會第2次全體委員會議,邀請交通部部長賀陳旦、勞動部次長、內政部次長、法務部次長、金融監督管理委員會副主任委員及保險局局長就「106年2月13日國道5號重大交通事故及其後續處理檢討」列席報告，並備質詢。,陳歐珀;趙正宇;李昆澤;鄭寶清;鄭運鵬;林俊憲;洪慈庸;黃國書;鍾佳濱;李鴻鈞;陳素月;簡東明Uliw．Qaljupayare;周春米;徐榛蔚;施義芳;林德福;蕭美琴;江啟臣;陳怡潔;陳雪生;呂玉玲;孔文吉;王育敏;顏寬恒;劉櫂豪;徐永明;李彥秀;劉世芳;黃偉哲;賴士葆;王惠美;張麗善;賴瑞隆;黃昭順;陳明文;葉宜津;邱志偉;陳曼麗;鍾孔炤;黃國昌;蔣萬安;鄭天財Sra．Kacaw;林靜儀;陳賴素美;周陳秀霞;劉建國;羅明才;廖國棟Sufin．Siluko,
106/03/01,紅樓301會議室,外交及國防委員會,無,立法院第9屆第3會期外交及國防委員會第2次全體委員會議,邀請國軍退除役官兵輔導委員會主任委員李翔宙報告業務概況，並備質詢。,蔡適應;劉世芳;林昶佐;羅致政;江啟臣;王定宇;吳焜裕;莊瑞雄;呂玉玲;馬文君;許毓仁;賴士葆;王育敏;呂孫綾;孔文吉;段宜康;邱志偉;徐永明;林靜儀;鄭運鵬;陳宜民;黃偉哲;陳怡潔;陳歐珀;張麗善;黃昭順;廖國棟Sufin．Siluko;陳明文;劉櫂豪;葉宜津;鍾佳濱;鍾孔炤;蔡易餘;簡東明Uliw．Qaljupayare;林俊憲;徐榛蔚;陳其邁;周陳秀霞;蕭美琴;劉建國;顏寬恒;林德福;羅明才;陳賴素美,
106/03/01,群賢樓801會議室,社會福利及衛生環境委員會,無,立法院第9屆第3會期社會福利及衛生環境委員會第2次全體委員會議,一、邀請勞動部、文化部、原住民族委員會、財團法人原住民族文化事業基金會、財團法人公共電視文化事業基金會、財團法人中央廣播電臺就「勞動基準法修法後媒體勞動環境現況」列席報告，並備質詢。 二、邀請勞動部職業安全衛生署、交通部、交通部公路總局、交通部臺灣區國道高速公路局、交通部觀光局就「國道五號交通事件後針對『高工時、易過勞』之行業別進行勞動檢查暨歷年勞動檢查成果」列席報告，並備質詢。,陳宜民;李彥秀;陳曼麗;吳玉琴;黃秀芳;徐志榮;蔣萬安;邱泰源;林靜儀;許淑華;周陳秀霞;林淑芬;劉建國;陳瑩;李昆澤;鄭天財Sra．Kacaw;賴士葆;楊曜;陳怡潔;顏寬恒;蕭美琴;林俊憲;陳歐珀;鍾佳濱;黃偉哲;張麗善;林德福;劉世芳;王惠美;吳焜裕;黃昭順;陳明文;邱志偉;鍾孔炤;呂玉玲;簡東明Uliw．Qaljupayare;徐榛蔚;陳賴素美;羅明才;廖國棟Sufin．Siluko;谷辣斯．尤達卡Kolas Yotaka;江啟臣,
106/03/01,紅樓202會議室,內政委員會,無,立法院第9屆第3會期內政委員會第2次全體委員會議,審查行政院函請審議「都市危險及老舊建築物加速重建獎勵條例草案」案。,曾銘宗;顏寬恒;陳怡潔;趙天麟;張宏陸;林麗蟬;賴瑞隆;鄭天財Sra．Kacaw;黃昭順;洪宗熠;陳其邁;吳玉琴;吳琪銘;林昶佐;谷辣斯．尤達卡Kolas Yotaka;姚文智;高潞．以用．巴魕剌Kawlo．Iyun．Pacidal;孔文吉;李彥秀;劉世芳;王育敏;蕭美琴;林德福;黃偉哲;鄭運鵬;鍾佳濱;賴士葆;王惠美;張麗善;陳明文;葉宜津;邱志偉;劉櫂豪;蔣萬安;簡東明Uliw．Qaljupayare;呂玉玲;陳超明;徐榛蔚;林俊憲;陳雪生;陳賴素美;周陳秀霞;劉建國;徐永明;羅明才;廖國棟Sufin．Siluko;尤美女;江永昌;施義芳;林淑芬,
106/03/01,九樓大禮堂,財政委員會,無,立法院第9屆第3會期財政委員會第2次全體委員會議,邀請財政部許部長虞哲率所屬機關首長暨國營事業董事長、總經理(含各轉投資事業機構公股代表之董、監事)列席業務報告，並備質詢。(3月1日及3月2日兩天一次會) ,吳秉叡;黃國昌;郭正亮;賴士葆;林德福;費鴻泰;余宛如;王榮璋;施義芳;江永昌;陳賴素美;羅明才;曾銘宗;江啟臣;鄭天財Sra．Kacaw;顏寬恒;陳怡潔;鍾佳濱;蕭美琴;林俊憲;陳歐珀;黃偉哲;張麗善;劉世芳;王惠美;黃昭順;陳明文;邱志偉;鍾孔炤;呂玉玲;簡東明Uliw．Qaljupayare;徐榛蔚;周陳秀霞;劉建國;廖國棟Sufin．Siluko,
106/03/01,紅樓302會議室,司法及法制委員會,無,立法院第9屆第3會期司法及法制委員會第2次全體委員會議,併案審查行政院函請審議及委員林為洲等19人、委員李俊俋等26人、委員陳亭妃等19人分別擬具「組織犯罪防制條例部分條文修正草案」案。,王育敏;柯建銘;葉宜津;廖國棟Sufin．Siluko;劉櫂豪;段宜康;鍾孔炤;李俊俋;蔡易餘;林為洲;劉世芳;江啟臣;顏寬恒;陳怡潔;尤美女;林俊憲;鄭運鵬;孔文吉;鍾佳濱;徐永明;蕭美琴;林德福;黃偉哲;賴士葆;王惠美;張麗善;黃昭順;陳明文;邱志偉;莊瑞雄;呂玉玲;簡東明Uliw．Qaljupayare;周春米;徐榛蔚;周陳秀霞;劉建國;楊鎮浯;陳歐珀,
106/03/02,紅樓101會議室,經濟委員會,無,立法院第9屆第3會期經濟委員會第2次全體委員會議,邀請行政院農業委員會主任委員列席報告業務概況，並備質詢。(3月1日、3月2日二天一次會),黃偉哲;孔文吉;陳明文;高志鵬;徐永明;蕭美琴;蘇震清;張麗善;王惠美;林岱樺;蘇治芬;管碧玲;莊瑞雄;陳超明;邱志偉;鄭天財Sra．Kacaw;曾銘宗;徐榛蔚;劉建國;廖國棟Sufin．Siluko;林德福;陳亭妃;吳焜裕;蘇巧慧;李昆澤;鍾佳濱;賴瑞隆;盧秀燕;呂玉玲;江啟臣;劉世芳;馬文君;何欣純;高潞．以用．巴魕剌Kawlo．Iyun．Pacidal;蔣乃辛;施義芳;邱議瑩;鍾孔炤;谷辣斯．尤達卡Kolas Yotaka;陳賴素美;陳曼麗;周陳秀霞;蔣萬安;蔡培慧;羅明才,
106/03/02,群賢樓801會議室,社會福利及衛生環境委員會,無,立法院第9屆第3會期社會福利及衛生環境委員會第3次全體委員會議,邀請行政院環境保護署署長列席報告業務概況，並備質詢。,陳宜民;徐志榮;李彥秀;吳玉琴;蔣萬安;陳曼麗;林靜儀;許淑華;黃秀芳;楊曜;周陳秀霞;邱泰源;林淑芬;陳瑩;尤美女;蘇治芬;盧秀燕;劉建國;徐榛蔚;鄭天財Sra．Kacaw;吳焜裕;呂玉玲;孔文吉;張麗善;李昆澤;王惠美;蔣乃辛;邱志偉;廖國棟Sufin．Siluko;管碧玲;黃偉哲;陳賴素美;何欣純;黃昭順;羅明才;鍾孔炤;蕭美琴;曾銘宗;吳秉叡,
106/03/02,紅樓202會議室,內政委員會,無,立法院第9屆第3會期內政委員會第3次全體委員會議,邀請中央選舉委員會主任委員劉義周列席報告業務概況，並備質詢。,曾銘宗;賴瑞隆;張宏陸;鄭天財Sra．Kacaw;林麗蟬;黃昭順;谷辣斯．尤達卡Kolas Yotaka;陳其邁;洪宗熠;孔文吉;黃偉哲;徐榛蔚;吳琪銘;徐永明;呂玉玲;鍾佳濱;蔣萬安;林德福;張麗善;王惠美;陳明文;何欣純;馬文君;管碧玲;蔣乃辛;廖國棟Sufin．Siluko;羅明才;鍾孔炤;陳賴素美;周陳秀霞;劉櫂豪;趙天麟;姚文智,
106/03/02,紅樓301會議室,外交及國防委員會,無,立法院第9屆第3會期外交及國防委員會第3次全體委員會議,邀請國防部部長馮世寬報告業務概況，並備質詢。,蔡適應;呂玉玲;羅致政;江啟臣;吳焜裕;劉世芳;林昶佐;馬文君;莊瑞雄;王定宇;許毓仁;呂孫綾;黃偉哲;孔文吉;鍾佳濱;鄭天財Sra．Kacaw;徐永明;葉宜津;林德福;蔣萬安;蕭美琴;徐榛蔚;張麗善;賴士葆;王惠美;邱志偉;陳明文;何欣純;管碧玲;蔣乃辛;廖國棟Sufin．Siluko;黃昭順;羅明才;陳賴素美;鍾孔炤;周陳秀霞;劉櫂豪,
106/03/02,紅樓302會議室,司法及法制委員會,無,立法院第9屆第3會期司法及法制委員會第3次全體委員會議,邀請法務部部長率所屬單位主管列席報告業務概況及立法計畫，並備質詢。,劉櫂豪;柯建銘;葉宜津;段宜康;王育敏;鍾孔炤;廖國棟Sufin．Siluko;李俊俋;蔡易餘;江啟臣;尤美女;劉世芳;鄭天財Sra．Kacaw;楊鎮浯;黃偉哲;徐永明;孔文吉;蔣萬安;林德福;徐榛蔚;張麗善;賴士葆;王惠美;邱志偉;馬文君;陳明文;何欣純;管碧玲;蔣乃辛;黃昭順;羅明才;陳賴素美;周陳秀霞;林為洲;鍾佳濱;呂玉玲,
106/03/02,群賢樓101會議室,教育及文化委員會,無,立法院第9屆第3會期教育及文化委員會第2次全體委員會議,邀請教育部部長潘文忠報告業務概況，並備質詢。,陳亭妃;許智傑;蘇巧慧;吳思瑤;柯志恩;張廖萬堅;高金素梅;高潞．以用．巴魕剌Kawlo．Iyun．Pacidal;李麗芬;何欣純;蔣乃辛;蔡培慧;陳學聖;鍾佳濱;蕭美琴;陳宜民;鄭天財Sra．Kacaw;徐榛蔚;蘇治芬;徐永明;江啟臣;孔文吉;黃國書;盧秀燕;李昆澤;曾銘宗;邱志偉;林淑芬;廖國棟Sufin．Siluko;林德福;葉宜津;黃秀芳;呂玉玲;王惠美;陳明文;管碧玲;姚文智;蔡適應;吳焜裕;陳賴素美;張麗善;黃昭順;周陳秀霞;鍾孔炤;谷辣斯．尤達卡Kolas Yotaka;羅明才;黃偉哲,
106/03/02,九樓大禮堂,財政委員會,無,立法院第9屆第3會期財政委員會第2次全體委員會議,一、邀請中央銀行彭總裁淮南率所屬單位主管暨財金資訊股份有限公司董事長列席業務報告，並備質詢。二、審查中華民國106年度中央政府總預算案附屬單位預算營業部分有關中央銀行（含中央造幣廠、中央印製廠）。(3月1日及3月2日兩天一次會) ,吳秉叡;黃國昌;林德福;賴士葆;盧秀燕;郭正亮;陳賴素美;余宛如;施義芳;高志鵬;費鴻泰;羅明才;曾銘宗;蕭美琴;王榮璋;徐榛蔚;黃偉哲;張麗善;呂玉玲;孔文吉;何欣純;王惠美;蔣乃辛;邱志偉;廖國棟Sufin．Siluko;管碧玲;姚文智;周陳秀霞;鍾孔炤;江永昌,
106/03/06,九樓大禮堂,財政委員會,無,立法院第9屆第3會期財政委員會第3次全體委員會議,邀請行政院主計總處朱主計長澤民、審計部林審計長慶隆率所屬單位主管列席業務報告，並備質詢。(3月6日及3月8日兩天一次會) ,盧秀燕;吳秉叡;黃國昌;林德福;賴士葆;余宛如;王榮璋;郭正亮;施義芳;羅明才;江永昌;吳志揚;張麗善;簡東明Uliw．Qaljupayare;蔣萬安;陳賴素美;江啟臣;黃昭順;黃偉哲;鄭運鵬;林俊憲;陳歐珀;陳怡潔;邱志偉;管碧玲;周陳秀霞;蔣乃辛;徐榛蔚;呂玉玲;鍾孔炤;費鴻泰;高金素梅;鍾佳濱;曾銘宗,
106/03/06,紅樓202會議室,內政委員會,無,立法院第9屆第3會期內政委員會第4次全體委員會議,邀請內政部部長葉俊榮率同所屬列席報告業務概況，並備質詢。,曾銘宗;顏寬恒;陳怡潔;鄭天財Sra．Kacaw;黃昭順;林麗蟬;張宏陸;賴瑞隆;洪宗熠;陳其邁;谷辣斯．尤達卡Kolas Yotaka;蕭美琴;林德福;江啟臣;羅致政;黃國書;鍾佳濱;孔文吉;陳歐珀;鄭運鵬;黃國昌;高潞．以用．巴魕剌Kawlo．Iyun．Pacidal;林俊憲;黃偉哲;周春米;徐永明;徐榛蔚;廖國棟Sufin．Siluko;張麗善;管碧玲;邱志偉;陳雪生;楊鎮浯;吳志揚;鍾孔炤;呂玉玲;周陳秀霞;蔣乃辛;施義芳;趙天麟;吳思瑤;何欣純;簡東明Uliw．Qaljupayare;葉宜津;洪慈庸;蔡易餘;吳琪銘;姚文智;吳焜裕;李麗芬,
106/03/06,紅樓101會議室,經濟委員會,無,立法院第9屆第3會期經濟委員會第3次全體委員會議,邀請經濟部部長列席報告業務概況，並備質詢。,邱議瑩;王惠美;黃偉哲;孔文吉;徐永明;蕭美琴;管碧玲;張麗善;蘇震清;邱志偉;蘇治芬;陳超明;高志鵬;蔡易餘;黃昭順;鄭天財Sra．Kacaw;江啟臣;廖國棟Sufin．Siluko;吳志揚;蔡培慧;林德福;林岱樺;蔣萬安;曾銘宗;鄭運鵬;林俊憲;陳怡潔;顏寬恒;賴士葆;陳歐珀;賴瑞隆;徐榛蔚;蔣乃辛;呂玉玲;周陳秀霞;鍾孔炤;何欣純;劉世芳;羅明才;簡東明Uliw．Qaljupayare;鍾佳濱,
106/03/06,群賢樓801會議室,社會福利及衛生環境委員會,無,立法院第9屆第3會期社會福利及衛生環境委員會第4次全體委員會議,邀請行政院環境保護署署長、經濟部、台灣電力公司針對「大潭電廠環評急轉彎，能源安全與環境保護如何兼得及今年夏季限電危機因應」列席報告，並備質詢。,吳玉琴;陳宜民;陳曼麗;蔣萬安;吳志揚;黃秀芳;許淑華;邱泰源;周陳秀霞;徐志榮;陳瑩;林淑芬;楊曜;李彥秀;呂玉玲;王育敏;劉建國;黃昭順;江啟臣;張麗善;廖國棟Sufin．Siluko;黃偉哲;鄭運鵬;林俊憲;陳歐珀;林德福;賴士葆;陳怡潔;邱志偉;管碧玲;蔣乃辛;徐榛蔚;盧秀燕;鍾孔炤;鍾佳濱;簡東明Uliw．Qaljupayare;羅明才;林靜儀;吳秉叡;吳焜裕,
106/03/06,紅樓302會議室,司法及法制委員會,內政委員會,立法院第9屆第3會期司法及法制、內政委員會第1次聯席會議,審查行政院函請審議「行政院海岸巡防署海洋巡防總局組織條例第十條及第十一條條文修正草案」、「行政院海岸巡防署海岸巡防總局組織條例第十條條文修正草案」與「行政院海岸巡防署海岸巡防總局各地區巡防局組織通則第十條條文修正草案」案。,林為洲;張宏陸;賴瑞隆;王育敏;吳志揚;楊鎮浯;葉宜津;劉世芳;柯建銘;李俊俋;鍾孔炤;段宜康;尤美女;姚文智;谷辣斯．尤達卡Kolas Yotaka;蔡易餘;劉櫂豪,
106/03/06,紅樓302會議室,司法及法制委員會,無,立法院第9屆第3會期司法及法制委員會第4次全體委員會議,繼續併案審查行政院函請審議及委員林為洲等19人、委員李俊俋等26人、委員陳亭妃等19人分別擬具「組織犯罪防制條例部分條文修正草案」案。,,
106/03/06,紅樓201會議室,交通委員會,無,立法院第9屆第3會期交通委員會第3次全體委員會議,邀請交通部部長賀陳旦列席報告業務概況，並備質詢。（3月6日、8日及9日三天一次會）,鄭寶清;洪慈庸;趙正宇;李昆澤;鄭運鵬;陳雪生;林俊憲;黃國書;周春米;鍾佳濱;陳歐珀;陳素月;徐榛蔚;簡東明Uliw．Qaljupayare;葉宜津;鄭天財Sra．Kacaw;蕭美琴;黃昭順;江啟臣;羅致政;林德福;邱議瑩;吳思瑤;孔文吉;黃國昌;徐永明;吳志揚;廖國棟Sufin．Siluko;張麗善;賴士葆;邱志偉;楊鎮浯;管碧玲;蔡易餘;周陳秀霞;呂玉玲;蔣乃辛;黃偉哲;何欣純;吳焜裕;李鴻鈞;谷辣斯．尤達卡Kolas Yotaka;姚文智;林為洲;林淑芬;李麗芬;鍾孔炤,
106/03/06,紅樓301會議室,外交及國防委員會,無,立法院第9屆第3會期外交及國防委員會第4次全體委員會議,邀請外交部部長李大維報告業務概況，並備質詢。,蔡適應;羅致政;江啟臣;劉世芳;林昶佐;莊瑞雄;王定宇;呂玉玲;許毓仁;吳焜裕;鍾佳濱;呂孫綾;馬文君;邱志偉;徐永明;陳歐珀;林德福;黃偉哲;林俊憲;蕭美琴;吳志揚;林麗蟬;廖國棟Sufin．Siluko;張麗善;黃昭順;賴士葆;鄭運鵬;管碧玲;徐榛蔚;鍾孔炤;周陳秀霞;蔣乃辛;簡東明Uliw．Qaljupayare;孔文吉;葉宜津,
106/03/07,紅樓201會議室,程序委員會,無,第9屆第3會期程序委員會第4次會議, 審定本院第9屆第3會期第4次會議議事日程,廖國棟Sufin．Siluko;江啟臣;王育敏;林為洲;李彥秀;鍾孔炤,
106/03/08,群賢樓101會議室,教育及文化委員會,無,立法院第9屆第3會期教育及文化委員會第3次全體委員會議,邀請科技部陳良基部長報告業務概況，並備質詢。(2天1次會),蘇巧慧;柯志恩;張廖萬堅;吳思瑤;何欣純;許智傑;蔣乃辛;蔡培慧;徐永明;陳學聖;李麗芬;高潞．以用．巴魕剌Kawlo．Iyun．Pacidal;鄭天財Sra．Kacaw;顏寬恒;林德福;蔣萬安;賴士葆;黃昭順;李昆澤;盧秀燕;吳志揚;蕭美琴;高金素梅;林俊憲;孔文吉;江啟臣;廖國棟Sufin．Siluko;黃偉哲;張麗善;黃國書;賴瑞隆;劉世芳;鍾孔炤;簡東明Uliw．Qaljupayare;吳焜裕;呂玉玲;姚文智;周陳秀霞;王惠美;許毓仁;陳賴素美;徐榛蔚,
106/03/08,群賢樓801會議室,社會福利及衛生環境委員會,無,立法院第9屆第3會期社會福利及衛生環境委員會第5次全體委員會議,邀請勞動部部長、教育部針對「技術生、實習生勞動權益及『高級中等學校建教合作實施及建教生權益保障法』落實」列席報告，並備質詢。,陳宜民;李彥秀;劉建國;蔣萬安;邱泰源;林靜儀;陳曼麗;林淑芬;許淑華;黃秀芳;徐志榮;周陳秀霞;吳玉琴;陳瑩;鍾佳濱;楊曜;黃國昌;徐榛蔚;吳思瑤;蘇巧慧;賴士葆;鍾孔炤;柯志恩;黃國書;李昆澤;曾銘宗;呂玉玲;黃昭順;吳志揚;鄭天財Sra．Kacaw;黃偉哲;廖國棟Sufin．Siluko;盧秀燕;張麗善;何欣純;蔣乃辛;邱志偉;劉世芳;張廖萬堅;簡東明Uliw．Qaljupayare;高潞．以用．巴魕剌Kawlo．Iyun．Pacidal;江啟臣;吳焜裕;王惠美;陳賴素美;羅明才;吳秉叡,
106/03/08,紅樓101會議室,經濟委員會,無,立法院第9屆第3會期經濟委員會第4次全體委員會議,邀請公平交易委員會主任委員列席報告業務概況，並備質詢。,黃偉哲;徐永明;蕭美琴;孔文吉;高志鵬;蘇震清;陳明文;張麗善;管碧玲;邱志偉;王惠美;陳超明;廖國棟Sufin．Siluko;鄭天財Sra．Kacaw;林德福;賴士葆;盧秀燕;葉宜津;鍾佳濱;蘇巧慧;鄭運鵬;陳歐珀;林俊憲;曾銘宗;江啟臣;黃昭順;徐榛蔚;吳志揚;劉世芳;賴瑞隆;鍾孔炤;何欣純;簡東明Uliw．Qaljupayare;呂玉玲;周陳秀霞;陳賴素美;羅明才;邱議瑩;呂孫綾,
106/03/08,紅樓201會議室,交通委員會,無,立法院第9屆第3會期交通委員會第3次全體委員會議,邀請行政院公共工程委員會主任委員吳宏謀列席報告業務概況，並備質詢。（3月6日、8日及9日三天一次會）,鄭寶清;趙正宇;陳歐珀;鄭運鵬;黃國書;周春米;李昆澤;林俊憲;葉宜津;陳素月;徐榛蔚;鍾佳濱;簡東明Uliw．Qaljupayare;李鴻鈞;吳思瑤;蕭美琴;黃昭順;廖國棟Sufin．Siluko;吳志揚;黃偉哲;鄭天財Sra．Kacaw;徐永明;賴士葆;洪慈庸;孔文吉;盧秀燕;賴瑞隆;張麗善;劉世芳;邱志偉;黃秀芳;陳賴素美;何欣純;鍾孔炤;蔣乃辛;呂玉玲;吳焜裕;王惠美;周陳秀霞;施義芳;羅明才;顏寬恒;邱志偉,
106/03/08,紅樓302會議室,司法及法制委員會,交通委員會,立法院第9屆第3會期司法及法制、交通委員會第1次聯席會議,一、併案審查行政院函請審議及委員葉宜津等20人擬具「交通部高速公路局組織法草案」案。二、審查行政院函請審議「交通部鐵道局組織法草案」案。,吳志揚;葉宜津;林俊憲;鍾佳濱;陳歐珀;趙正宇;段宜康;廖國棟Sufin．Siluko;鄭運鵬;李俊俋;簡東明Uliw．Qaljupayare;黃國書;徐榛蔚;柯建銘;鍾孔炤;林為洲;王育敏;蕭美琴;李鴻鈞;黃昭順;江啟臣;尤美女;蔡易餘;鄭天財Sra．Kacaw;賴士葆;盧秀燕;孔文吉;劉櫂豪;張麗善;邱志偉;何欣純;蔣乃辛;莊瑞雄;呂玉玲;吳焜裕;王惠美;周陳秀霞;陳賴素美;李昆澤;黃偉哲;徐永明;劉世芳;楊鎮浯,
106/03/08,九樓大禮堂,財政委員會,無,立法院第9屆第3會期財政委員會第3次全體委員會議,邀請金融監督管理委員會李主任委員瑞倉率所屬機關首長暨中央存款保險股份有限公司、監管相關機構有關之財團法人、臺灣證券交易所股份有限公司、臺灣期貨交易所股份有限公司、臺灣集中保管結算所股份有限公司等董事長、總經理列席業務報告，並備質詢。(3月6日及3月8日兩天一次會) ,林德福;吳秉叡;黃國昌;盧秀燕;賴士葆;郭正亮;王榮璋;費鴻泰;施義芳;余宛如;陳賴素美;羅明才;江永昌;曾銘宗;徐榛蔚;江啟臣;黃昭順;吳志揚;廖國棟Sufin．Siluko;黃偉哲;邱泰源;張麗善;何欣純;蔣乃辛;邱志偉;劉世芳;鍾孔炤;簡東明Uliw．Qaljupayare;呂玉玲;周陳秀霞;吳焜裕;王惠美;顏寬恒,
106/03/08,紅樓301會議室,外交及國防委員會,無,立法院第9屆第3會期外交及國防委員會第5次全體委員會議,邀請僑務委員會委員長吳新興報告業務概況，並備質詢。,林昶佐;江啟臣;劉世芳;羅致政;莊瑞雄;呂玉玲;呂孫綾;王定宇;許毓仁;吳焜裕;蔡適應;徐永明;葉宜津;黃昭順;鍾佳濱;陳歐珀;林俊憲;黃偉哲;廖國棟Sufin．Siluko;鄭運鵬;鄭天財Sra．Kacaw;賴士葆;盧秀燕;徐榛蔚;孔文吉;張麗善;陳賴素美;鍾孔炤;何欣純;蔣乃辛;簡東明Uliw．Qaljupayare;王惠美;周陳秀霞;邱志偉;顏寬恒;馬文君;蔡易餘;吳志揚,
106/03/08,紅樓202會議室,內政委員會,無,立法院第9屆第3會期內政委員會第5次全體委員會議,邀請行政院海岸巡防署署長李仲威率同所屬列席報告業務概況，並備質詢。,曾銘宗;陳怡潔;黃昭順;賴瑞隆;洪宗熠;趙天麟;張宏陸;陳其邁;林俊憲;林麗蟬;顏寬恒;葉宜津;吳琪銘;江啟臣;鍾佳濱;姚文智;鄭運鵬;周春米;鄭天財Sra．Kacaw;邱志偉;孔文吉;徐永明;賴士葆;徐榛蔚;吳志揚;盧秀燕;張麗善;黃偉哲;劉世芳;何欣純;鍾孔炤;蔣乃辛;簡東明Uliw．Qaljupayare;呂玉玲;吳焜裕;王惠美;周陳秀霞;陳賴素美;羅明才;陳歐珀;谷辣斯．尤達卡Kolas Yotaka;廖國棟Sufin．Siluko;呂孫綾;陳明文,
106/03/09,九樓大禮堂,財政委員會,無,立法院第9屆第3會期財政委員會第4次全體委員會議,邀請金融監督管理委員會李主任委員瑞倉就「金融科技創新對金融機構的影響」進行專題報告；並請中央銀行、財政部、八大公股行庫董事長及總經理、中華民國銀行商業同業公會全國聯合會理事長列席，並備質詢。,吳秉叡;黃國昌;盧秀燕;賴士葆;林德福;郭正亮;余宛如;王榮璋;施義芳;陳賴素美;羅明才;江永昌;徐榛蔚;費鴻泰;曾銘宗;孔文吉;江啟臣;吳志揚;張麗善;黃偉哲;王惠美;蔣乃辛;邱志偉;劉櫂豪;鍾孔炤;黃昭順;呂玉玲;周陳秀霞;鄭天財Sra．Kacaw,
106/03/09,紅樓301會議室,外交及國防委員會,無,立法院第9屆第3會期外交及國防委員會第6次全體委員會議【報告秘密，詢答（先秘密、後公開）】,邀請國家安全局局長彭勝竹率相關情報機關首長提出「國家情報工作暨國家安全局業務報告」，並備質詢。,莊瑞雄;林昶佐;劉世芳;吳焜裕;王定宇;許毓仁;蔡適應;羅致政;江啟臣;林昶佐;劉世芳;吳焜裕;呂玉玲;呂孫綾;王定宇;許毓仁;馬文君;葉宜津;鄭運鵬;廖國棟Sufin．Siluko;蔣萬安;徐榛蔚;徐永明;鄭天財Sra．Kacaw;孔文吉;曾銘宗;王惠美;劉櫂豪;張麗善;邱志偉;鍾孔炤;蔣乃辛;黃昭順;陳賴素美;周陳秀霞,
106/03/09,群賢樓801會議室,社會福利及衛生環境委員會,無,立法院第9屆第3會期社會福利及衛生環境委員會第6次全體委員會議,一、邀請衛生福利部部長列席報告業務概況，並備質詢。 二、邀請衛生福利部、勞動部針對「醫療業從業人員勞動環境現況」列席報告，並備質詢。,李彥秀;蔣萬安;陳宜民;吳玉琴;王榮璋;徐志榮;許淑華;陳曼麗;陳瑩;周陳秀霞;黃秀芳;劉建國;徐榛蔚;邱泰源;楊曜;鍾佳濱;林德福;鄭天財Sra．Kacaw;盧秀燕;廖國棟Sufin．Siluko;林淑芬;洪慈庸;孔文吉;林靜儀;李昆澤;徐永明;吳志揚;張麗善;王惠美;蔣乃辛;李麗芬;邱志偉;鍾孔炤;林俊憲;陳賴素美;林為洲;黃昭順;吳焜裕;呂玉玲;羅明才;江啟臣;黃偉哲;尤美女;曾銘宗;吳秉叡,
106/03/09,紅樓101會議室,經濟委員會,無,立法院第9屆第3會期經濟委員會第5次全體委員會議,審查106年度中央政府總預算案附屬單位預算非營業部分關於行政院主管：行政院國家發展基金、離島建設基金及花東地區永續發展基金。（詢答）,蕭美琴;徐永明;王惠美;高志鵬;孔文吉;張麗善;黃偉哲;管碧玲;邱志偉;陳超明;蘇震清;蘇治芬;邱議瑩;徐榛蔚;陳亭妃;吳志揚;鍾佳濱;林德福;盧秀燕;余宛如;曾銘宗;鄭運鵬;江啟臣;賴士葆;陳曼麗;徐榛蔚;鍾孔炤;劉世芳;何欣純;許智傑;高金素梅;劉櫂豪;蔣乃辛;黃昭順;林俊憲;陳賴素美;呂玉玲;羅明才;周陳秀霞;蔡培慧;林岱樺;廖國棟Sufin．Siluko;楊鎮浯,
106/03/09,紅樓201會議室,交通委員會,無,立法院第9屆第3會期交通委員會第3次全體委員會議,審查106年度中央政府總預算案附屬單位預算營業部分關於交通部主管交通部臺灣鐵路管理局營業預算。（詢答及處理）（3月6日、8日及9日三天一次會）,鄭寶清;洪慈庸;趙正宇;李昆澤;黃國書;鄭運鵬;林俊憲;陳歐珀;周春米;徐榛蔚;葉宜津;陳素月;簡東明Uliw．Qaljupayare;李鴻鈞;蕭美琴;鍾佳濱;林昶佐;鄭天財Sra．Kacaw;曾銘宗;吳志揚;賴士葆;廖國棟Sufin．Siluko;孔文吉;徐永明;劉世芳;王惠美;張麗善;陳賴素美;鍾孔炤;劉櫂豪;何欣純;蔣乃辛;黃昭順;邱志偉;呂玉玲;周陳秀霞,
106/03/09,群賢樓101會議室,教育及文化委員會,無,立法院第9屆第3會期教育及文化委員會第3次全體委員會議,邀請文化部鄭麗君部長報告業務概況，並備質詢。(2天1次會),陳亭妃;柯志恩;蘇巧慧;吳思瑤;張廖萬堅;許智傑;何欣純;蔣乃辛;高金素梅;李麗芬;高潞．以用．巴魕剌Kawlo．Iyun．Pacidal;陳學聖;蘇治芬;盧秀燕;蔡培慧;蕭美琴;孔文吉;黃國書;許毓仁;鄭天財Sra．Kacaw;鍾佳濱;曾銘宗;李昆澤;江啟臣;徐榛蔚;徐永明;張麗善;劉世芳;王惠美;邱志偉;劉櫂豪;鍾孔炤;黃偉哲;林俊憲;陳賴素美;黃昭順;吳焜裕;呂玉玲;周陳秀霞;羅明才;吳志揚;林德福,
106/03/09,紅樓302會議室,司法及法制委員會,社會福利及衛生環境委員會,立法院第9屆第3會期司法及法制、社會福利及衛生環境委員會第1次聯席會議,審查行政院函請審議「國家藥物審查中心設置條例草案」案。,吳志揚;葉宜津;王育敏;劉櫂豪;陳宜民;廖國棟Sufin．Siluko;林為洲;段宜康;邱泰源;許淑華;陳曼麗;李俊俋;鍾孔炤;吳玉琴;蔣萬安;李彥秀;劉建國;林淑芬;尤美女;蔡易餘;楊鎮浯;賴士葆;周陳秀霞;周春米;陳歐珀;徐榛蔚;鄭天財Sra．Kacaw;孔文吉;曾銘宗;劉世芳;王惠美;邱志偉;張麗善;蔣乃辛;黃昭順;吳焜裕;呂玉玲;陳賴素美;呂孫綾;鄭運鵬;江啟臣;黃秀芳;柯建銘,
106/03/09,紅樓202會議室,內政委員會,無,立法院第9屆第3會期內政委員會「都市危險及老舊建築物加速重建獎勵條例草案」公聽會 ,舉辦「都市危險及老舊建築物加速重建獎勵條例草案」公聽會,林昶佐;吳思瑤;姚文智;施義芳,
106/03/10,紅樓301會議室,,無,第9屆第3會期紀律委員會第1次召集委員會議,第9屆第3會期紀律委員會第1次召集委員會議商議排定本(第3)會期各月輪值召集委員人選,,
106/03/13,紅樓202會議室,內政委員會,無,立法院第9屆第3會期內政委員會第6次全體委員會議,一、「社會秩序維護法」部分：（一）審查本院委員羅致政等18 人擬具「社會秩序維護法增訂第六十三條之一條文草案」案。（二）審查本院委員邱泰源等29人擬具「社會秩序維護法第六十四條條文修正草案」案。（三）審查本院委員賴瑞隆等17人擬具「社會秩序維護法第六十四條條文修正草案」案。二、「爆竹煙火管理條例」部分：（一）審查本院委員莊瑞雄等22人擬具「爆竹煙火管理條例第三條條文修正草案」案。（二）審查本院委員林德福等16人擬具「爆竹煙火管理條例第七條、第十四條及第十六條條文修正草案」案。三、「商業團體法」部分：（一）審查本院委員張廖萬堅等17人擬具「商業團體法第九條條文修正草案」案。（二）審查本院委員王惠美等17人擬具「商業團體法第二十三條條文修正草案」案。四、審查請願文書2案。,曾銘宗;黃昭順;張宏陸;顏寬恒;陳怡潔;鄭天財Sra．Kacaw;林麗蟬;賴瑞隆;洪宗熠;趙天麟;陳其邁;黃國書;洪慈庸;李俊俋;王惠美;鄭運鵬;羅致政;林俊憲;李昆澤;黃偉哲;吳志揚;林德福;陳歐珀;鍾佳濱;趙正宇;李彥秀;賴士葆;廖國棟Sufin．Siluko;陳賴素美;呂玉玲;徐榛蔚;管碧玲;蔡易餘;邱志偉;張麗善;葉宜津;施義芳;鍾孔炤;劉世芳;蕭美琴;蔣乃辛;孔文吉;陳雪生;羅明才;何欣純;簡東明Uliw．Qaljupayare;馬文君;陳明文;吳琪銘;姚文智;谷辣斯．尤達卡Kolas Yotaka;蔡適應;張廖萬堅;劉建國,
106/03/13,群賢樓101會議室,教育及文化委員會,無,立法院第9屆第3會期教育及文化委員會第4次全體委員會議,邀請故宮博物院林正儀院長報告業務概況及「新故宮計畫」，並備質詢。,陳亭妃;蘇巧慧;柯志恩;吳思瑤;張廖萬堅;蔣乃辛;何欣純;李麗芬;許智傑;蔡培慧;陳學聖;王育敏;陳明文;費鴻泰;陳歐珀;江啟臣;陳怡潔;吳志揚;林俊憲;曾銘宗;廖國棟Sufin．Siluko;黃偉哲;鄭運鵬;王惠美;賴士葆;邱志偉;張麗善;林德福;顏寬恒;黃國書;鄭天財Sra．Kacaw;陳曼麗;盧秀燕;蕭美琴;呂玉玲;陳賴素美;徐榛蔚;劉世芳;鍾孔炤;管碧玲;羅明才;孔文吉;蔡易餘;鍾佳濱;簡東明Uliw．Qaljupayare;姚文智;高金素梅,
106/03/13,紅樓201會議室,交通委員會,無,立法院第9屆第3會期交通委員會第4次全體委員會議,審查106年度中央政府總預算案附屬單位預算營業部分關於交通部主管中華郵政股份有限公司營業預算。(詢答及處理),李昆澤;趙正宇;鄭運鵬;陳歐珀;洪慈庸;黃國書;林俊憲;周春米;鄭寶清;鍾佳濱;陳素月;徐榛蔚;陳雪生;李鴻鈞;簡東明Uliw．Qaljupayare;葉宜津;鄭天財Sra．Kacaw;黃偉哲;蕭美琴;吳志揚;林德福;顏寬恒;徐永明;李彥秀;王惠美;賴士葆;廖國棟Sufin．Siluko;陳賴素美;呂玉玲;賴瑞隆;張麗善;邱志偉;管碧玲;蔡易餘;鍾孔炤;張宏陸;劉世芳;蔣乃辛;孔文吉;羅明才;何欣純;馬文君;陳明文;劉櫂豪,
106/03/13,紅樓302會議室,司法及法制委員會,無,立法院第9屆第3會期司法及法制委員會第5次全體委員會議,審查行政院、司法院函請審議「民法繼承編部分條文修正草案」、「民法繼承編施行法第二條之一、第四條及第九條之一條文修正草案」案。,吳志揚;葉宜津;王育敏;廖國棟Sufin．Siluko;李俊俋;曾銘宗;柯建銘;鍾孔炤;林為洲;蔡易餘;楊鎮浯;劉櫂豪;陳怡潔;江啟臣;賴士葆;尤美女;周春米;鄭天財Sra．Kacaw;林俊憲;鄭運鵬;黃偉哲;林德福;顏寬恒;呂玉玲;陳賴素美;盧秀燕;劉世芳;邱志偉;管碧玲;張麗善;徐榛蔚;蔣乃辛;孔文吉;羅明才;吳焜裕;何欣純;馬文君;簡東明Uliw．Qaljupayare;陳明文;陳歐珀;徐永明;王惠美,
106/03/13,紅樓101會議室,經濟委員會,無,立法院第9屆第3會期經濟委員會第6次全體委員會議,審查106年度中央政府總預算案附屬單位預算非營業部分關於經濟部主管：經濟作業基金、經濟特別收入基金、核能發電後端營運基金及地方產業發展基金。(詢答),王惠美;黃偉哲;邱議瑩;徐永明;蘇震清;邱志偉;蕭美琴;張麗善;管碧玲;蘇治芬;孔文吉;陳明文;高志鵬;黃國昌;蘇巧慧;陳超明;鍾佳濱;陳怡潔;賴瑞隆;李彥秀;廖國棟Sufin．Siluko;鄭天財Sra．Kacaw;賴士葆;林德福;曾銘宗;鄭運鵬;江啟臣;陳歐珀;呂玉玲;陳賴素美;劉世芳;林俊憲;陳曼麗;蔡易餘;陳亭妃;鍾孔炤;徐榛蔚;蔣乃辛;陳雪生;羅明才;何欣純;蔡培慧;吳焜裕;簡東明Uliw．Qaljupayare;高金素梅;吳志揚,
106/03/13,九樓大禮堂,財政委員會,社會福利及衛生環境委員會,立法院第9屆第3會期財政、社會福利及衛生環境委員會第1次聯席會議,一、審查行政院函請審議「菸酒稅法第七條、第二十條及第二十條之一條文修正草案」案。二、審查本院委員曾銘宗等16人擬具「菸酒稅法第七條條文修正草案」案。,林德福;黃國昌;郭正亮;賴士葆;盧秀燕;陳宜民;王榮璋;吳秉叡;陳賴素美;蔣萬安;費鴻泰;李彥秀;陳曼麗;施義芳;許淑華;羅明才;邱泰源;劉建國;江永昌;曾銘宗;徐志榮;江啟臣;黃秀芳;吳玉琴;鄭天財Sra．Kacaw;廖國棟Sufin．Siluko;吳志揚;顏寬恒;黃偉哲;張麗善;呂玉玲;蔣乃辛;邱志偉;徐榛蔚;劉世芳;鍾孔炤;蔡易餘;何欣純;吳焜裕;簡東明Uliw．Qaljupayare;陳歐珀;林淑芬;王惠美,
106/03/13,紅樓301會議室,外交及國防委員會,無,立法院第9屆第3會期外交及國防委員會第7次全體委員會議,審查106年度中央政府總預算案附屬單位預算關於國軍退除役官兵輔導委員會主管非營業基金－作業基金： 一、國軍退除役官兵安置基金。 二、榮民醫療作業基金。（詢答及處理）（3月13日、15日及16日三天一次會),羅致政;蔡適應;江啟臣;呂玉玲;林昶佐;劉世芳;王定宇;呂孫綾;許毓仁;吳焜裕;莊瑞雄;馬文君;吳志揚;徐永明;王惠美;曾銘宗;葉宜津;陳怡潔;賴士葆;邱志偉;鄭天財Sra．Kacaw;林俊憲;顏寬恒;鄭運鵬;黃偉哲;林德福;廖國棟Sufin．Siluko;陳賴素美;賴瑞隆;盧秀燕;鍾孔炤;簡東明Uliw．Qaljupayare;蔡易餘;陳歐珀;管碧玲;張麗善;蔣乃辛;孔文吉;羅明才;何欣純;徐榛蔚;陳明文,
106/03/14,紅樓201會議室,程序委員會,無,第9屆第3會期程序委員會第5次會議, 審定本院第9屆第3會期第5次會議議事日程及  人民請願案,,
106/03/15,群賢樓801會議室,社會福利及衛生環境委員會,無,立法院第9屆第3會期社會福利及衛生環境委員會第7次全體委員會議,邀請衛生福利部部長、教育部及考選部就「中醫師的養成及規劃」列席報告，並備質詢。,陳宜民;陳曼麗;蔣萬安;李彥秀;劉建國;吳玉琴;邱泰源;黃秀芳;徐志榮;周陳秀霞;許淑華;陳瑩;林淑芬;楊曜;鍾佳濱;盧秀燕;賴士葆;吳焜裕;吳志揚;廖國棟Sufin．Siluko;鍾孔炤;張麗善;蕭美琴;蔣乃辛;邱志偉;徐榛蔚;黃昭順;吳秉叡,
106/03/15,紅樓301會議室,外交及國防委員會,無,立法院第9屆第3會期外交及國防委員會第7次全體委員會議,審查106年度中央政府總預算案附屬單位預算關於國軍退除役官兵輔導委員會主管非營業基金－作業基金： 一、國軍退除役官兵安置基金。 二、榮民醫療作業基金。（詢答及處理）（3月13日、15日及16日三天一次會) ,,
106/03/15,紅樓202會議室,內政委員會,無,立法院第9屆第3會期內政委員會第7次全體委員會議,繼續審查行政院函請審議「都市危險及老舊建築物加速重建獎勵條例草案」案。(106年3月15日及3月16日兩天1次會),,
106/03/15,紅樓101會議室,經濟委員會,無,立法院第9屆第3會期經濟委員會第7次全體委員會議,一、邀請行政院農業委員會主任委員就「禽流感現況、防疫措施與檢討」進行報告，並備質詢。二、審查106年度中央政府總預算案附屬單位預算非營業部分關於行政院農業委員會主管：農業作業基金、農業特別收入基金。(詢答)(3月15日、3月16日二天一次會),林岱樺;邱議瑩;孔文吉;徐永明;陳明文;蕭美琴;黃偉哲;張麗善;劉建國;管碧玲;蘇震清;高志鵬;陳超明;林昶佐;林德福;鍾佳濱;黃國昌;邱志偉;王惠美;盧秀燕;吳焜裕;鄭天財Sra．Kacaw;呂玉玲;陳曼麗;徐榛蔚;何欣純;陳亭妃;賴士葆;陳歐珀;周陳秀霞;蔡培慧;廖國棟Sufin．Siluko;黃昭順;吳志揚;蔣乃辛,
106/03/15,群賢樓101會議室,朝野黨團協商(教育及文化委員會),無,立法院朝野黨團協商,併案審查行政院函審議「科學技術基本法部分條文修正草案」、委員陳亭妃等23人擬具「科學技術基本法第六條、第十二條及第十三條條文修正草案」、委員黃國書等19人「科學技術基本法第十三條條文修正草案」、委員何欣純等26人擬具「科學技術基本法第十五條及第十七條條文修正草案」案。,,
106/03/15,紅樓302會議室,司法及法制委員會,無,立法院第9屆第3會期司法及法制委員會第6次全體委員會議,邀請司法院秘書長列席說明立法計畫，並備質詢。,吳志揚;段宜康;鍾孔炤;楊鎮浯;柯建銘;王育敏;劉櫂豪;李俊俋;鄭天財Sra．Kacaw;徐永明;孔文吉;廖國棟Sufin．Siluko;曾銘宗;黃國昌;林為洲;徐榛蔚;蔣乃辛;周陳秀霞;賴士葆;呂玉玲;蔡易餘;尤美女;王惠美;張麗善;葉宜津,
106/03/15,九樓大禮堂,財政委員會,無,立法院第9屆第3會期財政委員會第5次全體委員會議,一、審查行政院函請審議「遺產及贈與稅法部分條文修正草案」案。二、審查本院時代力量黨團擬具「遺產及贈與稅法第十三條、第十九條及第二十二條條文修正草案」案。,林德福;黃國昌;吳秉叡;賴士葆;盧秀燕;王榮璋;郭正亮;施義芳;費鴻泰;余宛如;陳賴素美;江永昌;曾銘宗;吳志揚;廖國棟Sufin．Siluko;鍾孔炤;張麗善;蕭美琴;蔣乃辛;邱志偉;周陳秀霞;徐榛蔚;黃昭順,
106/03/15,群賢樓101會議室,教育及文化委員會,無,立法院第9屆第3會期教育及文化委員會第5次全體委員會議,邀請中央研究院廖俊智院長報告業務概況，並備質詢。,蘇巧慧;柯志恩;吳思瑤;張廖萬堅;何欣純;陳亭妃;蔣乃辛;李麗芬;葉宜津;許智傑;陳學聖;李彥秀;鄭天財Sra．Kacaw;高潞．以用．巴魕剌Kawlo．Iyun．Pacidal;吳焜裕;吳秉叡;盧秀燕;孔文吉;鍾孔炤;徐永明;吳志揚;張麗善;賴士葆;廖國棟Sufin．Siluko;蕭美琴;邱志偉;蔡培慧;周陳秀霞;徐榛蔚;呂玉玲;陳歐珀,
106/03/16,紅樓101會議室,經濟委員會,無,立法院第9屆第3會期經濟委員會第7次全體委員會議,繼續審查106年度中央政府總預算案附屬單位預算非營業部分關於行政院農業委員會主管：農業作業基金、農業特別收入基金。(處理)(3月15日、3月16日二天一次會),,
106/03/16,九樓大禮堂,財政委員會,無,立法院第9屆第3會期財政委員會第6次全體委員會議,邀請金融監督管理委員會李主任委員瑞倉、財團法人台灣金融研訓院洪董事長茂蔚、財團法人保險事業發展中心桂董事長先農就「金融業因應人口高齡化之業務發展」進行專題報告，並備質詢。,林德福;黃國昌;賴士葆;盧秀燕;郭正亮;吳秉叡;施義芳;費鴻泰;王榮璋;余宛如;陳賴素美;曾銘宗;羅明才;吳玉琴;林俊憲;呂玉玲;蔣乃辛;劉世芳;許智傑;徐榛蔚;蔡易餘;周陳秀霞;蕭美琴;鍾孔炤;江永昌;鄭天財Sra．Kacaw,
106/03/16,紅樓201會議室,交通委員會,無,立法院第9屆第3會期交通委員會第5次全體委員會議,邀請國家通訊傳播委員會主任委員詹婷怡列席報告業務概況，並備質詢。,洪慈庸;陳歐珀;李昆澤;趙正宇;鄭寶清;鄭運鵬;林俊憲;黃國書;鍾佳濱;周春米;趙天麟;簡東明Uliw．Qaljupayare;李鴻鈞;陳雪生;鄭天財Sra．Kacaw;徐榛蔚;黃國昌;江啟臣;吳焜裕;徐永明;林德福;賴士葆;曾銘宗;何欣純;許智傑;馬文君;劉世芳;蔣乃辛;蔡易餘;陳學聖;鍾孔炤;周陳秀霞;陳素月;蘇巧慧;陳賴素美;孔文吉;羅明才,
106/03/16,紅樓301會議室,外交及國防委員會,無,立法院第9屆第3會期外交及國防委員會第7次全體委員會議,邀請國防部部長馮世寬報告「四年期國防總檢討」，並備質詢。（3月13日、15日及16日三天一次會),蔡適應;江啟臣;林昶佐;羅致政;王定宇;呂玉玲;馬文君;劉世芳;莊瑞雄;許毓仁;吳焜裕;賴瑞隆;林德福;呂孫綾;林俊憲;賴士葆;曾銘宗;徐永明;陳賴素美;蔣乃辛;徐榛蔚;蔡易餘;鍾孔炤;周陳秀霞;何欣純;洪慈庸;孔文吉;鍾佳濱,
106/03/16,群賢樓101會議室,教育及文化委員會,無,立法院第9屆第3會期教育及文化委員會第6次全體委員會議,邀請教育部潘文忠部長報告「十二年國教107課綱落實多元選修及高三學習完整性」及「大學入學制度調整」規劃情形專題報告，並備質詢。,陳亭妃;蘇巧慧;張廖萬堅;柯志恩;吳思瑤;何欣純;許智傑;蔣乃辛;高金素梅;李麗芬;陳學聖;鄭天財Sra．Kacaw;高潞．以用．巴魕剌Kawlo．Iyun．Pacidal;鍾佳濱;李昆澤;賴瑞隆;姚文智;林為洲;蘇治芬;徐永明;盧秀燕;江啟臣;賴士葆;黃秀芳;呂玉玲;劉世芳;徐榛蔚;蔡易餘;林俊憲;林德福;周陳秀霞;蕭美琴;鍾孔炤;陳賴素美;黃國書;蔡培慧;孔文吉,
106/03/16,紅樓202會議室,內政委員會,無,立法院第9屆第3會期內政委員會第7次全體委員會議,繼續審查行政院函請審議「都市危險及老舊建築物加速重建獎勵條例草案」案。(106年3月15日及3月16日兩天1次會),,
106/03/16,群賢樓101會議室,朝野黨團協商(教育及文化委員會),無,立法院朝野黨團協商,一、併案審查委員陳學聖等28人、委員許智傑等17人、委員黃國書等16人分別擬具「教保服務人員條例草案」案。二、行政院函審議請「教保服務人員條例草案」案。,,
106/03/16,紅樓302會議室,司法及法制委員會,無,立法院第9屆第3會期司法及法制委員會,「人民參與刑事審判制度」公聽會,,
106/03/16,群賢樓801會議室,社會福利及衛生環境委員會,無,立法院第9屆第3會期社會福利及衛生環境委員會第8次全體委員會議,邀請衛生福利部部長、行政院農業委員會、科技部、經濟部及教育部就「中（草)藥的發展願景（含健保給付制度）管理」列席報告，並備質詢。,蔣萬安;陳宜民;陳曼麗;李彥秀;吳玉琴;黃秀芳;邱泰源;許淑華;周陳秀霞;蘇治芬;楊曜;賴士葆;曾銘宗;陳瑩;江啟臣;林俊憲;呂玉玲;蔣乃辛;劉世芳;許智傑;徐榛蔚;蔡易餘;鄭天財Sra．Kacaw;蕭美琴;陳賴素美;鍾孔炤;林淑芬;吳秉叡;劉建國,
106/03/17,群賢樓101會議室,經費稽核委員會,無,立法院第122屆經費稽核委員會第1次會議,一、選舉召集委員二、決定每月例會日期三、報告本院106年度預算執行情形(截至106年2月止),,
106/03/20,紅樓202會議室,內政委員會,無,立法院第9屆第3會期內政委員會第8次全體委員會議,邀請行政院大陸委員會主任委員張小月、經濟部次長及國家發展委員會副主任委員就「兩岸經貿未來發展」進行專題報告，並備質詢。,曾銘宗;顏寬恒;陳怡潔;黃昭順;張宏陸;林麗蟬;鄭天財Sra．Kacaw;賴瑞隆;姚文智;洪宗熠;吳琪銘;谷辣斯．尤達卡Kolas Yotaka;趙天麟;陳明文;陳其邁;高金素梅;呂玉玲;張麗善;邱志偉;鄭運鵬;賴士葆;吳志揚;孔文吉;林德福;李彥秀;廖國棟Sufin．Siluko;江啟臣;陳雪生;王惠美;林俊憲;鍾孔炤;葉宜津;黃偉哲;劉世芳;徐榛蔚;蔣乃辛;羅明才;蔣萬安;簡東明Uliw．Qaljupayare;周陳秀霞;鍾佳濱;尤美女;陳歐珀;劉建國,
106/03/20,紅樓201會議室,交通委員會,無,立法院第9屆第3會期交通委員會第6次全體委員會議,邀請交通部暨所屬、外交部、經濟部、國家發展委員會及內政部移民署就「因應陸客縮減及新南向政策推動，我國觀光發展轉型之檢討，未來如何有效提升觀光競爭力」列席報告，並備質詢。(3月20日及22日兩天一次會),鄭寶清;趙正宇;李昆澤;陳歐珀;鄭運鵬;洪慈庸;林俊憲;葉宜津;陳雪生;黃國書;陳素月;徐榛蔚;周春米;李鴻鈞;莊瑞雄;簡東明Uliw．Qaljupayare;蘇巧慧;鍾佳濱;蕭美琴;黃國昌;劉建國;黃偉哲;邱志偉;賴瑞隆;張麗善;鄭天財Sra．Kacaw;尤美女;孔文吉;吳志揚;蔣萬安;賴士葆;林德福;曾銘宗;廖國棟Sufin．Siluko;黃昭順;管碧玲;王惠美;徐永明;鍾孔炤;陳明文;張宏陸;劉世芳;施義芳;蔣乃辛;羅明才;呂玉玲;姚文智;周陳秀霞;高金素梅;羅致政;蔡易餘;顏寬恒;劉櫂豪,
106/03/20,九樓大禮堂,財政委員會,無,立法院第9屆第3會期財政委員會第7次全體委員會議,審查中華民國106年度中央政府總預算案附屬單位預算非營業部分有關特別收入基金：金融監督管理基金。信託基金：保險業務發展基金、金融研究發展基金。(3月20日、3月22及3月23日三天一次會),林德福;吳秉叡;黃國昌;賴士葆;施義芳;盧秀燕;余宛如;陳賴素美;費鴻泰;羅明才;江永昌;鄭天財Sra．Kacaw;曾銘宗;邱志偉;顏寬恒;黃偉哲;吳志揚;王惠美;徐榛蔚;郭正亮;鍾孔炤;劉世芳;呂玉玲;周陳秀霞;簡東明Uliw．Qaljupayare;陳歐珀;廖國棟Sufin．Siluko,
106/03/20,紅樓101會議室,經濟委員會,無,立法院第9屆第3會期經濟委員會第8次全體委員會議,邀請經濟部首長、行政院農業委員會首長與內政部、行政院環境保護署、原住民族委員會及財政部代表針對「我國礦業之現況、礦業權核發與總量管制之情形；以及從國土永續發展面向檢視礦業政策之規劃」進行報告，並備質詢。,黃偉哲;徐永明;孔文吉;蕭美琴;張麗善;高志鵬;王惠美;管碧玲;陳明文;蘇治芬;蘇震清;陳超明;邱志偉;鄭天財Sra．Kacaw;林德福;徐榛蔚;吳志揚;賴瑞隆;賴士葆;鄭運鵬;顏寬恒;高潞．以用．巴魕剌Kawlo．Iyun．Pacidal;劉世芳;陳雪生;鍾孔炤;鍾佳濱;林俊憲;江啟臣;蔣乃辛;陳曼麗;羅明才;呂玉玲;陳歐珀;周陳秀霞;高金素梅;簡東明Uliw．Qaljupayare;谷辣斯．尤達卡Kolas Yotaka;尤美女;林淑芬;廖國棟Sufin．Siluko;邱議瑩;蔡易餘,
106/03/20,紅樓302會議室,司法及法制委員會,外交及國防委員會,立法院第9屆第3會期司法及法制、外交及國防委員會第1次聯席會議,一、審查委員蔡適應等23人擬具「僑務委員會組織法第四條條文修正草案」案。二、審查行政院函請審議「陸海空軍刑法第七十五條條文修正草案」案。,吳志揚;柯建銘;劉世芳;王育敏;羅致政;蔡適應;葉宜津;江啟臣;李俊俋;簡東明Uliw．Qaljupayare;鍾孔炤;楊鎮浯;孔文吉;黃昭順;尤美女;林為洲;劉櫂豪;馬文君;段宜康;呂玉玲;蔡易餘;顏寬恒;王定宇;邱志偉;黃偉哲;許毓仁;賴士葆;林德福;鄭天財Sra．Kacaw;張麗善;王惠美;陳明文;鍾佳濱;蔣乃辛;羅明才;周春米;姚文智;廖國棟Sufin．Siluko;周陳秀霞;高金素梅;吳焜裕;陳歐珀;鄭運鵬,
106/03/20,紅樓301會議室,外交及國防委員會,無,立法院第9屆第3會期外交及國防委員會第8次全體委員會議,邀請國家安全局局長、國防部部長、外交部部長、行政院大陸委員會副主任委員、經濟部次長、行政院海岸巡防署副署長報告「美國總統川普（Donald  John Trump）上任後之東亞區域情勢變化與因應」，並備質詢。,蔡適應;江啟臣;羅致政;林昶佐;莊瑞雄;劉世芳;許毓仁;呂玉玲;王定宇;吳焜裕;馬文君;吳志揚;葉宜津;黃昭順;陳歐珀;顏寬恒;鄭運鵬;鍾佳濱;徐永明;黃偉哲;孔文吉;賴士葆;林德福;鄭天財Sra．Kacaw;廖國棟Sufin．Siluko;張麗善;王惠美;陳明文;邱志偉;鍾孔炤;蔣乃辛;羅明才;姚文智;簡東明Uliw．Qaljupayare;周陳秀霞;高金素梅;呂孫綾;高金素梅,
106/03/20,群賢樓801會議室,社會福利及衛生環境委員會,無,立法院第9屆第3會期社會福利及衛生環境委員會第9次全體委員會議,一、邀請衛生福利部部長、原住民族委員會、國軍退除役官兵輔導委員會就「長照2.0、長照ABC試辦計畫、原鄉長照服務據點推展情形及落實出院準備及推動醫養合一規劃」列席報告，並備質詢。 二、邀請衛生福利部部長就「食安、藥安連環爆─食安五環破功、藥品履歷制度建立規劃」列席報告，並備質詢。,陳宜民;李彥秀;蔣萬安;林靜儀;吳玉琴;邱泰源;許淑華;陳瑩;陳曼麗;黃秀芳;周陳秀霞;徐志榮;劉建國;蕭美琴;楊曜;高金素梅;高潞．以用．巴魕剌Kawlo．Iyun．Pacidal;王育敏;盧秀燕;吳焜裕;鄭天財Sra．Kacaw;蘇巧慧;曾銘宗;余宛如;鍾佳濱;顏寬恒;孔文吉;黃偉哲;吳志揚;林德福;張麗善;王惠美;徐榛蔚;邱志偉;吳秉叡;劉世芳;呂玉玲;陳歐珀;李昆澤;簡東明Uliw．Qaljupayare;賴士葆;羅明才;谷辣斯．尤達卡Kolas Yotaka;廖國棟Sufin．Siluko;林淑芬;鍾孔炤;黃昭順,
106/03/21,群賢樓101會議室,朝野黨團協商(社會福利及衛生環境委員會),無,立法院朝野黨團協商,協商「全民健康保險法部分條文修正草案」等2案(併案審查民進黨黨團擬具「全民健康保險法第二十七條及第一百零四條條文修正草案」、親民黨黨團擬具「全民健康保險法第九條、第十條及第二十七條條文修正草案」等2案。,,
106/03/21,紅樓201會議室,程序委員會,無,第9屆第3會期程序委員會第6次會議, 審定本院第9屆第3會期第6次會議議事日程及  人民請願案,,
106/03/22,九樓大禮堂,財政委員會,無,立法院第9屆第3會期財政委員會第7次全體委員會議,邀請財政部許部長虞哲、金融監督管理委員會李主任委員瑞倉就「公股行庫積極參與都更及放寬都更融資限制」進行專題報告；另請八大公股行庫董事長及總經理列席，並備質詢。(3月20日、3月22及3月23日三天一次會),盧秀燕;余宛如;黃國昌;賴士葆;吳秉叡;費鴻泰;郭正亮;施義芳;鍾孔炤;羅明才;江永昌;呂玉玲;陳賴素美;鄭天財Sra．Kacaw;吳志揚;徐榛蔚;蔣乃辛;陳亭妃;周陳秀霞;吳焜裕;林俊憲;邱志偉;曾銘宗;姚文智,
106/03/22,群賢樓801會議室,社會福利及衛生環境委員會,無,立法院第9屆第3會期社會福利及衛生環境委員會第10次全體委員會議,邀請勞動部部長、交通部、臺灣鐵路管理局就「春節期間台鐵產業工會依法休假遭懲處、運輸業人力補足，勞動權益現況、一例一休施行細則及相關函釋處理進度、勞動基準法第三十四條溝通進度與實行時程規劃」列席報告，並備質詢。,陳宜民;吳玉琴;李彥秀;林靜儀;蔣萬安;陳曼麗;許淑華;黃秀芳;徐志榮;林岱樺;劉建國;周陳秀霞;邱泰源;陳瑩;林淑芬;楊曜;王惠美;余宛如;蘇巧慧;李昆澤;盧秀燕;江啟臣;鄭運鵬;曾銘宗;鄭天財Sra．Kacaw;林俊憲;呂玉玲;徐榛蔚;吳焜裕;蔣乃辛;吳志揚;鍾孔炤;陳亭妃;邱志偉;賴士葆;鍾佳濱;呂玉玲,
106/03/22,紅樓101會議室,經濟委員會,無,立法院第9屆第3會期經濟委員會第9次全體委員會議,繼續審查106年度中央政府總預算案附屬單位預算非營業部分關於經濟部主管：經濟作業基金、經濟特別收入基金、核能發電後端營運基金及地方產業發展基金。(處理)(3月22日、3月23日二天一次會),,
106/03/22,紅樓202會議室,內政委員會,無,立法院第9屆第3會期內政委員會第9次全體委員會議,一、審查本院委員尤美女等23人擬具「兩岸協定締結條例草案」案。 二、審查本院時代力量黨團擬具「我國與中華人民共和國締結協議處理條例草案」案。 三、審查本院委員江啟臣等17人擬具「臺灣地區與大陸地區協議簽署監督條例草案」案。 四、審查本院親民黨黨團擬具「兩岸協議監督條例草案」案。 五、審查本院民進黨黨團擬具「兩岸訂定協議監督條例草案」案。 六、審查本院委員黃昭順等21人擬具「臺灣地區與大陸地區訂定協議處理及監督條例草案」案。 七、審查請願文書3案。(3月22日及23日，二天一次會),曾銘宗;鄭天財Sra．Kacaw;陳怡潔;趙天麟;洪宗熠;王育敏;賴瑞隆;張宏陸;吳琪銘;顏寬恒;谷辣斯．尤達卡Kolas Yotaka;陳其邁;姚文智;林麗蟬;葉宜津;陳歐珀;蕭美琴;江啟臣;陳宜民;鍾佳濱;吳志揚;周春米;賴士葆;林俊憲;黃國昌;林昶佐;高潞．以用．巴魕剌Kawlo．Iyun．Pacidal;洪慈庸;徐永明;孔文吉;蔣萬安;盧秀燕;劉世芳;何欣純;李彥秀;李俊俋;呂玉玲;林為洲;徐榛蔚;蔣乃辛;許毓仁;林淑芬;張麗善;陳超明;邱志偉;陳亭妃;莊瑞雄;陳明文;羅明才;簡東明Uliw．Qaljupayare;陳雪生;周陳秀霞;柯建銘;許淑華;尤美女,
106/03/22,紅樓201會議室,交通委員會,無,立法院第9屆第3會期交通委員會第6次全體委員會議,邀請交通部暨所屬就「一、清明連續假期疏運計畫、交通部研擬之分散車流措施；二、面對國土發展失衡，東部暨離島地區未來如何強化交通基礎設施布建，以利縮短城鄉差距」列席報告，並備質詢。(3月20日及22日兩天一次會),鄭寶清;洪慈庸;趙正宇;李昆澤;陳歐珀;鄭運鵬;林俊憲;黃國書;周春米;鍾佳濱;陳素月;簡東明Uliw．Qaljupayare;徐榛蔚;葉宜津;陳雪生;蕭美琴;鄭天財Sra．Kacaw;黃國昌;孔文吉;劉櫂豪;賴士葆;江啟臣;高潞．以用．巴魕剌Kawlo．Iyun．Pacidal;蔣萬安;吳志揚;徐永明;盧秀燕;劉世芳;何欣純;李彥秀;呂玉玲;蔣乃辛;吳焜裕;張麗善;賴瑞隆;蘇巧慧;陳亭妃;顏寬恒;陳明文;羅明才;周陳秀霞;姚文智;王惠美;劉建國;邱志偉,
106/03/22,紅樓302會議室,司法及法制委員會,無,立法院第9屆第3會期司法及法制委員會第7次全體委員會議,一、併案審查（一）委員許毓仁等20人擬具「行政院組織法第六條條文修正草案」及（二）委員余宛如等16人擬具「行政院組織法第六條及第十五條條文修正草案」案。二、審查委員余宛如等16人擬具「中央行政機關組織基準法第二十三條條文修正草案」案。,吳志揚;葉宜津;王育敏;李俊俋;林為洲;鍾孔炤;余宛如;鄭天財Sra．Kacaw;劉櫂豪;賴士葆;周春米;林俊憲;段宜康;孔文吉;尤美女;楊鎮浯;徐榛蔚;蔣乃辛;吳焜裕;張麗善;邱志偉;莊瑞雄;陳亭妃;顏寬恒;陳明文;周陳秀霞;許毓仁;劉世芳;鍾佳濱;蔡易餘;呂玉玲,
106/03/22,紅樓301會議室,外交及國防委員會,無,立法院第9屆第3會期外交及國防委員會第9次全體委員會議,邀請外交部部長李大維報告「今年我國參與國際組織之挑戰與展望」，並備質詢。,蔡適應;林昶佐;江啟臣;呂孫綾;王定宇;劉世芳;呂玉玲;許毓仁;羅致政;莊瑞雄;馬文君;王惠美;吳焜裕;鄭天財Sra．Kacaw;葉宜津;賴士葆;邱志偉;孔文吉;徐永明;鍾孔炤;徐榛蔚;蔣乃辛;吳志揚;林俊憲;陳亭妃;顏寬恒;陳明文;周陳秀霞;張麗善;鍾佳濱,
106/03/22,群賢樓101會議室,教育及文化委員會,無,立法院第9屆第3會期教育及文化委員會第7次全體委員會議,邀請科技部陳良基部長進行「科技創新引導產業升級、促進技轉與技職發展」專題報告暨國家實驗研究院業務報告，並備質詢。(3月22日及23日二天一次會) ,蘇巧慧;吳思瑤;高潞．以用．巴魕剌Kawlo．Iyun．Pacidal;何欣純;陳亭妃;蔣乃辛;許智傑;李麗芬;鍾佳濱;盧秀燕;高金素梅;張廖萬堅;孔文吉;余宛如;吳焜裕;陳學聖;鄭天財Sra．Kacaw;許毓仁;江啟臣;邱志偉;賴士葆;曾銘宗;鍾孔炤;林俊憲;蔣萬安;王惠美;劉世芳;呂玉玲;吳志揚;張麗善;黃國書;賴瑞隆;劉建國;鄭運鵬;周陳秀霞;陳明文;顏寬恒;徐榛蔚;蔡培慧,
106/03/23,九樓大禮堂,財政委員會,無,立法院第9屆第3會期財政委員會第7次全體委員會議,一、審查行政院函請審議「證券交易稅條例增訂第二條之二條文草案」案。二、審查本院委員曾銘宗等17人擬具「證券交易稅條例第二條條文修正草案」案。三、審查本院委員羅明才等16人擬具「證券交易稅條例增訂第二條之二條文草案」案。(本案業經各黨團簽署「不復議同意書」在案。)(3月20日、3月22及3月23日三天一次會),吳秉叡;黃國昌;賴士葆;盧秀燕;余宛如;施義芳;費鴻泰;郭正亮;陳賴素美;羅明才;徐榛蔚;吳志揚;鄭天財Sra．Kacaw;蔣乃辛;邱泰源;鍾孔炤;曾銘宗;江永昌;蔡易餘,
106/03/23,紅樓202會議室,內政委員會,無,立法院第9屆第3會期內政委員會第9次全體委員會議,一、審查本院委員尤美女等23人擬具「兩岸協定締結條例草案」案。 二、審查本院時代力量黨團擬具「我國與中華人民共和國締結協議處理條例草案」案。 三、審查本院委員江啟臣等17人擬具「臺灣地區與大陸地區協議簽署監督條例草案」案。 四、審查本院親民黨黨團擬具「兩岸協議監督條例草案」案。 五、審查本院民進黨黨團擬具「兩岸訂定協議監督條例草案」案。 六、審查本院委員黃昭順等21人擬具「臺灣地區與大陸地區訂定協議處理及監督條例草案」案。 七、審查請願文書3案。(3月22日及23日，二天一次會),曾銘宗;鄭天財Sra．Kacaw;陳怡潔;趙天麟;洪宗熠;王育敏;賴瑞隆;張宏陸;吳琪銘;顏寬恒;谷辣斯．尤達卡Kolas Yotaka;陳其邁;姚文智;林麗蟬;葉宜津;陳歐珀;蕭美琴;江啟臣;陳宜民;鍾佳濱;吳志揚;周春米;賴士葆;林俊憲;黃國昌;林昶佐;高潞．以用．巴魕剌Kawlo．Iyun．Pacidal;洪慈庸;徐永明;孔文吉;蔣萬安;盧秀燕;劉世芳;何欣純;李彥秀;李俊俋;呂玉玲;林為洲;徐榛蔚;蔣乃辛;許毓仁;林淑芬;張麗善;陳超明;邱志偉;陳亭妃;莊瑞雄;陳明文;羅明才;簡東明Uliw．Qaljupayare;陳雪生;周陳秀霞;柯建銘;許淑華;王惠美;尤美女;費鴻泰,
106/03/23,紅樓101會議室,經濟委員會,無,立法院第9屆第3會期經濟委員會第9次全體委員會議,繼續審查106年度中央政府總預算案附屬單位預算非營業部分關於經濟部主管：經濟作業基金、經濟特別收入基金、核能發電後端營運基金及地方產業發展基金。(處理)(3月22日、3月23日二天一次會),,
106/03/23,群賢樓101會議室,教育及文化委員會,無,立法院第9屆第3會期教育及文化委員會第7次全體委員會議,邀請教育部潘文忠部長率體育署署長進行「2017WBC世界棒球經典賽組訓及參賽檢討」專題報告，並備質詢。(3月22日及23日二天一次會),陳亭妃;林昶佐;許智傑;蘇巧慧;吳思瑤;張廖萬堅;高潞．以用．巴魕剌Kawlo．Iyun．Pacidal;蔣乃辛;陳學聖;黃國書;何欣純;孔文吉;徐永明;許毓仁;鄭天財Sra．Kacaw;吳志揚;蔣萬安;李麗芬;鍾孔炤;羅明才;盧秀燕;陳賴素美;姚文智;徐榛蔚;蕭美琴;蔡易餘,
106/03/23,群賢樓801會議室,社會福利及衛生環境委員會,無,立法院社會福利及衛生環境委員會,舉行空氣污染防制法修法公聽會。,,
106/03/23,紅樓302會議室,司法及法制委員會,無,立法院第9屆第3會期司法及法制委員會第8次全體委員會議,一、邀請行政院人事行政總處人事長列席報告業務概況，並備質詢。二、處理中華民國106年度中央政府總預算關於行政院人事行政總處預算凍結項目等共10案。三、審查行政院函請審議「行政院人事行政總處公務人力發展學院組織法草案」案。,吳志揚;葉宜津;李俊俋;林為洲;段宜康;鍾孔炤;王育敏;鄭天財Sra．Kacaw;孔文吉;賴士葆;曾銘宗;蔣乃辛;李麗芬;羅明才;劉櫂豪;蕭美琴;尤美女;蔡易餘;陳賴素美,
106/03/27,紅樓202會議室,內政委員會,無,立法院第9屆第3會期內政委員會第10次全體委員會議,處理106年度中央政府總預算有關內政部預算凍結項目報告案計163案(3/27和3/29兩天一次會),曾銘宗;陳怡潔;黃昭順;鄭天財Sra．Kacaw;張宏陸;林麗蟬;賴瑞隆;洪宗熠;谷辣斯．尤達卡Kolas Yotaka;陳歐珀;葉宜津;陳其邁;鄭運鵬;蘇巧慧;吳志揚;高潞．以用．巴魕剌Kawlo．Iyun．Pacidal;黃偉哲;王惠美;林德福;蔣萬安;廖國棟Sufin．Siluko;呂玉玲;蔣乃辛;劉世芳;邱志偉;何欣純;鍾孔炤;吳琪銘;張麗善;徐榛蔚;陳雪生;簡東明Uliw．Qaljupayare;羅明才;周陳秀霞;陳賴素美;孔文吉;尤美女;劉櫂豪;顏寬恒;趙天麟;姚文智,
106/03/27,群賢樓801會議室,社會福利及衛生環境委員會,無,立法院第9屆第3會期社會福利及衛生環境委員會第11次全體委員會議,邀請行政院環境保護署署長、交通部次長（公路總局副局長、臺灣鐵路管理局副局長、民用航空局副局長、航港局副局長）、國防部副部長及行政院農業委員會副主任委員就「空污移動污染源（汽機車、火車、飛機、船舶及特殊機具）之改善作為」列席報告，並備質詢。,林靜儀;李彥秀;陳宜民;吳玉琴;徐志榮;陳曼麗;蔣萬安;黃秀芳;周陳秀霞;邱泰源;許淑華;林德福;鍾佳濱;楊曜;林淑芬;陳瑩;洪慈庸;劉建國;徐榛蔚;賴瑞隆;曾銘宗;廖國棟Sufin．Siluko;盧秀燕;吳志揚;王惠美;鄭天財Sra．Kacaw;黃偉哲;蔣乃辛;呂玉玲;李昆澤;邱志偉;張麗善;江啟臣;鍾孔炤;吳焜裕;羅明才;陳賴素美;簡東明Uliw．Qaljupayare;陳歐珀;吳秉叡,
106/03/27,紅樓301會議室,外交及國防委員會,無,立法院第9屆第3會期外交及國防委員會第10次全體委員會議,邀請國軍退除役官兵輔導委員會主任委員李翔宙報告「所屬轉投資事業之經營績效及人才遴選制度改革」，並備質詢。,蔡適應;羅致政;江啟臣;呂玉玲;王定宇;劉世芳;林昶佐;許毓仁;莊瑞雄;吳焜裕;馬文君;廖國棟Sufin．Siluko;何欣純;葉宜津;陳歐珀;鄭運鵬;王惠美;徐永明;黃偉哲;鄭天財Sra．Kacaw;林德福;蔣乃辛;邱志偉;鍾孔炤;吳志揚;徐榛蔚;簡東明Uliw．Qaljupayare;周陳秀霞;羅明才;陳賴素美;盧秀燕,
106/03/27,紅樓302會議室,司法及法制委員會,無,立法院第9屆第3會期司法及法制委員會第9次全體委員會議,一、併案審查（一）委員葉宜津等18人擬具「中華民國刑法第八十條條文修正草案」、（二）委員陳素月等18人擬具「中華民國刑法第八十條條文修正草案」、（三）委員王定宇等21人擬具「中華民國刑法第八十條及第八十三條條文修正草案」及（四）委員周春米等18 人擬具「中華民國刑法第八十條條文修正草案」案。二、審查委員王定宇等20人擬具「中華民國刑法施行法增訂第八條之二條文草案」案。,吳志揚;廖國棟Sufin．Siluko;葉宜津;周春米;王育敏;蔡易餘;王惠美;李俊俋;陳歐珀;鍾孔炤;劉世芳;林為洲;鄭天財Sra．Kacaw;段宜康;林德福;呂玉玲;鄭運鵬;蔣乃辛;邱志偉;何欣純;徐榛蔚;簡東明Uliw．Qaljupayare;周陳秀霞;羅明才;陳賴素美;尤美女;黃偉哲;劉櫂豪,
106/03/27,紅樓101會議室,經濟委員會,無,立法院第9屆第3會期經濟委員會第10次全體委員會議,邀請經濟部部長、國家發展委員會主任委員、行政院農業委員會主任委員與行政院環境保護署、財政部、原住民族委員會、內政部及科技部等代表，針對「產業創新條例部分條文修正草案，及礦業法各修正草案等之立(修)法方向、評估」進行報告，並備質詢。,林岱樺;高志鵬;王惠美;黃偉哲;徐永明;蕭美琴;蘇震清;邱志偉;管碧玲;孔文吉;張麗善;蘇治芬;鄭天財Sra．Kacaw;余宛如;廖國棟Sufin．Siluko;曾銘宗;賴瑞隆;吳志揚;蔣萬安;高潞．以用．巴魕剌Kawlo．Iyun．Pacidal;郭正亮;許毓仁;盧秀燕;陳曼麗;江啟臣;呂玉玲;賴士葆;鍾孔炤;尤美女;蔣乃辛;吳焜裕;徐榛蔚;谷辣斯．尤達卡Kolas Yotaka;陳雪生;何欣純;簡東明Uliw．Qaljupayare;周陳秀霞;陳賴素美;羅明才;陳歐珀;劉建國;林德福;鄭運鵬;鍾佳濱;林淑芬;邱議瑩,
106/03/27,群賢樓101會議室,教育及文化委員會,無,立法院第9屆第3會期教育及文化委員會第8次全體委員會議,邀請教育部部長潘文忠及勞動部業務主管針對「大專兼任教師納入勞基法、大專實習生勞動權益及高中職建教生之權益保障」列席專題報告，並備質詢。,吳思瑤;陳亭妃;柯志恩;蘇巧慧;許智傑;高潞．以用．巴魕剌Kawlo．Iyun．Pacidal;蔣乃辛;張廖萬堅;何欣純;李麗芬;鍾佳濱;陳學聖;蔡培慧;林靜儀;林岱樺;徐榛蔚;李彥秀;蔣萬安;施義芳;費鴻泰;廖國棟Sufin．Siluko;盧秀燕;曾銘宗;陳曼麗;吳志揚;邱志偉;黃偉哲;陳歐珀;王惠美;賴士葆;鄭天財Sra．Kacaw;呂玉玲;劉世芳;管碧玲;賴瑞隆;羅致政;林德福;張麗善;鍾孔炤;孔文吉;吳焜裕;陳賴素美;羅明才;周陳秀霞;吳玉琴;簡東明Uliw．Qaljupayare;林淑芬;劉建國;李昆澤,
106/03/27,紅樓201會議室,交通委員會,無,立法院第9屆第3會期交通委員會第7次全體委員會議,邀請交通部部長賀陳旦就「綠數水道鄉．幸福新台灣．前瞻基礎建設計畫—軌道建設、城鄉建設『提升道路品質、改善停車問題』」列席報告，並備質詢。(3月27日及30日二天一次會),陳歐珀;李昆澤;洪慈庸;趙正宇;鄭寶清;鄭運鵬;鍾佳濱;黃國書;周春米;陳素月;徐榛蔚;簡東明Uliw．Qaljupayare;李鴻鈞;廖國棟Sufin．Siluko;王定宇;黃昭順;劉櫂豪;吳志揚;黃國昌;葉宜津;施義芳;江啟臣;蘇巧慧;鄭天財Sra．Kacaw;高潞．以用．巴魕剌Kawlo．Iyun．Pacidal;蔣萬安;徐永明;黃偉哲;王惠美;林德福;陳雪生;呂玉玲;蔡適應;蔣乃辛;賴瑞隆;劉世芳;邱志偉;蕭美琴;何欣純;鍾孔炤;孔文吉;張麗善;羅致政;莊瑞雄;吳焜裕;羅明才;陳曼麗;周陳秀霞;陳賴素美;劉建國;管碧玲;莊瑞雄;陳曼麗,
106/03/27,九樓大禮堂,財政委員會,無,立法院第9屆第3會期財政委員會第8次全體委員會議,審查中華民國106年度中央政府總預算案附屬單位預算營業部分有關臺灣菸酒股份有限公司。中央存款保險股份有限公司。,林德福;黃國昌;吳秉叡;賴士葆;盧秀燕;費鴻泰;施義芳;郭正亮;曾銘宗;余宛如;陳賴素美;江永昌;羅明才;王榮璋;江啟臣;陳歐珀;吳志揚;王惠美;鄭天財Sra．Kacaw;黃偉哲;蔣乃辛;呂玉玲;邱志偉;徐榛蔚;鍾孔炤;周陳秀霞;簡東明Uliw．Qaljupayare,
106/03/28,紅樓201會議室,程序委員會,無,第9屆第3會期程序委員會第7次會議, 審定本院第9屆第3會期第7次會議議事日程及  人民請願案,曾銘宗;林為洲;谷辣斯．尤達卡Kolas Yotaka;鍾孔炤;高潞．以用．巴魕剌Kawlo．Iyun．Pacidal;曾銘宗;林為洲;廖國棟Sufin．Siluko;王育敏;李彥秀,
106/03/29,紅樓302會議室,司法及法制委員會,無,立法院第9屆第3會期司法及法制委員會第10次全體委員會議,一、審查行政院函請審議「毒品危害防制條例第二條之二、第三十一條之一及第三十六條條文修正草案」案。二、審查委員郭正亮等18人擬具「毒品危害防制條例部分條文修正草案」案。三、審查委員賴瑞隆等18人擬具「毒品危害防制條例第四條及第九條條文修正草案」案。四、審查委員林德福等16 人擬具「毒品危害防制條例第十一條之一條文修正草案」案。五、審查委員許智傑等16人擬具「毒品危害防制條例第二十條條文修正草案」案。六、審查委員李麗芬等21 人擬具「毒品危害防制條例第二條之二、第十一條之一及第三十六條條文修正草案」案。七、審查委員郭正亮等18 人擬具「毒品危害防制條例第十一條之一條文修正草案」案。（3月29日、30日兩天一次會）,葉宜津;王育敏;鍾佳濱;廖國棟Sufin．Siluko;吳志揚;劉櫂豪;鍾孔炤;李俊俋;林德福;郭正亮;江啟臣;尤美女;林為洲;楊鎮浯;徐永明;蘇治芬;段宜康;鄭天財Sra．Kacaw;曾銘宗;張麗善;許智傑;邱志偉;蔣乃辛;林靜儀;李麗芬;周陳秀霞;黃偉哲;陳賴素美;蔡易餘;王惠美,
106/03/29,群賢樓101會議室,教育及文化委員會,無,立法院第9屆第3會期教育及文化委員會第9次全體委員會議,邀請教育部部長潘文忠針對「國內技職教育學用落差、產學攜手、技職校院整併及退場機制等問題」提出專題報告，並備質詢。,蘇巧慧;柯志恩;張廖萬堅;吳思瑤;蔡培慧;陳亭妃;蔣乃辛;李麗芬;高潞．以用．巴魕剌Kawlo．Iyun．Pacidal;高金素梅;許智傑;何欣純;陳學聖;鍾佳濱;蘇治芬;王惠美;鄭天財Sra．Kacaw;廖國棟Sufin．Siluko;盧秀燕;蕭美琴;林德福;賴士葆;黃偉哲;張麗善;邱志偉;鍾孔炤;黃昭順;周陳秀霞;江啟臣;陳賴素美;羅明才,
106/03/29,九樓大禮堂,財政委員會,無,立法院第9屆第3會期財政委員會第9次全體委員會議,一、審查行政院函請審議「稅捐稽徵法增訂第五條之一及第四十六條之一條文草案」案。二、審查本院委員曾銘宗等16人擬具「稅捐稽徵法增訂第五條之一及第四十六條之一條文草案」案。,黃國昌;林德福;吳秉叡;余宛如;賴士葆;曾銘宗;王榮璋;郭正亮;施義芳;陳賴素美;江永昌;費鴻泰;羅明才;江啟臣;王惠美;王育敏;黃偉哲;張麗善;邱志偉;蔣乃辛;鍾孔炤;黃昭順;周陳秀霞;鄭天財Sra．Kacaw;盧秀燕,
106/03/29,群賢樓801會議室,社會福利及衛生環境委員會,無,立法院第9屆第3會期社會福利及衛生環境委員會第11次全體委員會議,邀請勞動部部長列席報告業務概況，並備質詢,陳宜民;蔣萬安;陳曼麗;林靜儀;吳玉琴;黃秀芳;邱泰源;周陳秀霞;林淑芬;黃國昌;鍾佳濱;鄭天財Sra．Kacaw;李麗芬;王育敏;賴士葆;江啟臣;曾銘宗;王惠美;廖國棟Sufin．Siluko;黃偉哲;蕭美琴;張麗善;邱志偉;蔣乃辛;鍾孔炤;黃昭順;吳焜裕;吳秉叡;陳賴素美;楊曜;陳瑩,
106/03/29,紅樓202會議室,內政委員會,無,立法院第9屆第3會期內政委員會第10次全體委員會議,處理106年度中央政府總預算有關內政部預算凍結項目報告案計163案(3/27和3/29兩天一次會),,
106/03/29,紅樓101會議室,經濟委員會,無,立法院第9屆第3會期經濟委員會第11次全體委員會議,邀請行政院農業委員會主任委員、衛生福利部首長針對「農藥殘留容許量之訂定機制及檢討」進行報告，並備質詢。,邱議瑩;王惠美;林岱樺;黃偉哲;徐永明;蕭美琴;張麗善;陳明文;蘇震清;邱志偉;管碧玲;陳超明;蘇治芬;陳曼麗;蔡培慧;高金素梅;陳宜民;葉宜津;江啟臣;廖國棟Sufin．Siluko;何欣純;蘇巧慧;鄭天財Sra．Kacaw;陳亭妃;鍾佳濱;鍾孔炤;高潞．以用．巴魕剌Kawlo．Iyun．Pacidal;蔣乃辛;黃昭順;林德福;吳焜裕;林為洲;劉櫂豪;周陳秀霞;簡東明Uliw．Qaljupayare;陳賴素美;林淑芬;羅明才,
106/03/30,紅樓101會議室,經濟委員會,無,立法院第9屆第3會期經濟委員會第12次全體委員會議,繼續審查106年度中央政府總預算案附屬單位預算非營業部分關於行政院主管：行政院國家發展基金、離島建設基金及花東地區永續發展基金。(處理),,
106/03/30,紅樓201會議室,交通委員會,無,立法院第9屆第3會期交通委員會第7次全體委員會議,繼續審查106年度中央政府總預算案附屬單位預算營業部分關於交通部主管中華郵政股份有限公司營業預算。(預算處理)(3月27日及30日二天一次會),,
106/03/30,紅樓302會議室,司法及法制委員會,無,立法院第9屆第3會期司法及法制委員會第10次全體委員會議,一、審查行政院函請審議「毒品危害防制條例第二條之二、第三十一條之一及第三十六條條文修正草案」案。二、審查委員郭正亮等18人擬具「毒品危害防制條例部分條文修正草案」案。三、審查委員賴瑞隆等18人擬具「毒品危害防制條例第四條及第九條條文修正草案」案。四、審查委員林德福等16 人擬具「毒品危害防制條例第十一條之一條文修正草案」案。五、審查委員許智傑等16人擬具「毒品危害防制條例第二十條條文修正草案」案。六、審查委員李麗芬等21 人擬具「毒品危害防制條例第二條之二、第十一條之一及第三十六條條文修正草案」案。七、審查委員郭正亮等18 人擬具「毒品危害防制條例第十一條之一條文修正草案」案。（3月29日、30日兩天一次會）,,
106/03/30,紅樓202會議室,內政委員會,無,立法院第9屆第3會期內政委員會,「台灣適合步行嗎？從弱勢角度看公共通行權」公聽會,,
106/03/30,群賢樓101會議室,教育及文化委員會,無,立法院第9屆第3會期教育及文化委員會第10次全體委員會議,併案審查委員柯志恩等18人擬具「補習及進修教育法增訂第六條之一條文草案」、委員洪慈庸等16人及委員黃秀芳等17人及委員邱志偉等22人擬具「補習及進修教育法第九條條文修正草案」、委員蔣乃辛等18人擬具「補習及進修教育法增訂第二十三條之一及第二十五條之一條文草案」、委員費鴻泰等22人擬具「補習及進修教育法第二十四條條文修正草案」案。(僅詢答不處理),陳亭妃;柯志恩;蘇巧慧;張廖萬堅;吳思瑤;李麗芬;許智傑;蔣乃辛;何欣純;陳學聖;蔡培慧;林德福;高金素梅;鍾佳濱;徐永明;蕭美琴;賴士葆;黃國書;鄭天財Sra．Kacaw;曾銘宗;高潞．以用．巴魕剌Kawlo．Iyun．Pacidal;劉世芳;江啟臣;盧秀燕;鍾孔炤;呂玉玲;張麗善;費鴻泰;邱志偉,
106/03/30,紅樓202會議室,內政委員會,無,立法院第9屆第3會期內政委員會「都市更新條例草案」公聽會,舉辦「都市更新條例草案」公聽會,,
106/03/30,九樓大禮堂,財政委員會,無,立法院第9屆第3會期財政委員會第10次全體委員會議,一、彙總整理提出「中華民國106年度中央政府總預算案附屬單位預算營業及非營業部分審查總報告草案」提報院會案。二、處理106年度中央政府總預算案有關審計部主管預算凍結請安排報告案計10案。三、處理106年度中央政府總預算案有關行政院主計總處預算凍結請安排報告案計8案。,林德福;黃國昌;賴士葆;盧秀燕;郭正亮;費鴻泰;曾銘宗;吳秉叡;施義芳;王榮璋;陳賴素美;鄭天財Sra．Kacaw;蔣乃辛;劉世芳;呂玉玲;張麗善;江永昌;余宛如;羅明才;邱志偉,
106/03/30,紅樓301會議室,外交及國防委員會,無,立法院第9屆第3會期外交及國防委員會第11次全體委員會議,一、審查行政院函請審議「志願士兵服役條例部分條文修正草案」案。二、處理院會交付國防部106年度中央政府總預算決議凍結案等5案。,蔡適應;羅致政;劉世芳;馬文君;江啟臣;莊瑞雄;呂玉玲;王定宇;吳焜裕;許毓仁;林昶佐;徐永明;鄭天財Sra．Kacaw;賴士葆;盧秀燕;蔣乃辛;張麗善;邱志偉,
106/04/05,紅樓202會議室,內政委員會,無,立法院第9屆第3會期內政委員會第11次全體委員會議,一、邀請內政部部長葉俊榮就「替代役後續執行及監督問題」進行專題報告，並備質詢。二、審查原住民族委員會函送「原住民族土地或部落範圍土地劃設辦法」案。三、「槍砲彈藥刀械管制條例」：（一）審查行政院函請審議「槍砲彈藥刀械管制條例第五條之二條文修正草案」案。（二）審查本院親民黨黨團擬具「槍砲彈藥刀械管制條例第二十條及第二十條之二條文修正草案」案。（三）審查本院委員孔文吉等23人擬具「槍砲彈藥刀械管制條例第四條及第二十條條文修正草案」案。（四）審查本院委員陳瑩等16人擬具「槍砲彈藥刀械管制條例部分條文修正草案」案。（五）審查本院委員鄭天財等18人擬具「槍砲彈藥刀械管制條例第四條、第六條之一及第二十條條文修正草案」案。（六）審查本院委員鄭天財等17人擬具「槍砲彈藥刀械管制條例第五條之二條文修正草案」案。（七）審查本院委員簡東明等17人擬具「槍砲彈藥刀械管制條例第五條之二及第二十條條文修正草案」案。,曾銘宗;陳怡潔;鄭天財Sra．Kacaw;張宏陸;洪宗熠;黃昭順;林麗蟬;賴瑞隆;趙天麟;陳其邁;林德福;高潞．以用．巴魕剌Kawlo．Iyun．Pacidal;吳琪銘;孔文吉;簡東明Uliw．Qaljupayare;林昶佐;徐永明;黃國昌;黃偉哲;顏寬恒;江啟臣;王惠美;吳玉琴;賴士葆;徐榛蔚;邱志偉;鍾孔炤;高金素梅;蕭美琴;呂玉玲;吳志揚;劉櫂豪;蔡易餘;周陳秀霞;劉世芳;羅明才;陳賴素美;鍾佳濱;王育敏;廖國棟Sufin．Siluko;陳瑩;谷辣斯．尤達卡Kolas Yotaka,
106/04/05,紅樓301會議室,外交及國防委員會,無,立法院第9屆第3會期外交及國防委員會第12次全體委員會議,邀請國防部部長率國家中山科學研究院院長、國家發展委員會副主任委員、科技部次長、經濟部次長率工業局及智慧機械推動辦公室、行政院資通安全處、財團法人資訊工業策進會、財團法人工業技術研究院、財團法人船舶暨海洋產業研發中心報告「國機國造、潛艦國造執行進度暨發展國防產業之具體目標與策略」，併請台灣國際造船股份有限公司董事長、漢翔航空工業股份有限公司董事長列席，並備質詢。,羅致政;林昶佐;江啟臣;許毓仁;莊瑞雄;馬文君;王定宇;呂玉玲;劉世芳;呂孫綾;吳焜裕;邱志偉;吳志揚;林德福;蔡適應;孔文吉;徐永明;賴士葆;王惠美;葉宜津;黃昭順;鍾佳濱;賴瑞隆;鍾孔炤;簡東明Uliw．Qaljupayare;周陳秀霞;蔡易餘;羅明才;廖國棟Sufin．Siluko;黃偉哲,
106/04/05,九樓大禮堂,朝野黨團協商(財政委員會),無,立法院朝野黨團協商,一、行政院函請審議「菸酒稅法第七條、第二十條及第二十條之一條文修正草案」及委員曾銘宗等16人擬具「菸酒稅法第七條條文修正草案」案。二、行政院函請審議「遺產及贈與稅法部分條文修正草案」案及時代力量黨團擬具「遺產及贈與稅法第十三條、第十九條及第二十二條條文修正草案」案。 ,,
106/04/05,議場三樓會議室,朝野黨團協商,無,立法院黨團協商,研商「促進轉型正義條例草案」相關事宜。,,
106/04/05,群賢樓801會議室,社會福利及衛生環境委員會,無,立法院第9屆第3會期社會福利及衛生環境委員會第12次全體委員會議,邀請衛生福利部部長、行政院農業委員會副主任委員、行政院環境保護署副署長、行政院食品安全辦公室就「農藥開放使用申請制度缺失改進及各主管單位於食安五環政策之分工」列席報告、並備質詢,陳宜民;李彥秀;蔣萬安;葉宜津;吳玉琴;邱泰源;林靜儀;徐志榮;陳曼麗;許淑華;周陳秀霞;黃秀芳;楊曜;陳瑩;高金素梅;張麗善;王惠美;江啟臣;曾銘宗;吳焜裕;顏寬恒;邱志偉;林德福;鍾孔炤;黃偉哲;吳志揚;呂玉玲;羅明才;簡東明Uliw．Qaljupayare;陳賴素美;蔡易餘;徐榛蔚;黃昭順;吳秉叡;廖國棟Sufin．Siluko;林淑芬;劉建國;陳宜民,
106/04/05,群賢樓802會議室,程序委員會,無,第9屆第3會期程序委員會第8次會議, 審定本院第9屆第3會期第8次會議議事日程及  人民請願案,鍾孔炤;鍾孔炤;高潞．以用．巴魕剌Kawlo．Iyun．Pacidal;王育敏;陳怡潔,
106/04/05,紅樓302會議室,司法及法制委員會,無,立法院第9屆第3會期司法及法制委員會第11次全體委員會議,審查考試院函請審議「公務人員保障法部分條文修正草案」案。,吳志揚;葉宜津;王育敏;李俊俋;段宜康;鍾孔炤;王惠美;劉櫂豪;蔡易餘;尤美女;林德福;林為洲;鄭天財Sra．Kacaw;江啟臣;孔文吉;賴士葆;黃偉哲;黃昭順;邱志偉;賴瑞隆;莊瑞雄;吳焜裕;呂玉玲;簡東明Uliw．Qaljupayare;周陳秀霞;劉世芳;羅明才;鍾佳濱;廖國棟Sufin．Siluko,
106/04/05,紅樓101會議室,經濟委員會,無,立法院第9屆第3會期經濟委員會第13次全體委員會議,一、處理106年度公平交易委員會預算凍結案等4案。二、審查本院委員廖國棟等17人擬具「公平交易法第十一條條文修正草案」案。三、審查本院委員蘇震清等18人擬具「公平交易法第十一條條文修正草案」案。,黃偉哲;孔文吉;徐永明;王惠美;蘇震清;邱志偉;管碧玲;張麗善;蕭美琴;陳明文;陳怡潔;黃昭順;李彥秀;高志鵬;吳志揚;江啟臣;賴士葆;蔡易餘;曾銘宗;鍾孔炤;徐榛蔚;莊瑞雄;蔣乃辛;呂玉玲;劉世芳;周陳秀霞;羅明才;劉櫂豪;簡東明Uliw．Qaljupayare;陳賴素美;葉宜津;廖國棟Sufin．Siluko;陳曼麗,
106/04/05,九樓大禮堂,財政委員會,無,立法院第9屆第3會期財政委員會第11次全體委員會議,一、審查行政院函請審議「票券金融管理法第二十六條條文修正草案」案。二、審查本院委員江永昌等18人擬具「票券金融管理法第二十六條及第六十六條條文修正草案」案。,林德福;吳秉叡;黃國昌;余宛如;賴士葆;王榮璋;郭正亮;施義芳;羅明才;陳賴素美;曾銘宗;費鴻泰;王惠美;蔡易餘;邱志偉;張麗善;鍾孔炤;周陳秀霞;呂玉玲;簡東明Uliw．Qaljupayare;劉世芳;黃偉哲;江永昌;吳志揚;廖國棟Sufin．Siluko,
106/04/06,群賢樓801會議室,社會福利及衛生環境委員會,無,立法院第9屆第3會期社會福利及衛生環境委員會第12次全體委員會議,審查（一）本院委員黃國書等20人擬具「醫療法第二十四條條文修正草案」、（二）委員張麗善等30人擬具「醫療法第二十四條及第一百零六條條文修正草案」、（三）委員邱泰源等22人擬具「醫療法第八十二條條文修正草案」、（四）委員李彥秀等18人擬具「醫療法第八十二條條文修正草案」、（五）委員陳宜民等30人擬具「醫療法第一百零六條條文修正草案」、（六）委員李彥秀等22人擬具「醫療法第一百零六條條文修正草案」、（七）委員盧秀燕等16人擬具「醫療法第一百零六條條文修正草案」、（八）委員林俊憲等16人擬具「醫療法第一百零六條條文修正草案」及（九）委員李鴻鈞等20人擬具「醫療法部分條文修正草案」等9案（詢答及處理）。,陳宜民;李彥秀;陳曼麗;許淑華;吳玉琴;黃秀芳;邱泰源;周陳秀霞;鍾孔炤;鍾佳濱;廖國棟Sufin．Siluko;黃昭順;張麗善;賴士葆;何欣純;徐永明;黃國書;蔣萬安;林淑芬;黃國書,
106/04/06,紅樓302會議室,司法及法制委員會,無,立法院第9屆第3會期司法及法制委員會第12次全體委員會議,一、繼續併案審查（一）委員周春米等20 人擬具「刑事訴訟法第三十一條之一、第三十三條及第三十四條之二條文修正草案」、（二）時代力量黨團擬具「刑事訴訟法第三十一條條文修正草案」、（三）親民黨黨團擬具「刑事訴訟法第三十三條條文修正草案」、（四）委員尤美女等17 人擬具「刑事訴訟法部分條文修正草案」及（五）委員蔡易餘等19 人擬具「刑事訴訟法部分條文修正草案」案。二、審查委員尤美女等16 人擬具「刑事訴訟法施行法增訂第七條之十條文草案」案。,,
106/04/06,紅樓202會議室,內政委員會,無,立法院第9屆第3會期內政委員會第12次全體委員會議,一、審查「平均地權條例」： （一）委員葉宜津等22人擬具「平均地權條例第十八條條文修正草案」案。 （二）委員周春米等17人擬具「平均地權條例第五十六條、第五十八條及第五十九條條文修正草案」案。 （三）委員洪宗熠等19人擬具「平均地權條例第四十七條、第八十一條之二及第八十七條條文修正草案」案。 （四）委員陳歐珀等22人擬具「平均地權條例第十四條條文修正草案」案。 （五）委員張廖萬堅等21人擬具「平均地權條例部分條文修正草案」案。 （六）委員曾銘宗等16人擬具「平均地權條例第十四條、第十七條及第十八條條文修正草案」案。 （七）請願文書1案。 二、審查「殯葬管理條例」： （一）委員張麗善等16人擬具「殯葬管理條例增訂第二十一條之一條文草案」案。 （二）委員劉建國等20人擬具「殯葬管理條例增訂第二十一條之一條文草案」案。 （三）請願文書7案。,曾銘宗;陳怡潔;張宏陸;黃昭順;賴瑞隆;洪宗熠;趙天麟;林麗蟬;李彥秀;吳琪銘;何欣純;廖國棟Sufin．Siluko;張廖萬堅;鍾孔炤;葉宜津;賴士葆;陳明文;徐永明;周陳秀霞;江啟臣;張麗善;谷辣斯．尤達卡Kolas Yotaka;鍾佳濱;尤美女;陳其邁;吳志揚,
106/04/10,紅樓202會議室,內政委員會,無,立法院第9屆第3會期內政委員會第13次全體委員會議,繼續處理106年度中央政府總預算有關內政部預算凍結項目報告案計56案(含報告事項32案)。 ,,
106/04/10,紅樓101會議室,經濟委員會,財政委員會、教育及文化委員會、交通委員會、社會福利及衛生環境委員會、內政委員會,立法院第9屆第3會期經濟、財政、內政、教育及文化、交通、社會福利及衛生環境六委員會公聽會,「前瞻基礎建設特別條例草案」公聽會(第1場：前瞻基礎建設－綠能建設),,
106/04/10,群賢樓101會議室,教育及文化委員會,無,立法院第9屆第3會期教育及文化委員會第11次全體委員會議,邀請教育部部長潘文忠及內政部次長、法務部次長、衛生福利部次長針對「校園毒品氾濫之成因與因應對策」列席專題報告，並備質詢。,蘇巧慧;柯志恩;許智傑;陳亭妃;張廖萬堅;吳思瑤;何欣純;蔣乃辛;高金素梅;高潞．以用．巴魕剌Kawlo．Iyun．Pacidal;蕭美琴;蔡培慧;陳學聖;林德福;陳宜民;李麗芬;陳賴素美;吳志揚;黃國昌;盧秀燕;徐永明;孔文吉;廖國棟Sufin．Siluko;賴士葆;曾銘宗;郭正亮;鄭天財Sra．Kacaw;黃昭順;鍾孔炤;邱志偉;羅明才;簡東明Uliw．Qaljupayare;陳歐珀;江啟臣;陳曼麗;張宏陸;呂玉玲,
106/04/10,九樓大禮堂,財政委員會,無,立法院第9屆第3會期財政委員會第12次全體委員會議,一、審查行政院函請審議「所得基本稅額條例部分條文修正草案」案。二、審查本院時代力量黨團擬具「所得基本稅額條例第十二條、第十三條及第十八條條文修正草案」案。,吳秉叡;黃國昌;林德福;盧秀燕;賴士葆;王榮璋;郭正亮;施義芳;費鴻泰;陳賴素美;呂玉玲;余宛如;曾銘宗;鄭天財Sra．Kacaw;陳歐珀;吳志揚;廖國棟Sufin．Siluko;蔣乃辛;黃昭順;簡東明Uliw．Qaljupayare;江永昌;羅明才,
106/04/11,紅樓201會議室,程序委員會,無,第9屆第3會期程序委員會第9次會議, 審定本院第9屆第3會期第9次會議議事日程及  人民請願案,高潞．以用．巴魕剌Kawlo．Iyun．Pacidal;李麗芬;李彥秀,
106/04/11,議場三樓會議室,朝野黨團協商,無,立法院黨團協商,研商「針對台灣人權工作者李明哲遭中國政府關押乙事」建請本院作成決議案相關事宜。（民進黨黨團提議）,,
106/04/12,紅樓302會議室,司法及法制委員會,無,立法院第9屆第3會期司法及法制委員會第13次全體委員會議,一、繼續併案審查（一）委員周春米等20 人擬具「刑事訴訟法第三十一條之一、第三十三條及第三十四條之二條文修正草案」、（二）時代力量黨團擬具「刑事訴訟法第三十一條條文修正草案」、（三）親民黨黨團擬具「刑事訴訟法第三十三條條文修正草案」、（四）委員尤美女等17 人擬具「刑事訴訟法部分條文修正草案」、（五）委員蔡易餘等19 人擬具「刑事訴訟法部分條文修正草案」及（六）時代力量黨團擬具「刑事訴訟法部分條文修正草案」案。二、繼續審查委員尤美女等16 人擬具「刑事訴訟法施行法增訂第七條之十條文草案」案。（4月12日、13日兩天一次會）,,
106/04/12,九樓大禮堂,財政委員會,無,立法院第9屆第3會期財政委員會第13次全體委員會議,處理106年度中央政府總預算案有關財政部主管預算凍結書面報告97案、專案報告42案，計139案。(4月12日及4月13日兩天一次會) ,余宛如;林德福;吳秉叡;黃國昌;賴士葆;盧秀燕;王榮璋;施義芳;郭正亮;費鴻泰;陳賴素美;曾銘宗;吳志揚;陳怡潔;陳歐珀;林俊憲;鄭運鵬;鄭天財Sra．Kacaw;高潞．以用．巴魕剌Kawlo．Iyun．Pacidal;何欣純;劉世芳;廖國棟Sufin．Siluko;蔣乃辛;鍾孔炤;徐榛蔚;周陳秀霞;王惠美;江永昌;邱志偉;尤美女;羅明才,
106/04/12,紅樓101會議室,經濟委員會,財政委員會、教育及文化委員會、交通委員會、社會福利及衛生環境委員會、內政委員會,立法院第9屆第3會期經濟、財政、內政、教育及文化、交通、社會福利及衛生環境六委員會公聽會,「前瞻基礎建設特別條例草案」公聽會(第2場：前瞻基礎建設－水環境建設),,
106/04/12,紅樓202會議室,內政委員會,無,立法院第9屆第3會期內政委員會第14次全體委員會議,處理106年度中央政府總預算有關行政院海岸巡防署及所屬預算凍結項目報告案計15案(含報告事項10案)。,黃昭順;陳怡潔;曾銘宗;張宏陸;鄭天財Sra．Kacaw;林麗蟬;賴瑞隆;洪宗熠;李昆澤;鄭運鵬;林俊憲;陳歐珀;江啟臣;吳志揚;孔文吉;林德福;盧秀燕;劉世芳;陳明文;鍾孔炤;何欣純;鍾佳濱;廖國棟Sufin．Siluko;蔣乃辛;徐榛蔚;莊瑞雄;周陳秀霞;王惠美;羅明才;高金素梅;陳賴素美;呂孫綾;邱志偉;陳其邁;吳琪銘;姚文智,
106/04/12,群賢樓801會議室,社會福利及衛生環境委員會,無,立法院第9屆第3會期社會福利及衛生環境委員會第13次全體委員會議,處理106年度中央政府總預算案有關勞動部預算凍結案計52案（含報告事項42案及討論事項10案）。 ,蔣萬安;許淑華;吳玉琴;徐志榮;周陳秀霞;李彥秀;黃秀芳;邱泰源;林麗蟬;陳曼麗;劉世芳;楊曜;劉建國;盧秀燕;吳志揚;陳怡潔;林靜儀;林俊憲;鄭運鵬;陳宜民;曾銘宗;何欣純;陳歐珀;廖國棟Sufin．Siluko;蔣乃辛;鍾孔炤;徐榛蔚;王惠美;羅明才;陳賴素美;邱志偉;鍾佳濱;林淑芬;吳秉叡,
106/04/12,群賢樓101會議室,教育及文化委員會,無,立法院第9屆第3會期教育及文化委員會第12次全體委員會議,一、邀請教育部部長潘文忠報告「體育署106年度業務概況」，並備質詢。二、（一）審查委員黃國書等23人擬具「運動產業發展條例部分條文修正草案」案。（二）併案審查委員鄭寶清等16人及委員吳志揚等20人擬具「運動產業發展條例第四條條文修正草案」案。（三）審查委員蔣乃辛等21人擬具「運動產業發展條例增訂第二十四條之一條文草案」案。（四）審查委員許毓仁等18人擬具「運動產業發展條例第二十五條及第二十六條條文修正草案」案。（五）審查委員吳思瑤等26人擬具「運動產業發展條例第二十六條條文修正草案」案。（六）審查委員吳志揚等17人擬具「運動產業發展條例增訂第二十六條之一條文草案」案。(僅詢答不處理),蘇巧慧;高潞．以用．巴魕剌Kawlo．Iyun．Pacidal;吳志揚;吳思瑤;張廖萬堅;何欣純;林德福;許智傑;李麗芬;蔡培慧;陳亭妃;高金素梅;徐永明;蔣乃辛;蔣萬安;黃國書;劉世芳;盧秀燕;江啟臣;陳怡潔;周春米;柯志恩;鍾孔炤;陳學聖;鄭運鵬;陳明文;廖國棟Sufin．Siluko;林俊憲;陳歐珀;鍾佳濱;徐榛蔚;周陳秀霞;王惠美;許毓仁;陳賴素美;羅明才;孔文吉;邱志偉,
106/04/12,紅樓302會議室,朝野黨團協商(司法及法制委員會),無,立法院朝野黨團協商,一、協商行政院函請審議「行政院海岸巡防署海洋巡防總局組織條例第十條及第十一條條文修正草案」、「行政院海岸巡防署海岸巡防總局組織條例第十條條文修正草案」與「行政院海岸巡防署海岸巡防總局各地區巡防局組織通則第十條條文修正草案」案二、併案協商行政院函請審議及委員葉宜津等20人擬具「交通部高速公路局組織法草案」案三、協商行政院函請審議「交通部鐵道局組織法草案」案四、協商委員蔡適應等23人擬具「僑務委員會組織法第四條條文修正草案」案,,
106/04/12,紅樓201會議室,交通委員會,無,立法院第9屆第3會期交通委員會第8次全體委員會議,邀請飛航安全調查委員會主任委員黃煌煇列席報告業務概況，並備質詢。處理106年度中央政府總預算案關於飛安調查委員會預算凍結專案報告案計2案。(4月12及13日二天一次會),洪慈庸;鄭寶清;趙正宇;林俊憲;鄭運鵬;黃國書;李昆澤;陳歐珀;何欣純;陳素月;鍾佳濱;李鴻鈞;徐榛蔚;黃昭順;江啟臣;吳志揚;鄭天財Sra．Kacaw;孔文吉;林德福;盧秀燕;劉世芳;陳明文;鍾孔炤;周春米;廖國棟Sufin．Siluko;蔣乃辛;周陳秀霞;王惠美;羅明才;陳賴素美;邱志偉;陳雪生,
106/04/12,紅樓301會議室,外交及國防委員會,無,立法院第9屆第3會期外交及國防委員會第13次全體委員會議,邀請外交部部長李大維、國家安全局局長彭勝竹、行政院大陸委員會主任委員張小月報告「川習會後我國外交與國安因應作為」，並備質詢。(4月12日及13日二天一次會),蔡適應;羅致政;江啟臣;林昶佐;王定宇;劉世芳;吳焜裕;莊瑞雄;馬文君;許毓仁;王育敏;陳怡潔;黃國昌;李彥秀;呂孫綾;邱志偉;林德福;吳志揚;盧秀燕;孔文吉;鍾孔炤;陳明文;何欣純;廖國棟Sufin．Siluko;鍾佳濱;蔣乃辛;賴瑞隆;周陳秀霞;高金素梅;王惠美;羅明才;林俊憲;陳歐珀,
106/04/13,群賢樓801會議室,社會福利及衛生環境委員會,無,立法院第9屆第3會期社會福利及衛生環境委員會第13次全體委員會議,處理106年度中央政府總預算案有關衛生福利部預算凍結案計133案（含報告事項107案及討論事項26案）。,陳宜民;蔣萬安;吳玉琴;陳曼麗;林靜儀;黃秀芳;邱泰源;許淑華;李彥秀;周陳秀霞;鍾佳濱;鄭天財Sra．Kacaw;黃昭順;陳瑩;曾銘宗;楊曜;何欣純;蔣乃辛;張麗善;鍾孔炤;徐榛蔚;廖國棟Sufin．Siluko;簡東明Uliw．Qaljupayare;呂玉玲;林淑芬;高金素梅;顏寬恒;邱志偉;陳歐珀;劉建國,
106/04/13,紅樓101會議室,經濟委員會,財政委員會、教育及文化委員會、交通委員會、社會福利及衛生環境委員會、內政委員會,立法院第9屆第3會期經濟委員會公聽會,「礦業法修正草案」等案公聽會,,
106/04/13,紅樓302會議室,司法及法制委員會,無,立法院第9屆第3會期司法及法制委員會第13次全體委員會議,一、繼續併案審查（一）委員周春米等20 人擬具「刑事訴訟法第三十一條之一、第三十三條及第三十四條之二條文修正草案」、（二）時代力量黨團擬具「刑事訴訟法第三十一條條文修正草案」、（三）親民黨黨團擬具「刑事訴訟法第三十三條條文修正草案」、（四）委員尤美女等17 人擬具「刑事訴訟法部分條文修正草案」、（五）委員蔡易餘等19 人擬具「刑事訴訟法部分條文修正草案」及（六）時代力量黨團擬具「刑事訴訟法部分條文修正草案」案。二、繼續審查委員尤美女等16 人擬具「刑事訴訟法施行法增訂第七條之十條文草案」案。（4月12日、13日兩天一次會）,,
106/04/13,紅樓301會議室,外交及國防委員會,無,立法院第9屆第3會期外交及國防委員會第13次全體委員會議,一、邀請國軍退除役官兵輔導委員會主任委員李翔宙報告「單身亡故榮民善後喪葬及遺產管理作業」，並備質詢。 二、處理院會交付國軍退除役官兵輔導委員會106年度中央政府總預算決議凍結案等17案。(4月12日及13日二天一次會),蔡適應;王定宇;江啟臣;羅致政;林昶佐;馬文君;劉世芳;莊瑞雄;鍾孔炤;許毓仁;呂玉玲;吳焜裕;曾銘宗;李彥秀;徐永明;鄭天財Sra．Kacaw;黃昭順;孔文吉;蔣乃辛;何欣純;鍾佳濱;顏寬恒;張麗善;簡東明Uliw．Qaljupayare;廖國棟Sufin．Siluko;徐榛蔚;周陳秀霞;呂孫綾;邱志偉,
106/04/13,紅樓101會議室,經濟委員會,財政委員會、教育及文化委員會、交通委員會、社會福利及衛生環境委員會、內政委員會,立法院第9屆第3會期經濟、財政、內政、教育及文化、交通、社會福利及衛生環境六委員會公聽會,「前瞻基礎建設特別條例草案」公聽會(第3場：前瞻基礎建設－數位建設),,
106/04/13,九樓大禮堂,財政委員會,無,立法院第9屆第3會期財政委員會第13次全體委員會議,繼續處理106年度中央政府總預算案有關財政部主管預算凍結書面報告97案、專案報告42案，計139案。(4月12日及4月13日兩天一次會),,
106/04/13,紅樓202會議室,內政委員會,無,立法院第9屆第3會期內政委員會第15次全體委員會議,一、審查行政院函請審議「原住民族語言發展法草案」案。二、審查本院委員Kolas Yotaka等20人擬具「原住民族語文發展法草案」案。三、審查本院委員鄭天財等19人擬具「原住民族語言發展法草案」案。四、審查本院委員孔文吉等22人擬具「原住民族語言發展法草案」案。五、審查本院委員廖國棟等17人擬具「原住民族語言發展法草案」案。六、審查本院時代力量黨團擬具「原住民族語言發展法草案」案。七、審查本院委員簡東明等20人擬具「原住民族語言發展法草案」案。,曾銘宗;顏寬恒;陳怡潔;張宏陸;鄭天財Sra．Kacaw;江啟臣;洪宗熠;林麗蟬;陳其邁;賴瑞隆;高金素梅;谷辣斯．尤達卡Kolas Yotaka;吳琪銘;孔文吉;簡東明Uliw．Qaljupayare;吳玉琴;鍾孔炤;何欣純;高潞．以用．巴魕剌Kawlo．Iyun．Pacidal;蔣乃辛;張麗善;李彥秀;徐榛蔚;廖國棟Sufin．Siluko;莊瑞雄;劉世芳;周陳秀霞;呂玉玲;陳雪生;鄭運鵬;陳歐珀;黃昭順;鍾佳濱;陳瑩;趙天麟;姚文智,
106/04/13,紅樓201會議室,交通委員會,無,立法院第9屆第3會期交通委員會第8次全體委員會議,處理106年度中央政府總預算案關於交通部主管預算凍結專案報告案計24案。(4月12及13日二天一次會),陳歐珀;洪慈庸;趙正宇;李昆澤;鄭運鵬;林俊憲;葉宜津;黃國書;陳素月;鄭寶清;簡東明Uliw．Qaljupayare;徐榛蔚;周春米;陳雪生;鍾佳濱;顏寬恒;鄭天財Sra．Kacaw;黃昭順;江啟臣;孔文吉;蔣乃辛;蔡易餘;鍾孔炤;高潞．以用．巴魕剌Kawlo．Iyun．Pacidal;曾銘宗;李彥秀;張麗善;廖國棟Sufin．Siluko;劉世芳;賴瑞隆;周陳秀霞;呂玉玲;何欣純;林德福;邱志偉,
106/04/13,群賢樓101會議室,教育及文化委員會,無,立法院第9屆第3會期教育及文化委員會第13次全體委員會議,一、邀請國立故宮博物院院長林正儀報告故宮數位建設與創新發展之計畫內容與推展成果，並備質詢。二、審查106年度中央政府總預算案關於國立故宮博物院主管故宮文物藝術發展基金附屬單位預算。(僅詢答不處理)(相關提案請於106年4月20日下午5時前提出),陳亭妃;柯志恩;蘇巧慧;吳思瑤;張廖萬堅;何欣純;蔣乃辛;高潞．以用．巴魕剌Kawlo．Iyun．Pacidal;李麗芬;許智傑;曾銘宗;黃國書;陳歐珀;蔡培慧;陳學聖;顏寬恒;孔文吉;張麗善;鍾孔炤;徐榛蔚;廖國棟Sufin．Siluko;簡東明Uliw．Qaljupayare;劉世芳;周陳秀霞;呂玉玲;高金素梅;江啟臣;邱志偉,
106/04/14,紅樓201會議室,朝野黨團協商(內政委員會),無,立法院朝野黨團協商,本院內政委員會報告審查行政院函審議「香港澳門關係條例增訂第二十九條之一條文草案」案。,,
106/04/14,群賢樓802會議室,朝野黨團協商(財政委員會),無,立法院朝野黨團協商,行政院函請審議「稅捐稽徵法增訂第五條之一及第四十六條之一條文草案」及委員曾銘宗等16人擬具「稅捐稽徵法增訂第五條之一及第四十六條之一條文草案」等２案,,
106/04/14,群賢樓101會議室,朝野黨團協商(司法及法制委員會),無,立法院朝野黨團協商,併案協商(一)時代力量黨團擬具「公教人員退職退休給與併計黨務年資處理條例草案」及(二)委員陳其邁等20人擬具「公教人員退職退休給與併計黨務人員年資處理條例草案」案。 ,,
106/04/17,紅樓201會議室,交通委員會,無,立法院第9屆第3會期交通委員會第9次全體委員會議,繼續審查106年度中央政府總預算案附屬單位預算營業部分關於交通部主管交通部臺灣鐵路管理局營業預算。(預算處理)(4月17日及20日二天一次會),,
106/04/17,群賢樓801會議室,社會福利及衛生環境委員會,無,立法院第9屆第3會期社會福利及衛生環境委員會第14次全體委員會議,處理106年度中央政府總預算案有關行政院環境保護署預算凍結案計68案（含報告事項28案及討論事項40案）。,李彥秀;陳宜民;陳曼麗;吳玉琴;林靜儀;許淑華;邱泰源;蔣萬安;黃秀芳;徐志榮;周陳秀霞;陳瑩;鄭天財Sra．Kacaw;曾銘宗;江啟臣;顏寬恒;蔣乃辛;楊曜;洪慈庸;陳明文;鍾孔炤;吳志揚;簡東明Uliw．Qaljupayare;何欣純;徐榛蔚;邱志偉;劉世芳;林淑芬;劉建國;呂玉玲,
106/04/17,紅樓202會議室,內政委員會,無,立法院第9屆第3會期內政委員會第16次全體委員會議,邀請行政院大陸委員會主任委員張小月就「川習會後兩岸關係之發展及因應對策」進行專題報告，並備質詢。另邀請國家安全局副局長及經濟部次長就上述相關主管業務列席備詢。,曾銘宗;顏寬恒;陳怡潔;黃昭順;張宏陸;鄭天財Sra．Kacaw;賴瑞隆;洪宗熠;林麗蟬;趙天麟;吳琪銘;陳其邁;姚文智;黃國昌;江啟臣;王惠美;蔡易餘;谷辣斯．尤達卡Kolas Yotaka;吳志揚;呂玉玲;簡東明Uliw．Qaljupayare;莊瑞雄;邱志偉;何欣純;鍾佳濱;劉世芳;徐榛蔚;陳超明;周陳秀霞;蔣乃辛;陳歐珀;鍾孔炤;尤美女;陳明文,
106/04/17,群賢樓101會議室,教育及文化委員會,無,立法院第9屆第3會期教育及文化委員會第14次全體委員會議,一、審查106年度中央政府總預算案有關行政院主管行政院國家科學技術發展基金、科技部主管科學工業園區管理局作業基金等附屬單位預算案。(僅詢答不審查)(相關提案請於106年4月18日下午5時前提出)二、處理106年度中央政府總預算案有關科技部主管預算（公務預算）解凍案57案及105年度行政院主管行政院國家科學技術發展基金及科技部主管科學工業園區管理局作業基金等附屬單位預算等解凍案3案。(僅詢答不處理),蘇巧慧;柯志恩;張廖萬堅;蔣乃辛;陳亭妃;吳思瑤;許智傑;李麗芬;高潞．以用．巴魕剌Kawlo．Iyun．Pacidal;何欣純;陳學聖;鄭天財Sra．Kacaw;林俊憲;曾銘宗;江啟臣;顏寬恒;盧秀燕;陳明文;呂玉玲;鍾孔炤;吳志揚;簡東明Uliw．Qaljupayare;徐榛蔚;邱志偉;劉世芳;周陳秀霞;高金素梅;王惠美;蔡培慧;蔡易餘,
106/04/17,紅樓101會議室,經濟委員會,財政委員會、教育及文化委員會、交通委員會、社會福利及衛生環境委員會、內政委員會,立法院第9屆第3會期經濟、財政、內政、教育及文化、交通、社會福利及衛生環境六委員會,「前瞻基礎建設特別條例草案」公聽會(第4場：前瞻基礎建設-軌道建設),,
106/04/17,紅樓301會議室,外交及國防委員會,無,立法院第9屆第3會期外交及國防委員會第14次全體委員會議,邀請國家安全局局長、外交部次長、國防部副部長、國土安全辦公室主任、行政院海岸巡防署副署長、內政部警政署副署長、內政部移民署副署長、法務部調查局副局長報告「近期國際恐怖攻擊事件態樣分析暨我國世大運反恐作為」，併請臺北市政府列席，並備質詢。,蔡適應;江啟臣;吳焜裕;羅致政;林昶佐;呂玉玲;許毓仁;莊瑞雄;王定宇;馬文君;劉世芳;呂孫綾;吳思瑤;顏寬恒;陳怡潔;張宏陸;鄭天財Sra．Kacaw;林俊憲;蔣乃辛;陳明文;鍾孔炤;吳志揚;盧秀燕;簡東明Uliw．Qaljupayare;邱志偉;何欣純;鍾佳濱;周陳秀霞;黃國書;王惠美;姚文智;蔡易餘,
106/04/17,群賢樓101會議室,教育及文化委員會,無,立法院第9屆第3會期教育及文化委員會第14次全體委員會議,一、邀請行政院原子能委員會謝曉星主任委員列席報告業務概況，並備質詢。二、審查106年度中央政府總預算案有關原子能委員會主管核子事故緊急應變基金附屬單位預算案。（僅詢答不審查）(相關提案請於106年4月19日中午12時前提出)三、處理106年度中央政府總預算案有關行政院原子能委員會主管預算（公務預算）解凍案36案。(僅詢答不處理),柯志恩;吳思瑤;蔣乃辛;高潞．以用．巴魕剌Kawlo．Iyun．Pacidal;陳學聖;蔡培慧;蘇巧慧;何欣純;張廖萬堅;許智傑;李麗芬;鄭天財Sra．Kacaw;陳亭妃,
106/04/17,紅樓302會議室,司法及法制委員會,無,立法院第9屆第3會期司法及法制委員會第14次全體委員會議,上午一、繼續審查考試院函請審議「公務人員保障法部分條文修正草案」案。下午二、處理中華民國106年度中央政府總預算關於法務部主管預算凍結項目等共42案。三、審查委員段宜康等18人擬具「法院組織法第六十六條之二、第六十六條之四及第六十七條條文修正草案」案。四、審查委員徐國勇等17人擬具「法院組織法第八十六條條文修正草案」案。五、審查委員賴士葆等21人擬具「法院組織法第九十條之四條文修正草案」案。六、審查委員顏寬恒等22人擬具「法院組織法第二十三條條文修正草案」案。,劉櫂豪;王育敏;李俊俋;林為洲;段宜康;尤美女;楊鎮浯;葉宜津;鍾孔炤;盧秀燕;吳志揚;廖國棟Sufin．Siluko;蔡易餘,
106/04/18,紅樓201會議室,程序委員會,無,第9屆第3會期程序委員會第10次會議, 審定本院第9屆第3會期第10次會議議事日程及  人民請願案,鍾孔炤;高潞．以用．巴魕剌Kawlo．Iyun．Pacidal;林為洲,
106/04/18,議場三樓會議室,朝野黨團協商,無,立法院黨團協商,研商「106年度中央政府總預算案附屬單位預算營業及非營業部分」案相關事宜。,,
106/04/19,紅樓101會議室,經濟委員會,財政委員會、教育及文化委員會、交通委員會、社會福利及衛生環境委員會、內政委員會,立法院第9屆第3會期經濟、財政、內政、教育及文化、交通、社會福利及衛生環境六委員會,「前瞻基礎建設特別條例草案」公聽會(第5場：前瞻基礎建設-城鄉建設),,
106/04/19,九樓大禮堂,財政委員會,經濟委員會,立法院第9屆第3會期財政、經濟委員會第1次聯席會議,審查「中華民國104年度中央政府總決算審核報告（含附屬單位決算及綜計表）案」關於經濟部主管單位決算。(4月19日及4月20日兩天一次會) ,黃國昌;黃偉哲;吳秉叡;王惠美;林德福;郭正亮;施義芳;余宛如;賴士葆;邱志偉;盧秀燕;劉世芳;費鴻泰;邱議瑩;蕭美琴;羅明才;顏寬恒;陳賴素美;陳歐珀;江永昌;王榮璋;管碧玲;蘇治芬,
106/04/19,群賢樓101會議室,教育及文化委員會,無,立法院第9屆第3會期教育及文化委員會第15次全體委員會議,繼續審查106年度中央政府總預算案有關行政院主管行政院國家科學技術發展基金、科技部主管科學工業園區管理局作業基金等附屬單位預算案。(4月19、20日二天一次會) ,,
106/04/19,紅樓302會議室,司法及法制委員會,無,立法院第9屆第3會期司法及法制委員會第15次全體委員會議,一、併案審查（一）考試院函請審議「公務人員退休撫卹法草案」、（二）民進黨黨團擬具「公務人員退休撫卹法草案」、（三）委員段宜康等24 人擬具「公務人員退休撫卹法草案」及（四）時代力量黨團擬具「公務人員退休撫卹法草案」案。二、審查考試院函請審議廢止「公務人員退休法」及「公務人員撫卹法」案。（4月19、20日兩天一次會）,王育敏;吳志揚;劉櫂豪;楊鎮浯;林為洲;李俊俋;尤美女;鍾孔炤;廖國棟Sufin．Siluko;許淑華;葉宜津;林德福;王惠美;呂玉玲;柯志恩;許智傑;張廖萬堅;王榮璋;陳雪生;黃昭順;鄭天財Sra．Kacaw;陳學聖;蔣乃辛;黃國昌;何欣純;林麗蟬;黃偉哲;費鴻泰;柯建銘;吳玉琴;陳曼麗;蔣萬安;江啟臣;陳宜民;張麗善;莊瑞雄;顏寬恒;孔文吉;羅明才;馬文君;徐永明;邱志偉;劉世芳;管碧玲;賴瑞隆;洪宗熠;陳素月;李昆澤;余宛如;陳怡潔;羅致政;林昶佐;周陳秀霞;徐榛蔚;洪慈庸;黃國書;陳其邁;陳超明;賴士葆;高潞．以用．巴魕剌Kawlo．Iyun．Pacidal;鍾佳濱;蔡易餘;鄭運鵬;周春米;簡東明Uliw．Qaljupayare;邱議瑩;陳歐珀;李彥秀;張宏陸;段宜康;曾銘宗,
106/04/19,群賢樓801會議室,社會福利及衛生環境委員會,無,立法院第9屆第3會期社會福利及衛生環境委員會第15次全體委員會議,一、邀請行政院環境保護署署長就「第二階段限塑政策規劃狀況、各縣市垃圾費隨袋徵收推動進度及垃圾代燒制度管理現況」列席報告，並備質詢。 二、邀請行政院環境保護署署長、內政部營建署署長就「現有污水排放管理現況檢討及本國家戶污水管接管進度與中央補助各縣市接管情形」列席報告，並備質詢。,李彥秀;陳宜民;吳玉琴;邱泰源;陳曼麗;呂孫綾;黃秀芳;許淑華;周陳秀霞;陳瑩;劉建國;林靜儀;徐志榮;蔣萬安;楊曜;高潞．以用．巴魕剌Kawlo．Iyun．Pacidal;劉世芳;徐榛蔚;邱志偉;鍾佳濱;顏寬恒;陳歐珀;王惠美;林淑芬;黃偉哲,
106/04/19,紅樓301會議室,外交及國防委員會,無,立法院第9屆第3會期外交及國防委員會第15次全體委員會議,一、邀請外交部部長、僑務委員會委員長報告「外交部及僑務委員會推動新南向政策現階段之成果及挑戰」，並備質詢。 二、處理院會交付外交部106年度中央政府總預算決議凍結案等20案。 三、處理院會交付僑務委員會106年度中央政府總預算決議凍結案等9案。,蔡適應;呂玉玲;呂孫綾;江啟臣;馬文君;王定宇;陳瑩;莊瑞雄;吳焜裕;羅致政;林昶佐;劉世芳;林德福;吳志揚;顏寬恒;黃昭順;邱志偉;林麗蟬;張麗善;王惠美;蔣乃辛;黃偉哲;孔文吉;蕭美琴;鍾佳濱;黃國書;陳歐珀,
106/04/19,紅樓202會議室,內政委員會,無,立法院第9屆第3會期內政委員會第17次全體委員會議,邀請內政部部長葉俊榮率同警政署署長陳國恩就「今(106)年4月18日至20日，立法院週邊區域及博愛特區，警力佈署過當，形同圍城，嚴重影響人民集會遊行請願權利及國會議事，相關決策過程、警勤配置與執行方案、責任歸屬暨對周邊住戶、商家及交通之影響等問題」進行專題報告並備質詢; 另邀請國家安全局副局長、立法院總務處處長，並請台北市政府警察局中正第一分局派員就前述相關主管業務列席備詢。,曾銘宗;顏寬恒;黃昭順;鄭天財Sra．Kacaw;陳怡潔;林麗蟬;張宏陸;賴瑞隆;洪宗熠;谷辣斯．尤達卡Kolas Yotaka;陳其邁;姚文智;黃偉哲;王育敏;蔣萬安;陳亭妃;張麗善;王惠美;邱志偉;孔文吉;陳賴素美;徐榛蔚;陳歐珀;吳琪銘;黃國昌;陳明文;廖國棟Sufin．Siluko;羅明才,
106/04/20,群賢樓101會議室,教育及文化委員會,無,立法院第9屆第3會期教育及文化委員會第15次全體委員會議,一、審查106年度中央政府總預算案有關文化部主管國立文化機構作業基金附屬單位預算案。(僅詢答不處理) (相關提案請於106年4月27日下午5時前提出)二、處理106年度中央政府總預算案有關文化部主管預算（公務預算）解凍案83案。(僅詢答不處理),柯志恩;蘇巧慧;張廖萬堅;吳思瑤;蔣乃辛;許智傑;高潞．以用．巴魕剌Kawlo．Iyun．Pacidal;李麗芬;蔡培慧;何欣純;陳亭妃;陳學聖;孔文吉;林靜儀;黃國書;高金素梅;盧秀燕;吳志揚;李昆澤;鄭天財Sra．Kacaw;鄭運鵬;邱志偉;賴士葆;江啟臣;陳明文;廖國棟Sufin．Siluko;徐榛蔚;黃昭順;周陳秀霞;鍾孔炤;吳焜裕;蔡易餘;呂玉玲;蕭美琴;陳歐珀;王惠美;鍾佳濱;林德福,
106/04/20,群賢樓801會議室,社會福利及衛生環境委員會,無,立法院第9屆第3會期社會福利及衛生環境委員會第16全體委員會議,一、邀請衛生福利部部長、外交部次長、國家發展委員會副主任委員就「我國參與今年世界衛生組織年會預備工作進度及醫療產業配合新南向政策之輔導進度及執行成果」列席報告，並備質詢。 二、邀請衛生福利部部長就「衛生福利部規劃成立少子化辦公室政策目標設定及分工規劃進度」列席報告，並備質詢。,陳宜民;陳瑩;蔣萬安;林靜儀;李彥秀;吳玉琴;徐志榮;陳曼麗;黃秀芳;許淑華;邱泰源;周陳秀霞;鍾佳濱;劉建國;王育敏;劉世芳;林德福;盧秀燕;鄭運鵬;孔文吉;蔣乃辛;鍾孔炤;洪慈庸;楊曜;吳志揚;江啟臣;鄭天財Sra．Kacaw;李麗芬;徐榛蔚;黃昭順;黃偉哲;李昆澤;呂玉玲;吳焜裕;蔡易餘;王惠美;邱志偉;余宛如;吳秉叡;廖國棟Sufin．Siluko;林淑芬;陳歐珀,
106/04/20,紅樓302會議室,司法及法制委員會,無,立法院第9屆第3會期司法及法制委員會第15次全體委員會議,一、併案審查（一）考試院函請審議「公務人員退休撫卹法草案」、（二）民進黨黨團擬具「公務人員退休撫卹法草案」、（三）委員段宜康等24 人擬具「公務人員退休撫卹法草案」及（四）時代力量黨團擬具「公務人員退休撫卹法草案」案。二、審查考試院函請審議廢止「公務人員退休法」及「公務人員撫卹法」案。（4月19、20日兩天一次會）,,
106/04/20,紅樓201會議室,交通委員會,無,立法院第9屆第3會期交通委員會第9次全體委員會議,處理106年度中央政府總預算案關於交通部主管預算凍結案(另含105年度1案)及專案報告案。(詢答及處理)(4月17日及20日二天一次會),李昆澤;陳歐珀;鄭運鵬;洪慈庸;黃國書;鍾佳濱;陳素月;劉世芳;林俊憲;簡東明Uliw．Qaljupayare;李鴻鈞;陳雪生;葉宜津;鄭天財Sra．Kacaw;徐榛蔚;周春米;陳明文;高潞．以用．巴魕剌Kawlo．Iyun．Pacidal;李彥秀;賴士葆;蔣乃辛;廖國棟Sufin．Siluko;吳志揚;鍾孔炤;何欣純;呂玉玲;陳亭妃;孔文吉;周陳秀霞;莊瑞雄;劉建國;蔡易餘;邱志偉;蕭美琴;鄭寶清,
106/04/20,群賢樓101會議室,教育及文化委員會,無,立法院第9屆第3會期教育及文化委員會第15次全體委員會議,繼續審查106年度中央政府總預算案有關原子能委員會主管核子事故緊急應變基金附屬單位預算案。(4月19、20日二天一次會),,
106/04/20,九樓大禮堂,財政委員會,經濟委員會,立法院第9屆第3會期財政、經濟委員會第1次聯席會議,審查「中華民國104年度中央政府總決算審核報告（含附屬單位決算及綜計表）案」關於國家發展委員會、公平交易委員會單位決算。(4月19日及4月20日兩天一次會) ,黃國昌;吳秉叡;林德福;賴士葆;余宛如;盧秀燕;郭正亮;王惠美;黃偉哲;施義芳;陳賴素美;費鴻泰;羅明才;劉世芳;廖國棟Sufin．Siluko;吳志揚;江永昌;鍾佳濱;蔣乃辛;鄭天財Sra．Kacaw;徐榛蔚;黃昭順;周陳秀霞;鍾孔炤;呂玉玲;蔡易餘;孔文吉;邱志偉;陳歐珀,
106/04/20,紅樓101會議室,經濟委員會,財政委員會、教育及文化委員會、交通委員會、社會福利及衛生環境委員會、內政委員會,立法院第9屆第3會期經濟、財政、內政、教育及文化、交通、社會福利及衛生環境六委員會,「前瞻基礎建設特別條例草案」公聽會(第6場：前瞻基礎建設-總體面),,
106/04/20,紅樓301會議室,外交及國防委員會,無,立法院第9屆第3會期外交及國防委員會第16次全體委員會議,一、邀請國防部部長馮世寬報告「國軍軍紀檢討與國軍 形象建立」，並備質詢。 二、審查本院委員黃國書等16人擬具「兵役法第十七條條文修正草案」案。 三、審查本院委員蔡適應等17人擬具「兵役法第三十五條條文修正草案」案。 四、審查本院委員江啟臣等17人擬具「兵役法增訂第四十四條之一條文草案」案。,蔡適應;羅致政;江啟臣;劉世芳;呂孫綾;林昶佐;馬文君;許毓仁;王定宇;呂玉玲;鍾佳濱;莊瑞雄;吳志揚;洪慈庸;邱志偉;陳歐珀;李彥秀;陳明文;賴士葆;蔣乃辛;廖國棟Sufin．Siluko;徐榛蔚;鍾孔炤;何欣純;陳亭妃;周陳秀霞;黃國書;王惠美;蔡易餘;吳焜裕,
106/04/21,群賢樓101會議室,經費稽核委員會,無,立法院第122屆經費稽核委員會第2次會議,一、宣讀上次會議議事錄二、報告本院106年度預算執行情形(截至106年3月止),,
106/04/21,紅樓202會議室,朝野黨團協商(司法及法制委員會),無,立法院朝野黨團協商,併案協商行政院函請審議「毒品危害防制條例第二條之二、第三十一條之一及第三十六條條文修正草案」、委員王育敏等18人擬具「毒品危害防制條例增訂第二條之二條文草案」及委員廖國棟等24人擬具「毒品危害防制條例增訂第二十九條之一條文草案」案,,
106/04/21,紅樓201會議室,朝野黨團協商(內政委員會),無,立法院朝野黨團協商,都市危險及老舊建築物加速重建獎勵條例草案,,
106/04/21,紅樓301會議室,朝野黨團協商(內政委員會),無,立法院朝野黨團協商,有鑑於公民投票法修正草案業已於12月15日於內政委員會完成實質審查，宣告出委員會交付黨團協商，茲請負責召集協商之內政委員會召集委員能儘速完成協商程序，將公民投票法修正草案，送交院會完成二、三讀。,,
106/04/24,紅樓302會議室,司法及法制委員會,教育及文化委員會,立法院第9屆第3會期司法及法制、教育及文化委員會第1次聯席會議,併案審查（一）行政院函請審議「公立學校教職員退休撫卹條例草案」、（二）委員段宜康等24 人擬具「公立學校教職員退休撫卹條例草案」、（三）時代力量黨團擬具「公立學校教職員退休撫卹條例草案」及（四）親民黨黨團擬具「公立學校教職員退休撫卹條例草案」案。,吳志揚;葉宜津;李俊俋;段宜康;柯志恩;劉櫂豪;劉世芳;王榮璋;王育敏;尤美女;鍾孔炤;蔡易餘;張廖萬堅;吳思瑤;許智傑;陳亭妃;李麗芬;蘇巧慧;楊鎮浯;高潞．以用．巴魕剌Kawlo．Iyun．Pacidal;陳學聖;蔣乃辛;鄭天財Sra．Kacaw;蔡培慧;何欣純;徐榛蔚;林德福;陳怡潔;呂玉玲;管碧玲;王惠美;廖國棟Sufin．Siluko;孔文吉;羅明才;蕭美琴;賴士葆;邱志偉;周陳秀霞;高金素梅;林為洲;陳歐珀;顏寬恒,
106/04/24,紅樓202會議室,內政委員會,無,立法院第9屆第3會期內政委員會第17次全體委員會議,一、「都市更新條例」： （一）繼續審查委員黃昭順等16人擬具「都市更新條例部分條文修正草案」案。 （二）繼續審查委員李俊俋等26人擬具「都市更新條例第十六條及第三十六條條文修正草案」案。 （三）繼續審查親民黨黨團擬具「都市更新條例部分條文修正草案」案。 （四）繼續審查委員江永昌等18人擬具「都市更新條例部分條文修正草案」案。 （五）繼續審查委員許淑華等16人擬具「都市更新條例修正草案」案。 （六）審查委員江永昌等20人擬具「都市更新條例第十八條、第五章章名及第五十二條之一條文修正草案」案。 （七）審查委員姚文智等17人擬具「都市更新條例修正草案」案。 二、審查委員姚文智等17人「都市再生特別條例草案」案。,趙天麟;賴瑞隆;張宏陸;陳怡潔;曾銘宗;林麗蟬;劉世芳;陳超明;吳琪銘;鄭天財Sra．Kacaw;尤美女;顏寬恒;林德福;呂玉玲;王惠美;孔文吉;蔣乃辛;羅明才;徐榛蔚;周陳秀霞;邱志偉;谷辣斯．尤達卡Kolas Yotaka;陳其邁;姚文智;陳歐珀;吳志揚,
106/04/24,群賢樓801會議室,社會福利及衛生環境委員會,無,立法院第9屆第3會期社會福利及衛生環境委員會第17次全體委員會議,繼續審查本院委員陳瑩等16人擬具「老人福利法第二條條文修正草案」案。,,
106/04/24,群賢樓101會議室,教育及文化委員會,無,立法院第9屆第3會期教育及文化委員會第16次全體委員會議,一、(ㄧ)審查時代力量黨團擬具「體育團體法草案」案。(二)審查委員黃國書等22人擬具「體育團體法草案」案。(僅詢答不處理) 二、（一）繼續審查委員黃國書等23人擬具「運動產業發展條例部分條文修正草案」案。（二）繼續併案審查委員鄭寶清等16人及委員吳志揚等20人擬具「運動產業發展條例第四條條文修正草案」案。（三）繼續審查委員蔣乃辛等21人擬具「運動產業發展條例增訂第二十四條之一條文草案」案。（四）繼續審查委員許毓仁等18人擬具「運動產業發展條例第二十五條及第二十六條條文修正草案」案。（五）繼續審查委員吳思瑤等26人擬具「運動產業發展條例第二十六條條文修正草案」案。（六）繼續審查委員吳志揚等17人擬具「運動產業發展條例增訂第二十六條之一條文草案」案。(七)審查委員張廖萬堅等17人擬具「運動產業發展條例部分條文修正草案」案。(八)審查委員柯志恩等18人擬具「運動產業發展條例部分條文修正草案」案。,陳亭妃;柯志恩;蘇巧慧;張廖萬堅;吳思瑤;許智傑;何欣純;李麗芬;徐永明;蔣乃辛;林昶佐;管碧玲;高潞．以用．巴魕剌Kawlo．Iyun．Pacidal;林德福;陳學聖;高金素梅;吳志揚;黃國書;蘇震清;顏寬恒;李昆澤;陳怡潔;張麗善;盧秀燕;王惠美;賴瑞隆;呂玉玲;羅明才;江啟臣;邱志偉;蔡培慧;蕭美琴;周陳秀霞;陳明文,
106/04/24,議場三樓會議室,朝野黨團協商,無,立法院黨團協商,一、研商財政委員會報告併案審查「遺產及贈與稅法部分條文修正草案」等案。（民進黨黨團提議）二、研商內政委員會報告審查「都市危險及老舊建築物加速重建獎勵條例草案」等案。（民進黨黨團提議）三、研商司法及法制委員會報告併案審查「公教人員退職退休給與併計黨務年資處理條例草案」等案。（民進黨黨團提議）,,
106/04/24,九樓大禮堂,經濟委員會,財政委員會、教育及文化委員會、交通委員會、社會福利及衛生環境委員會、內政委員會,立法院第9屆第3會期經濟、財政、內政、教育及文化、交通、社會福利及衛生環境六委員會第1次聯席會議,併案審查行政院函請審議及本院委員曾銘宗等19人擬具「前瞻基礎建設特別條例草案」案。(4月24日、26日及27日三天一次會，必要時延長會議時間),黃國昌;林德福;賴士葆;王育敏;管碧玲;陳明文;徐永明;李彥秀;蔣乃辛;陳歐珀;曾銘宗;吳琪銘;陳超明;蕭美琴;張麗善;邱泰源;陳宜民;許淑華;呂孫綾;邱志偉;李昆澤;高金素梅;黃國書;蔣萬安;黃偉哲;孔文吉;鄭天財Sra．Kacaw;徐志榮;羅明才;陳學聖;施義芳;徐榛蔚;陳亭妃;林靜儀;張廖萬堅;何欣純;吳思瑤;蘇巧慧;張宏陸;王榮璋;費鴻泰;江永昌;盧秀燕;廖國棟Sufin．Siluko;林為洲;鍾佳濱;林麗蟬;鄭寶清;林岱樺;高志鵬;姚文智;谷辣斯．尤達卡Kolas Yotaka;陳賴素美;蘇震清;陳曼麗;邱議瑩;吳志揚;許智傑;林俊憲;陳雪生;楊鎮浯;周陳秀霞;余宛如;洪慈庸;劉建國;吳玉琴;陳怡潔;高潞．以用．巴魕剌Kawlo．Iyun．Pacidal;郭正亮;趙正宇;陳瑩;陳其邁;蔡培慧;葉宜津;王惠美;劉世芳;鍾孔炤;呂玉玲;江啟臣;柯志恩;許毓仁;吳秉叡;馬文君;顏寬恒;林淑芬;李麗芬;鄭運鵬;蔡適應;蔡易餘;李鴻鈞;賴瑞隆;周春米,
106/04/25,紅樓201會議室,程序委員會,無,第9屆第3會期程序委員會第11次會議, 審定本院第9屆第3會期第11次會議議事日程及  人民請願案,鍾孔炤;曾銘宗;李彥秀,
106/04/26,紅樓201會議室,交通委員會,無,立法院第9屆第3會期交通委員會第10次全體委員會議,一、併案審查（一）行政院函請審議「道路交通管理處罰條例第三十七條、第六十七條及第八十七條條文修正草案」案、（二）委員曾銘宗等16人擬具「道路交通管理處罰條例第九條、第三十五條及第六十七條條文修正草案」案、（三）親民黨黨團擬具「道路交通管理處罰條例第三十五條條文修正草案」案、（四）委員李鴻鈞等17人擬具「道路交通管理處罰條例第三十五條條文修正草案」案、（五）委員郭正亮等17人擬具「道路交通管理處罰條例第三十五條條文修正草案」案、（六）委員趙正宇等16人擬具「道路交通管理處罰條例第三十五條條文修正草案」案、（七）委員陳曼麗等19人擬具「道路交通管理處罰條例第三十五條條文修正草案」案、（八）委員黃偉哲等17人擬具「道路交通管理處罰條例第三十五條條文修正草案」案、（九）委員賴瑞隆等17人擬具「道路交通管理處罰條例第三十五條條文修正草案」案、（十）委員邱志偉等22人擬具「道路交通管理處罰條例第三十五條及第六十七條條文修正草案」案、（十一）時代力量黨團擬具「道路交通管理處罰條例第三十五條、第三十五條之一及第三十五條之二條文修正草案」案、（十二）委員鄭寶清等18人擬具「道路交通管理處罰條例第三十五條及第三十五條之一條文修正草案」案、（十三）委員盧秀燕等34人擬具「道路交通管理處罰條例第三十七條條文修正草案」案、（十四）委員蕭美琴等19人擬具「道路交通管理處罰條例第六十七條條文修正草案」案、（十五）委員蕭美琴等19人擬具「道路交通管理處罰條例第四十五條條文修正草案」案。(詢答及處理)二、審查人民請願案4案。(4月26日及27日二天一次會),鄭寶清;陳歐珀;洪慈庸;趙正宇;鄭運鵬;李昆澤;黃國書;林俊憲;周春米;鍾佳濱;蘇震清;徐榛蔚;陳素月;林德福;曾銘宗;鄭天財Sra．Kacaw;江啟臣;盧秀燕;陳曼麗;葉宜津;呂玉玲;蔣乃辛;簡東明Uliw．Qaljupayare;邱志偉;蕭美琴;吳志揚;莊瑞雄;陳明文;顏寬恒;賴瑞隆;王惠美;周陳秀霞;李鴻鈞;陳雪生,
106/04/26,九樓大禮堂,經濟委員會,財政委員會、教育及文化委員會、交通委員會、社會福利及衛生環境委員會、內政委員會,立法院第9屆第3會期經濟、財政、內政、教育及文化、交通、社會福利及衛生環境六委員會第1次聯席會議,繼續併案審查行政院函請審議及本院委員曾銘宗等19人擬具「前瞻基礎建設特別條例草案」案。(4月24日、26日及27日三天一次會，必要時延長會議時間),,
106/04/26,群賢樓101會議室,教育及文化委員會,無,立法院第9屆第3會期教育及文化委員會第17次全體委員會議,ㄧ、處理106年度中央政府總預算案有關教育部主管預算（公務預算）專案解凍案72案。 二、處理106年度中央政府總預算案有關教育部主管預算（公務預算）書面解凍案48案。 三、處理105年度中央政府總預算案有關教育部主管預算（公務預算）書面解凍案1案。 四、處理105年度中央政府總預算案有關教育部主管預算（公務預算）專案解凍案1案。(院會如復議，則不予處理)(僅詢答不處理),蘇巧慧;柯志恩;張廖萬堅;吳思瑤;高潞．以用．巴魕剌Kawlo．Iyun．Pacidal;蔣乃辛;李麗芬;蔡培慧;何欣純;高金素梅;許智傑;陳學聖;盧秀燕;李昆澤;江啟臣;蕭美琴;曾銘宗;黃國書;呂玉玲;劉櫂豪;邱志偉;葉宜津;陳賴素美;林俊憲;吳志揚;孔文吉;張麗善;周陳秀霞;尤美女;王惠美;鍾佳濱;陳亭妃;鄭天財Sra．Kacaw,
106/04/26,紅樓302會議室,司法及法制委員會,無,立法院第9屆第3會期司法及法制委員會,「公務人員退休撫卹法草案」公聽會,鍾佳濱;廖國棟Sufin．Siluko,
106/04/26,紅樓301會議室,外交及國防委員會,無,立法院第9屆第3會期外交及國防委員會第17次全體委員會議【報告秘密，詢答公開】,一、邀請國防部副部長李喜明、法務部次長、內政部警政署副署長、內政部役政署副署長報告「國軍志願士兵甄選基準－微罪入營」，並備質詢。 二、處理院會交付國防部106年度中央政府總預算決議凍結案等29案。三、處理院會交付國防部106年度中央政府總預算決議「一般科學研究」預算凍結1億5000萬元（含擎揚專案凍結二分之一）秘密專案報告案。,羅致政;蔡適應;劉世芳;王定宇;林昶佐;江啟臣;呂玉玲;吳焜裕;莊瑞雄;馬文君;林俊憲;許毓仁;曾銘宗;徐永明;盧秀燕;鍾佳濱;鄭天財Sra．Kacaw;葉宜津;鍾孔炤;邱志偉;蔣乃辛;廖國棟Sufin．Siluko;吳志揚;呂孫綾;徐榛蔚;陳明文;顏寬恒;周陳秀霞;王惠美,
106/04/26,紅樓101會議室,財政委員會,無,立法院第9屆第3會期財政委員會第14次全體委員會議,處理106年度中央政府總預算案有關金融監督管理委員會主管預算凍結書面報告6案、專案報告46案，計52案。(4月26日及4月27日兩天一次會) ,黃國昌;吳秉叡;林德福;賴士葆;盧秀燕;郭正亮;余宛如;王榮璋;施義芳;鄭運鵬;費鴻泰;羅明才;陳賴素美;王惠美;劉櫂豪;高潞．以用．巴魕剌Kawlo．Iyun．Pacidal;呂玉玲;李彥秀;廖國棟Sufin．Siluko;蔣乃辛;江永昌;邱志偉;黃昭順;葉宜津;管碧玲;孔文吉;吳志揚;顏寬恒;簡東明Uliw．Qaljupayare;周陳秀霞;曾銘宗,
106/04/26,群賢樓801會議室,社會福利及衛生環境委員會,無,立法院第9屆第3會期社會福利及衛生環境委員會第18次全體委員會議,邀請勞動部部長、衛生福利部、內政部、國家發展委員會及教育部就「外籍勞工在台生育子女增長對我國人口政策之影響及因應：安置、治安、就養、就醫、就學、就業（二安四就）」列席報告，並備質詢。,陳宜民;徐志榮;吳玉琴;陳曼麗;李彥秀;林靜儀;許淑華;陳瑩;劉建國;黃秀芳;周陳秀霞;蔣萬安;邱泰源;楊曜;鍾佳濱;吳焜裕;江啟臣;蔣乃辛;呂玉玲;林俊憲;徐榛蔚;孔文吉;吳志揚;黃偉哲;陳明文;鍾孔炤;羅明才;顏寬恒;王惠美;李麗芬;邱志偉;林淑芬,
106/04/27,紅樓202會議室,內政委員會,無,立法院第9屆第3會期內政委員會,「原住民族語言(文）發展法草案」公聽會,鄭天財Sra．Kacaw;鄭天財Sra．Kacaw;孔文吉,
106/04/27,紅樓201會議室,交通委員會,無,立法院第9屆第3會期交通委員會第10次全體委員會議,處理106年度中央政府總預算案關於行政院公共工程委員會預算解凍案計2案（另含書面報告11案）。(4月26日及27日二天一次會),鄭寶清;洪慈庸;鄭寶清;趙正宇;林俊憲;李昆澤;周春米;黃國書;鄭運鵬;陳素月;簡東明Uliw．Qaljupayare;何欣純;鄭天財Sra．Kacaw;鍾佳濱;李鴻鈞;曾銘宗;徐榛蔚;黃昭順;李彥秀;周陳秀霞;劉世芳;施義芳;蘇震清;鍾孔炤;邱志偉;賴瑞隆;蕭美琴;顏寬恒;陳歐珀;張麗善,
106/04/27,紅樓101會議室,財政委員會,無,立法院第9屆第3會期財政委員會第14次全體委員會議,繼續處理106年度中央政府總預算案有關行政院主計總處、審計部、財政部主管預算凍結專案報告計8案。(4月26日及4月27日兩天一次會) ,,
106/04/27,九樓大禮堂,經濟委員會,財政委員會、內政委員會、教育及文化委員會、交通委員會、社會福利及衛生環境委員會,立法院第9屆第3會期經濟、財政、內政、教育及文化、交通、社會福利及衛生環境六委員會第1次聯席會議,繼續併案審查行政院函請審議及本院委員曾銘宗等19人擬具「前瞻基礎建設特別條例草案」案。(4月24日、26日及27日三天一次會，必要時延長會議時間),,
106/04/27,群賢樓801會議室,社會福利及衛生環境委員會,無,立法院第9屆第3會期社會福利及衛生環境委員會第19次全體委員會議,一、審查（一）本院委員呂玉玲等20人擬具「精神衛生法第二十三條條文修正草案」、（二）本院委員柯志恩等16人擬具「精神衛生法第十三條及第十四條條文修正草案」、（三）本院委員李彥秀等18人擬具「精神衛生法第二十九條、第三十二條及第四十一條條文修正草案」、（四）本院委員劉建國等16人擬具「精神衛生法第三條及第二十九條條文修正草案」、（五）本院委員鍾佳濱等16人擬具「精神衛生法第二條條文修正草案」、（六）本院委員陳怡潔等18人擬具「精神衛生法部分條文修正草案」、（七）本院委員尤美女等23人擬具「精神衛生法第四十一條及第四十二條條文修正草案」等7案。 二、審查人民請願案1案(精神衛生法)。,周陳秀霞;李彥秀;蔣萬安;陳曼麗;吳玉琴;陳宜民;黃秀芳;徐志榮;邱泰源;王榮璋;許淑華;陳瑩;林靜儀;林俊憲;楊曜;尤美女;劉建國;徐榛蔚;顏寬恒;張麗善;呂玉玲;鍾孔炤;劉世芳;鍾佳濱;林淑芬,
106/04/27,群賢樓101會議室,教育及文化委員會,無,立法院第9屆第3會期教育及文化委員會第18次全體委員會議,一、繼續審查106年度中央政府總預算案有關文化部主管國立文化機構作業基金附屬單位預算案。二、繼續處理106年度中央政府總預算案有關文化部主管預算（公務預算）解凍案83案。,,
106/04/27,群賢樓101會議室,教育及文化委員會,無,立法院第9屆第3會期教育及文化委員會第18次全體委員會議,繼續併案審查行政院函請審議與委員黃國書等23人擬具「國民體育法修正草案」、委員張廖萬堅等20人、委員何欣純等24人、親民黨黨團及委員柯志恩等18人擬具「國民體育法部分條文修正草案」、委員李麗芬等20人擬具「國民體育法第一條、第五條及第十五條條文修正草案」、委員江啟臣等19人擬具「國民體育法第八條、第八條之一及第八條之二條文修正草案」、委員劉世芳等18人擬具「國民體育法第十條及第十二條條文修正草案」、委員段宜康等23人擬具「國民體育法第十四條條文修正草案」、委員張廖萬堅等21人擬具「國民體育法增訂第十一條之一條文草案」、委員楊曜等16人擬具「國民體育法第五條及第六條條文修正草案」、委員余宛如等22人擬具「國民體育法增訂第十三條之一條文草案」案。,,
106/04/27,紅樓202會議室,內政委員會,無,立法院第9屆第3會期內政委員會第18次全體委員會議,一、審查委員邱志偉等16人擬具「殯葬管理條例第六十四條及第六十五條條文修正草案」案。二、審查委員趙天麟等19人擬具「殯葬管理條例部分條文修正草案」案。（第2案，如經院會復議則不予審查。）,曾銘宗;洪宗熠;黃昭順;陳怡潔;鄭天財Sra．Kacaw;賴瑞隆;趙天麟;盧秀燕;吳琪銘;蕭美琴;陳其邁;鍾佳濱;段宜康;李彥秀;鄭運鵬;周陳秀霞;劉世芳;邱志偉;陳歐珀;鍾孔炤;徐榛蔚;簡東明Uliw．Qaljupayare;谷辣斯．尤達卡Kolas Yotaka;張宏陸;張麗善;陳學聖;蘇震清;劉櫂豪;林俊憲;林麗蟬;顏寬恒;何欣純;姚文智,
106/04/27,紅樓302會議室,司法及法制委員會,無,立法院第9屆第3會期司法及法制委員會,「公立學校教職員退休撫卹條例草案」公聽會,鍾佳濱;劉世芳;黃昭順;張麗善;吳志揚;王惠美;柯志恩;徐榛蔚,
106/04/28,群賢樓802會議室,朝野黨團協商(經濟委員會),無,立法院朝野黨團協商,本院時代力量黨團，有鑑公開透明的資訊交換與涉及風險的評估溝通為核能安全管制首要之原則，有關「台電公司核二廠護箱裝載池改為用過燃料貯存空間之申請案」乙案，行政院原子能委員會(下稱原能會)雖於本年4月6日核定通過，然而台灣電力公司與原能會從未舉辦任何審查說明會，亦從未與公民團體及在地居民進行雙向溝通，釐清在地居民及民間團體的安全疑慮前，逕於4月10日已開始動工執行，嚴重違反重大風險評估溝通的原則。援此建請院會作成決議：「在原能會及台灣電力公司未向本院提出完整安全與風險評估報告，並經本院決議通過前，不得繼續前開改建案之施作」，是否有當？敬請公決。,,
106/05/01,群賢樓801會議室,社會福利及衛生環境委員會,無,立法院社會福利及衛生環境委員會,舉行勞工保險年金制度改革修法公聽會。,,
106/05/01,紅樓101會議室,經濟委員會,財政委員會,立法院第9屆第3會期經濟、財政兩委員會第1次聯席會議,一、審查行政院函請審議「產業創新條例部分條文修正草案」案。二、審查本院委員陳超明等21人擬具「產業創新條例部分條文修正草案」案。三、審查本院委員周春米等17人擬具「產業創新條例第四十六條之一及第四十九條條文修正草案」案。四、審查本院委員許毓仁等16人擬具「產業創新條例第十一條條文修正草案」案。五、審查本院委員余宛如等19人擬具「產業創新條例第三十一條條文修正草案」案。六、審查本院時代力量黨團擬具「產業創新條例第十條、第十二條之一及第七十條條文修正草案」案。七、審查本院委員蔣萬安等16人擬具「產業創新條例增訂第二十二條之一條文草案」案。八、審查本院委員余宛如等25人擬具「產業創新條例部分條文修正草案」案。九、審查本院委員賴瑞隆等17人擬具「產業創新條例增訂第九條之一條文草案」案。十、審查本院委員郭正亮等17人擬具「產業創新條例第十條條文修正草案」案。十一、審查本院委員許毓仁等19人擬具「產業創新條例部分條文修正草案」案。十二、審查本院委員鄭天財Sra Kacaw等17人擬具「產業創新條例部分條文修正草案」案。十三、審查本院委員郭正亮等19人擬具「產業創新條例第十二條之二及第十九條之一條文修正草案」案。十四、審查本院委員蔣萬安等16人擬具「產業創新條例增訂第二十三條之一條文草案」案。十五、審查本院委員余宛如等30人擬具「產業創新條例第二十七條條文修正草案」案。,黃偉哲;林德福;陳賴素美;王惠美;徐永明;王榮璋;黃國昌;孔文吉;郭正亮;盧秀燕;蘇震清;張麗善;蕭美琴;陳明文;余宛如;管碧玲;施義芳;許毓仁;高志鵬;邱志偉;廖國棟Sufin．Siluko;鍾佳濱;吳思瑤;張廖萬堅;蘇巧慧;葉宜津;羅明才;何欣純;蔣萬安;劉世芳;鍾孔炤;高潞．以用．巴魕剌Kawlo．Iyun．Pacidal;蔣乃辛;黃昭順;莊瑞雄;賴瑞隆;周陳秀霞;簡東明Uliw．Qaljupayare;許智傑;顏寬恒;蔡易餘;陳曼麗;江永昌;蘇治芬;費鴻泰,
106/05/01,紅樓302會議室,司法及法制委員會,無,立法院第9屆第3會期司法及法制委員會第16次全體委員會議,繼續併案審查（一）考試院函請審議「公務人員退休撫卹法草案」、（二）民進黨黨團擬具「公務人員退休撫卹法草案」、（三）委員段宜康等24 人擬具「公務人員退休撫卹法草案」、（四）時代力量黨團擬具「公務人員退休撫卹法草案」及（五）親民黨黨團擬具「公務人員退休撫卹法草案」案。（5月1日及3日兩天一次會）,廖國棟Sufin．Siluko;王育敏;賴士葆;陳學聖;呂玉玲;楊鎮浯;柯志恩;吳志揚;張麗善;鄭天財Sra．Kacaw;蔣乃辛;黃昭順;徐榛蔚;林為洲;許毓仁;林德福;顏寬恒;林麗蟬;王榮璋;江啟臣;曾銘宗;徐志榮;馬文君;羅明才;蔣萬安;王惠美;黃國昌;葉宜津;許淑華;李彥秀;陳宜民;尤美女;高潞．以用．巴魕剌Kawlo．Iyun．Pacidal;徐永明;孔文吉;陳雪生,
106/05/01,紅樓301會議室,外交及國防委員會,無,立法院第9屆第3會期外交及國防委員會第18次全體委員會議,邀請外交部部長、國防部副部長、國家安全局副局長、僑務委員會副委員長、國家發展委員會、經濟部、教育部、行政院大陸委員會、科技部、中央銀行、行政院農業委員會、衛生福利部、行政院經貿談判辦公室報告「建構台美關係全新架構之目標、策略及期程」，併請財團法人中華經濟研究院、中華民國對外貿易發展協會列席，並備質詢。,蔡適應;江啟臣;羅致政;呂玉玲;林昶佐;許毓仁;王定宇;劉世芳;馬文君;鍾佳濱;吳焜裕;莊瑞雄;王育敏;孔文吉;葉宜津;廖國棟Sufin．Siluko;盧秀燕;林德福;張麗善;陳明文;管碧玲;蕭美琴;黃昭順;蔣萬安;徐榛蔚;蔣乃辛;鍾孔炤;何欣純;羅明才;高金素梅;顏寬恒;邱志偉;周陳秀霞;簡東明Uliw．Qaljupayare;蔡易餘;陳宜民,
106/05/01,九樓大禮堂,財政委員會,經濟委員會,立法院第9屆第3會期財政、經濟委員會第2次聯席會議,審查「中華民國104年度中央政府總決算審核報告（含附屬單位決算及綜計表）案」關於農業委員會主管(含單位決算、附屬單位決算農業作業基金)。作業基金：行政院主管行政院國家發展基金、經濟部主管經濟作業基金及水資源作業基金。,黃國昌;吳秉叡;余宛如;林德福;賴士葆;盧秀燕;黃偉哲;陳賴素美;費鴻泰;徐永明;郭正亮;施義芳;蘇震清;孔文吉;王惠美;蘇治芬;管碧玲;江啟臣;劉世芳;江永昌;王榮璋;鄭天財Sra．Kacaw;呂玉玲;曾銘宗;廖國棟Sufin．Siluko;蔣乃辛;蔡易餘;黃昭順;邱志偉;徐榛蔚;周陳秀霞;顏寬恒;何欣純;羅明才;陳明文,
106/05/01,紅樓202會議室,內政委員會,無,立法院第9屆第3會期內政委員會第19次全體委員會議,一、審查本院委員莊瑞雄等17人擬具「保全業法第十條之一條文修正草案」案。二、審查本院委員曾銘宗等18人擬具「保全業法第十條之一及第十條之二條文修正草案」案。,曾銘宗;徐榛蔚;陳怡潔;洪宗熠;黃昭順;鄭天財Sra．Kacaw;賴瑞隆;吳琪銘;蔣乃辛;姚文智;呂玉玲;張宏陸;廖國棟Sufin．Siluko;簡東明Uliw．Qaljupayare;張麗善;蕭美琴;陳明文;劉世芳;管碧玲;蔣萬安;顏寬恒;何欣純;鍾孔炤;林德福;羅明才;鍾佳濱;高金素梅;邱志偉;林麗蟬;周陳秀霞;蔡易餘;谷辣斯．尤達卡Kolas Yotaka;陳其邁;莊瑞雄;趙天麟,
106/05/01,群賢樓101會議室,教育及文化委員會,無,立法院第9屆第3會期教育及文化委員會第19次全體委員會議,審查一、行政院函請審議「師資培育法修正草案」案。二、委員柯志恩等17人擬具「師資培育法修正草案」案。三、委員洪慈庸等16人擬具「師資培育法部分條文修正草案」案。四、委員張廖萬堅等21人擬具「師資培育法部分條文修正草案」案。五、委員柯志恩等20人擬具「師資培育法第六條條文修正草案」案。(詢答及審查),柯志恩;蘇巧慧;張廖萬堅;吳思瑤;蔣乃辛;李麗芬;何欣純;高潞．以用．巴魕剌Kawlo．Iyun．Pacidal;高金素梅;許智傑;蔡培慧;葉宜津;盧秀燕;鍾佳濱;鄭天財Sra．Kacaw;林德福;陳亭妃;黃偉哲;孔文吉;王惠美;江啟臣;廖國棟Sufin．Siluko;蕭美琴;蘇震清;陳明文;黃昭順;劉世芳;羅明才;管碧玲;徐榛蔚;周陳秀霞;邱志偉;顏寬恒;蔡易餘;呂玉玲;陳學聖,
106/05/02,議場三樓會議室,朝野黨團協商,無,立法院黨團協商,研商第3會期第11次會議議程相關事宜,,
106/05/02,紅樓201會議室,程序委員會,無,第9屆第3會期程序委員會第12次會議, 審定本院第9屆第3會期第12次會議議事日程及  人民請願案,高潞．以用．巴魕剌Kawlo．Iyun．Pacidal;鍾孔炤;江啟臣,
106/05/03,紅樓101會議室,財政委員會,無,立法院第9屆第3會期財政委員會第15次全體委員會議,邀請金融監督管理委員會李主任委員瑞倉、中央銀行就「臺灣電子支付(例如Apple Pay、台灣Pay…等)之發展」進行專題報告，並備質詢。(5月3日及5月4日兩天一次會),吳秉叡;黃國昌;賴士葆;盧秀燕;林德福;余宛如;陳明文;郭正亮;施義芳;陳賴素美;費鴻泰;羅明才;江永昌;陳怡潔;邱志偉;顏寬恒;林俊憲;王榮璋;王惠美;蘇震清;周陳秀霞;蔡易餘;曾銘宗,
106/05/03,群賢樓101會議室,教育及文化委員會,無,立法院第9屆第3會期教育及文化委員會第20次全體委員會議,繼續併案審查行政院函請審議與委員黃國書等23人擬具「國民體育法修正草案」、委員張廖萬堅等20人、委員何欣純等24人、親民黨黨團及委員柯志恩等18人擬具「國民體育法部分條文修正草案」、委員李麗芬等20人擬具「國民體育法第一條、第五條及第十五條條文修正草案」、委員江啟臣等19人擬具「國民體育法第八條、第八條之一及第八條之二條文修正草案」、委員劉世芳等18人擬具「國民體育法第十條及第十二條條文修正草案」、委員段宜康等23人擬具「國民體育法第十四條條文修正草案」、委員張廖萬堅等21人擬具「國民體育法增訂第十一條之一條文草案」、委員楊曜等16人擬具「國民體育法第五條及第六條條文修正草案」、委員余宛如等22人擬具「國民體育法增訂第十三條之一條文草案」案。（5月3日、4日二天一次會）,,
106/05/03,紅樓302會議室,司法及法制委員會,無,立法院第9屆第3會期司法及法制委員會第16次全體委員會議,繼續併案審查（一）考試院函請審議「公務人員退休撫卹法草案」、（二）民進黨黨團擬具「公務人員退休撫卹法草案」、（三）委員段宜康等24 人擬具「公務人員退休撫卹法草案」、（四）時代力量黨團擬具「公務人員退休撫卹法草案」及（五）親民黨黨團擬具「公務人員退休撫卹法草案」案。（5月1日3日及4日三天一次會）,,
106/05/03,群賢樓801會議室,社會福利及衛生環境委員會,無,立法院第9屆第3會期社會福利及衛生環境委員會第20次全體委員會議,邀請行政院食品安全辦公室、衛生福利部部長、行政院環境保護署署長、經濟部次長及行政院農業委員會副主任委員就「受戴奧辛污染雞蛋市面流向、污染成因及後續作為」列席報告，並備質詢。,陳宜民;李彥秀;吳玉琴;陳曼麗;黃秀芳;許淑華;徐志榮;林靜儀;邱泰源;周陳秀霞;陳瑩;蔣萬安;劉建國;楊曜;高金素梅;吳焜裕;王惠美;盧秀燕;許智傑;羅明才;趙天麟;邱志偉;孔文吉;賴士葆;黃昭順;林淑芬,
106/05/03,紅樓201會議室,交通委員會,無,立法院第9屆第3會期交通委員會第11次全體委員會議,邀請交通部、經濟部及國家發展委員會就「振興我國海運發展的挑戰課題與因應策略，如何配合行政院推動台灣郵輪產業化發展，創造最大經濟及觀光產值」列席報告，並備質詢。(5月3日及4日二天一次會),鄭寶清;洪慈庸;陳歐珀;鄭運鵬;鍾佳濱;陳素月;李昆澤;周春米;黃國書;林俊憲;陳雪生;蔡易餘;顏寬恒;姚文智;王惠美;蕭美琴;林德福;吳琪銘;羅明才;黃昭順;邱志偉;周陳秀霞;李鴻鈞;張宏陸,
106/05/03,紅樓202會議室,內政委員會,無,立法院第9屆第3會期內政委員會第20次全體委員會議,一、繼續審查本院委員蕭美琴等18人擬具「入出國及移民法第二十九條條文修正草案」案。二、繼續審查本院委員吳玉琴等21人擬具「入出國及移民法第三十一條條文修正草案」案。三、繼續審查本院委員余宛如等18人擬具「入出國及移民法第二十五條條文修正草案」案。四、繼續審查本院委員陳其邁等17人擬具「入出國及移民法第三十一條條文修正草案」案。五、審查本院委員何欣純等22人擬具「入出國及移民法第二十三條條文修正草案」案。六、審查本院委員許淑華等16 人擬具「入出國及移民法部分條文修正草案」案。七、審查本院委員王育敏等17人擬具「入出國及移民法第三十一條條文修正草案」案。八、審查本院委員陳宜民等17 人擬具「入出國及移民法增訂第五十一條之一條文草案」案。九、審查本院委員許毓仁等19人擬具「入出國及移民法第二十三條及第二十五條條文修正草案」案。十、審查本院委員賴瑞隆等16人擬具「入出國及移民法第二十三條條文修正草案」案。(5月3日及4日二天一次會),曾銘宗;張宏陸;陳怡潔;顏寬恒;姚文智;林麗蟬;洪宗熠;賴瑞隆;趙天麟;吳琪銘;黃昭順;陳其邁;鄭天財Sra．Kacaw;鍾佳濱;陳歐珀;余宛如;林俊憲;鍾孔炤;王惠美;蕭美琴;林德福;羅明才;許毓仁;吳玉琴;邱志偉;周陳秀霞;費鴻泰;谷辣斯．尤達卡Kolas Yotaka,
106/05/03,紅樓301會議室,外交及國防委員會,無,立法院第9屆第3會期外交及國防委員會第19次全體委員會議,邀請外交部部長、僑務委員會委員長、教育部次長、衛生福利部、勞動部、交通部、法務部、經濟部、行政院農業委員會、金融監督管理委員會報告「我國青年海外度假打工實施現況與未來之精進作為」，並備質詢。,羅致政;江啟臣;林昶佐;呂玉玲;王定宇;蔡適應;呂孫綾;莊瑞雄;吳焜裕;馬文君;許毓仁;鍾佳濱;盧秀燕;顏寬恒;鍾孔炤;王惠美;林德福;蕭美琴;吳思瑤;羅明才;黃昭順;邱志偉;周陳秀霞;吳志揚;徐永明,
106/05/03,九樓大禮堂,經濟委員會,財政委員會、內政委員會、教育及文化委員會、交通委員會、社會福利及衛生環境委員會,立法院第9屆第3會期經濟、財政、內政、教育及文化、交通、社會福利及衛生環境六委員會第2次聯席會議,繼續併案審查行政院函請審議及本院委員曾銘宗等19人擬具「前瞻基礎建設特別條例草案」案。(廣泛討論、逐條討論)(5月3日、4日二天一次會，必要時延長會議時間),,
106/05/04,紅樓302會議室,司法及法制委員會,無,立法院第9屆第3會期司法及法制委員會第16次全體委員會議,繼續併案審查（一）考試院函請審議「公務人員退休撫卹法草案」、（二）民進黨黨團擬具「公務人員退休撫卹法草案」、（三）委員段宜康等24 人擬具「公務人員退休撫卹法草案」、（四）時代力量黨團擬具「公務人員退休撫卹法草案」及（五）親民黨黨團擬具「公務人員退休撫卹法草案」案。（5月1日3日及4日三天一次會）,,
106/05/04,紅樓201會議室,交通委員會,無,立法院第9屆第3會期交通委員會第11次全體委員會議,處理106年度中央政府總預算案關於國家通訊傳播委員會預算凍結專案報告案計6案（另含書面報告1案）。(5月3日及4日二天一次會),鄭寶清;李昆澤;鄭運鵬;陳歐珀;洪慈庸;鍾佳濱;周春米;林俊憲;黃國書;陳素月;羅明才;徐永明;邱志偉;李鴻鈞;徐榛蔚;陳學聖;李彥秀;趙天麟;劉世芳;賴瑞隆;蔣乃辛;江啟臣;呂玉玲;劉櫂豪;蔡易餘;許智傑,
106/05/04,紅樓301會議室,外交及國防委員會,無,立法院第9屆第3會期外交及國防委員會第20次全體委員會議,邀請國防部副部長報告「振興國防產業條例草案之立法方向、效益評估、後續配套法案及現行軍品採購制度之檢討」，併請國家中山科學研究院、國家發展委員會、科技部、經濟部、金融監督管理委員會列席，並備質詢。,蔡適應;馬文君;林昶佐;劉世芳;王定宇;羅致政;呂孫綾;吳焜裕;莊瑞雄;江啟臣;呂玉玲;許毓仁;邱志偉;蔣乃辛;羅明才;鍾佳濱;徐榛蔚;周陳秀霞;鍾孔炤,
106/05/04,群賢樓801會議室,社會福利及衛生環境委員會,無,立法院第9屆第3會期社會福利及衛生環境委員會第21次全體委員會議,邀請行政院食品安全辦公室、衛生福利部部長、行政院環境保護署署長、行政院農業委員會主任委員、副主任委員及經濟部次長就「戴奧辛雞蛋事件後戴奧辛生物篩檢法引進進度、補助預算來源、補助方式及氧化鋅、砂土等飼料添加物檢驗及自調飼料稽查現況及精進方式」列席報告，並備質詢。,蔣萬安;李彥秀;吳玉琴;楊曜;周陳秀霞;林靜儀;黃秀芳;陳曼麗;邱泰源;許淑華;陳瑩;徐志榮;吳焜裕;洪宗熠;蘇治芬;劉建國;林淑芬,
106/05/04,紅樓101會議室,財政委員會,無,立法院第9屆第3會期財政委員會第15次全體委員會議,審查金融監督管理委員會函送財團法人台灣金融研訓院、財團法人汽車交通事故特別補償基金、財團法人住宅地震保險基金、財團法人保險安定基金、財團法人證券投資人及期貨交易人保護中心、財團法人保險事業發展中心暨財團法人金融消費評議中心等7家財團法人106年度預算書案。(5月3日及5月4日兩天一次會),黃國昌;吳秉叡;郭正亮;賴士葆;余宛如;盧秀燕;施義芳;陳賴素美;陳歐珀;羅明才;費鴻泰;江永昌;林德福;劉世芳;曾銘宗;蔣乃辛;鍾孔炤;江啟臣;呂玉玲;徐榛蔚;王榮璋;蘇震清;陳明文;邱志偉,
106/05/04,紅樓202會議室,內政委員會,無,立法院第9屆第3會期內政委員會第20次全體委員會議,一、繼續審查本院委員蕭美琴等18人擬具「入出國及移民法第二十九條條文修正草案」案。二、繼續審查本院委員吳玉琴等21人擬具「入出國及移民法第三十一條條文修正草案」案。三、繼續審查本院委員余宛如等18人擬具「入出國及移民法第二十五條條文修正草案」案。四、繼續審查本院委員陳其邁等17人擬具「入出國及移民法第三十一條條文修正草案」案。五、審查本院委員何欣純等22人擬具「入出國及移民法第二十三條條文修正草案」案。六、審查本院委員許淑華等16 人擬具「入出國及移民法部分條文修正草案」案。七、審查本院委員王育敏等17人擬具「入出國及移民法第三十一條條文修正草案」案。八、審查本院委員陳宜民等17 人擬具「入出國及移民法增訂第五十一條之一條文草案」案。九、審查本院委員許毓仁等19人擬具「入出國及移民法第二十三條及第二十五條條文修正草案」案。十、審查本院委員賴瑞隆等16人擬具「入出國及移民法第二十三條條文修正草案」案。(5月3日及4日二天一次會),,
106/05/04,九樓大禮堂,經濟委員會,財政委員會、內政委員會、教育及文化委員會、交通委員會、社會福利及衛生環境委員會,立法院第9屆第3會期經濟、財政、內政、教育及文化、交通、社會福利及衛生環境六委員會第2次聯席會議,繼續併案審查行政院函請審議及本院委員曾銘宗等19人擬具「前瞻基礎建設特別條例草案」案。(廣泛討論、逐條討論)(5月3日、4日二天一次會，必要時延長會議時間),,
106/05/04,群賢樓801會議室,社會福利及衛生環境委員會,無,立法院社會福利及衛生環境委員會,舉行改善少子女化政策方向─產假合理天數、育兒留職停薪津貼制度及托育多元公共化公聽會,,
106/05/04,群賢樓101會議室,教育及文化委員會,無,立法院第9屆第3會期教育及文化委員會第20次全體委員會議,處理106年度中央政府總預算案有關科技部主管預算（公務預算）解凍案57案。（詢答及處理）（5月3日、4日二天一次會）,陳亭妃;柯志恩;張廖萬堅;吳思瑤;蘇巧慧;蔣乃辛;李麗芬;高潞．以用．巴魕剌Kawlo．Iyun．Pacidal;高金素梅;何欣純;劉世芳;吳焜裕;陳明文;羅明才;邱志偉;許智傑;陳學聖,
106/05/08,九樓大禮堂,經濟委員會,財政委員會、教育及文化委員會、交通委員會、社會福利及衛生環境委員會、內政委員會,立法院第9屆第3會期經濟、財政、內政、教育及文化、交通、社會福利及衛生環境六委員會第3次聯席會議,繼續併案審查行政院函請審議及本院委員曾銘宗等19人擬具「前瞻基礎建設特別條例草案」案。(廣泛討論、逐條討論)(必要時延長會議時間),,
106/05/08,紅樓201會議室,交通委員會,無,立法院第9屆第3會期交通委員會第12次全體委員會議,一、審查交通部函送該部主管財團法人台灣郵政協會、財團法人台灣電信協會、財團法人台灣網路資訊中心、財團法人中華顧問工程司、財團法人中華航空事業發展基金會暨財團法人台灣敦睦聯誼會106年度預算書及相關資料案。二、審查交通部函送該部主管財團法人台灣郵政協會、財團法人台灣電信協會、財團法人台灣網路資訊中心、財團法人中華顧問工程司、財團法人中華航空事業發展基金會暨財團法人台灣敦睦聯誼會104年度決算書案。(5月8日、10日及11日三天一次會),趙正宇;鄭寶清;李昆澤;陳歐珀;林俊憲;洪慈庸;鄭運鵬;周春米;黃國書;鍾佳濱;徐榛蔚;陳素月;陳雪生;李鴻鈞;簡東明Uliw．Qaljupayare;葉宜津;鄭天財Sra．Kacaw;江啟臣;林德福;孔文吉;呂玉玲;黃昭順;顏寬恒;蔣乃辛;劉世芳;賴瑞隆;林麗蟬;高金素梅;吳焜裕;吳琪銘;邱志偉;王惠美;羅明才;周陳秀霞;廖國棟Sufin．Siluko,
106/05/08,群賢樓801會議室,社會福利及衛生環境委員會,無,立法院第9屆第3會期社會福利及衛生環境委員會第22次全體委員會議,一、邀請勞動部部長就「五一勞動節遊行五大訴求：一體適用勞動基準法、年金保障反修惡、正規雇用禁派遣、縮減工時漲工資、勞動三權反限縮」列席報告，並備質詢。 二、審查（一）本院委員陳宜民等20人擬具「就業服務法第五條條文修正草案」、（二）委員邱志偉等18人擬具「就業服務法第五條及第六十五條條文修正草案」、（三）委員林為洲等16人擬具「就業服務法第五條及第六十五條條文修正草案」、（四）委員陳宜民等18人擬具「就業服務法第五條之一及第六十七條條文修正草案」、（五）委員陳宜民等20人擬具「就業服務法第六條條文修正草案」、（六）委員吳玉琴等17人擬具「就業服務法第六十六條及第六十八條條文條文修正草案」、（七）委員吳玉琴等17人擬具「就業服務法部分條文修正草案」等7案(詢答)。,李彥秀;徐志榮;吳玉琴;蔣萬安;陳宜民;劉建國;黃秀芳;邱泰源;林靜儀;周陳秀霞;許淑華;陳曼麗;王惠美;楊曜;林德福;鍾佳濱;孔文吉;盧秀燕;李昆澤;呂玉玲;陳歐珀;蔣乃辛;劉世芳;邱志偉;徐榛蔚;吳焜裕;林麗蟬;高金素梅;廖國棟Sufin．Siluko;黃昭順;何欣純;簡東明Uliw．Qaljupayare;羅明才;林淑芬;吳秉叡;邱志偉;陳宜民,
106/05/08,紅樓101會議室,財政委員會,無,立法院第9屆第3會期財政委員會第16次全體委員會議,【因應刑法沒收新制相關法律配合修正】一、審查行政院函請審議「期貨交易法第一百十三條條文修正草案」案。二、審查行政院函請審議「電子票證發行管理條例第三十六條條文修正草案」案。三、審查行政院函請審議、「電子支付機構管理條例第五十三條、第五十八條條文修正草案」案。,黃國昌;吳秉叡;林德福;賴士葆;陳歐珀;余宛如;江永昌;施義芳;蘇震清;盧秀燕;費鴻泰;孔文吉;陳賴素美;呂玉玲;曾銘宗;葉宜津;鍾孔炤;劉世芳;黃昭順;王榮璋;顏寬恒;蔣乃辛;邱志偉;徐榛蔚;蕭美琴;高金素梅;吳焜裕;王惠美;馬文君;簡東明Uliw．Qaljupayare;羅明才;周陳秀霞;廖國棟Sufin．Siluko,
106/05/08,紅樓301會議室,外交及國防委員會,無,立法院第9屆第3會期外交及國防委員會第21次全體委員會議,邀請僑務委員會委員長吳新興報告「第五屆全球僑務會議籌備狀況及因應作為」，並備質詢。,蔡適應;羅致政;江啟臣;林昶佐;呂玉玲;王定宇;劉世芳;吳焜裕;馬文君;呂孫綾;莊瑞雄;徐永明;林德福;孔文吉;許毓仁;蘇巧慧;黃昭順;顏寬恒;蔣乃辛;徐榛蔚;鍾佳濱;王惠美;簡東明Uliw．Qaljupayare;何欣純;羅明才;周陳秀霞;邱志偉;廖國棟Sufin．Siluko,
106/05/08,紅樓302會議室,司法及法制委員會,教育及文化委員會,立法院第9屆第3會期司法及法制、教育及文化委員會第2次聯席會議,繼續併案審查（一）行政院函請審議「公立學校教職員退休撫卹條例草案」、（二）委員段宜康等24人擬具「公立學校教職員退休撫卹條例草案」、（三）時代力量黨團擬具「公立學校教職員退休撫卹條例草案」及（四）親民黨黨團擬具「公立學校教職員退休撫卹條例草案」案。,王育敏;柯志恩;吳志揚;王榮璋;蔣乃辛;何欣純;盧秀燕;尤美女;陳學聖,
106/05/08,紅樓202會議室,內政委員會,無,立法院第9屆第3會期內政委員會第21次全體委員會議,一、繼續審查行政院函請審議「原住民族語言發展法草案」案。 二、繼續審查本院委員Kolas Yotaka等20人擬具「原住民族語文發展法草案」案。 三、繼續審查本院委員鄭天財等19人擬具「原住民族語言發展法草案」案。 四、繼續審查本院委員孔文吉等22人擬具「原住民族語言發展法草案」案。 五、繼續審查本院委員廖國棟等17人擬具「原住民族語言發展法草案」案。 六、繼續審查本院時代力量黨團擬具「原住民族語言發展法草案」案。 七、繼續審查本院委員簡東明等20人擬具「原住民族語言發展法草案」案。 八、審查請願文書1案。(5月8、10日二天一次會）,,
106/05/09,紅樓301會議室,朝野黨團協商(內政委員會),無,朝野黨團協商,一、審查行政院函請審議「槍砲彈藥刀械管制條例第五條之二條文修正草案」案。二、審查本院委員鄭天財等17人擬具「槍砲彈藥刀械管制條例第五條之二條文修正草案」案。三、審查原住民族委員會函送「原住民族土地或部落範圍土地劃設辦法」案（含臨時提案共計五案）。,,
106/05/09,紅樓201會議室,程序委員會,無,第9屆第3會期程序委員會第13次會議, 審定本院第9屆第3會期第13次會議議事日程及  人民請願案,鍾孔炤;高潞．以用．巴魕剌Kawlo．Iyun．Pacidal;李彥秀,
106/05/10,群賢樓801會議室,社會福利及衛生環境委員會,無,立法院第9屆第3會期社會福利及衛生環境委員會第23次全體委員會議,一、審查（一）本院委員盧秀燕等25人擬具「公共場所母乳哺育條例部分條文修正草案」、（二）委員邱志偉等22人擬具「公共場所母乳哺育條例第二條及第五條條文修正草案」、（三）委員王育敏等17人擬具「公共場所母乳哺育條例第五條條文修正草案」等3案。 二、審查（一）委員王育敏等18人擬具「就業保險法第十條、第十一條及第十九條之三條文修正草案」、（二）委員蔣乃辛等17人擬具「就業保險法第十條、第十一條及第十九條之三條文修正草案」、（三）委員李彥秀等17人擬具「就業保險法第十一條條文修正草案」、（四）委員陳怡潔等31人擬具「就業保險法第十九條之二條文修正草案」等4案。 三、審查（一）委員盧秀燕等20人擬具「勞動基準法第五十條條文修正草案」、（二）委員李彥秀等18人擬具「勞動基準法第五十條條文修正草案」、（三）委員蔣萬安等17人擬具「勞動基準法第五十條條文修正草案」等3案。,林靜儀;李彥秀;吳玉琴;徐志榮;黃秀芳;陳曼麗;許淑華;蔣萬安;周陳秀霞;邱泰源;尤美女;盧秀燕;江啟臣;陳怡潔;孔文吉;張麗善;劉建國;楊曜;邱志偉;鍾佳濱;黃昭順;廖國棟Sufin．Siluko;蔣乃辛;王惠美;鍾孔炤;陳賴素美;林淑芬;林德福;黃偉哲;劉世芳,
106/05/10,紅樓201會議室,交通委員會,無,立法院第9屆第3會期交通委員會第12次全體委員會議,一、審查交通部函送該部主管財團法人台灣郵政協會、財團法人台灣電信協會、財團法人台灣網路資訊中心、財團法人中華顧問工程司、財團法人中華航空事業發展基金會暨財團法人台灣敦睦聯誼會106年度預算書及相關資料案。二、審查交通部函送該部主管財團法人台灣郵政協會、財團法人台灣電信協會、財團法人台灣網路資訊中心、財團法人中華顧問工程司、財團法人中華航空事業發展基金會暨財團法人台灣敦睦聯誼會104年度決算書案。(5月8日、10日及11日三天一次會),,
106/05/10,紅樓101會議室,財政委員會,無,立法院第9屆第3會期財政委員會第17次全體委員會議,【滯納金加徵利息宣告違憲之相關配合修正法案】一、審查行政院函請審議、本院親民黨立法院黨團、委員賴士葆等19人、江永昌等16人、盧秀燕等16人、蔣乃辛等22人、賴士葆等19人及劉世芳等17人分別擬具「遺產及贈與稅法第五十一條條文修正草案」案等8案。二、審查行政院函請審議、本院親民黨立法院黨團、委員江永昌等17人、吳秉叡等21人、盧秀燕等16人、蔣乃辛等16人、賴士葆等19人及劉世芳等17人分別擬具「所得稅法第一百十二條條文修正草案」案等8案。三、審查行政院函請審議、本院親民黨立法院黨團、委員江永昌等17人、吳秉叡等21人、盧秀燕等16人、蔣乃辛等16人、賴士葆等18人及劉世芳等17人分別擬具「加值型及非加值型營業稅法第五十條條文修正草案」案等8案。四、審查行政院函請審議、本院親民黨立法院黨團、委員江永昌等17人、吳秉叡等21人、盧秀燕等16人、蔣乃辛等16人、賴士葆等19人及劉世芳等16人分別擬具「貨物稅條例第三十一條條文修正草案」案等8案。五、審查行政院函請審議、本院親民黨立法院黨團、委員江永昌等17人、吳秉叡等21人、盧秀燕等16人、蔣乃辛等16人、賴士葆等18人及劉世芳等17人分別擬具「菸酒稅法第十八條條文修正草案」案等8案。六、審查行政院函請審議、本院委員盧秀燕等16人、親民黨立法院黨團及委員蔣乃辛等16人分別擬具「規費法第二十條條文修正草案」案等4案。,吳秉叡;黃國昌;林德福;盧秀燕;賴士葆;費鴻泰;王榮璋;余宛如;江永昌;施義芳;陳賴素美;曾銘宗;孔文吉;羅明才;劉世芳;蘇震清;邱志偉;蔣乃辛;管碧玲;廖國棟Sufin．Siluko;黃昭順;陳怡潔;何欣純;王惠美;鍾孔炤;周陳秀霞;張麗善,
106/05/10,紅樓202會議室,內政委員會,無,立法院第9屆第3會期內政委員會第21次全體委員會議,一、繼續審查行政院函請審議「原住民族語言發展法草案」案。 二、繼續審查本院委員Kolas Yotaka等20人擬具「原住民族語文發展法草案」案。 三、繼續審查本院委員鄭天財等19人擬具「原住民族語言發展法草案」案。 四、繼續審查本院委員孔文吉等22人擬具「原住民族語言發展法草案」案。 五、繼續審查本院委員廖國棟等17人擬具「原住民族語言發展法草案」案。 六、繼續審查本院時代力量黨團擬具「原住民族語言發展法草案」案。 七、繼續審查本院委員簡東明等20人擬具「原住民族語言發展法草案」案。 八、審查請願文書1案。（5月8、10日二天一次會）,,
106/05/10,群賢樓101會議室,教育及文化委員會,無,立法院第9屆第3會期教育及文化委員會第21次全體委員會議,一、處理106年度中央政府總預算案有關國立故宮博物院主管預算（公務預算）專案解凍案10案及書面解凍案26案。(僅詢答不處理) 二、繼續審查106年度中央政府總預算案關於國立故宮博物院主管故宮文物藝術發展基金附屬單位預算。,陳亭妃;蘇巧慧;張廖萬堅;柯志恩;吳思瑤;蔣乃辛;高潞．以用．巴魕剌Kawlo．Iyun．Pacidal;鍾佳濱;陳賴素美;張麗善;李麗芬;許智傑;孔文吉;何欣純;陳怡潔;蘇震清;邱志偉;劉世芳;廖國棟Sufin．Siluko;黃偉哲;黃昭順;蕭美琴;陳學聖;鍾孔炤;王惠美;周陳秀霞;蔡培慧;羅明才;蔡易餘,
106/05/10,九樓大禮堂,經濟委員會,無,立法院第9屆第3會期經濟委員會第14次全體委員會議,處理106年度行政院農業委員會預算凍結案等149案,徐永明;高志鵬;王惠美;蘇震清;黃偉哲;邱志偉;邱議瑩;蕭美琴;管碧玲;陳超明;張麗善;孔文吉;鄭天財Sra．Kacaw;陳曼麗;余宛如;江啟臣;蔣乃辛;劉世芳;施義芳;廖國棟Sufin．Siluko;黃昭順;陳怡潔;周陳秀霞;陳賴素美;羅明才;蘇治芬,
106/05/10,群賢樓802會議室,朝野黨團協商(教育及文化委員會),無,立法院朝野黨團協商,併案審查行政院函審議「科學技術基本法部分條文修正草案」、委員陳亭妃等23人擬具「科學技術基本法第六條、第十二條及第十三條條文修正草案」、委員黃國書等19人「科學技術基本法第十三條條文修正草案」、委員何欣純等26人擬具「科學技術基本法第十五條及第十七條條文修正草案」案。,,
106/05/10,紅樓301會議室,外交及國防委員會,無,立法院第9屆第3會期外交及國防委員會第22次全體委員會議,邀請外交部部長李大維、行政院大陸委員會主任委員張小月、衛生福利部次長報告「WHA之最新狀況報告及因應作為」，並備質詢。,江啟臣;羅致政;劉世芳;蔡適應;林昶佐;王定宇;馬文君;吳焜裕;許毓仁;莊瑞雄;徐永明;呂玉玲;張麗善;呂孫綾;邱志偉;廖國棟Sufin．Siluko;黃昭順;王惠美;陳賴素美;鍾孔炤;周陳秀霞;鍾佳濱;蔣乃辛,
106/05/11,紅樓301會議室,外交及國防委員會,無,立法院第9屆第3會期外交及國防委員會第23次全體委員會議【報告(先公開、後秘密)，詢答公開】（變更議程）,一、邀請國防部副部長、行政院海岸巡防署副署長、行政院人事行政總處報告「尉級軍官及士官編現比偏低現象及因應作為」，並備質詢。 二、處理院會交付國防部106年度中央政府總預算決議凍結案等18案。,蔡適應;羅致政;江啟臣;呂孫綾;劉世芳;馬文君;王定宇;呂玉玲;許毓仁;吳焜裕;徐永明;吳志揚;廖國棟Sufin．Siluko;王惠美;何欣純;周陳秀霞;莊瑞雄,
106/05/11,九樓大禮堂,經濟委員會,財政委員會、教育及文化委員會、交通委員會、社會福利及衛生環境委員會、內政委員會,立法院第9屆第3會期經濟、財政、內政、教育及文化、交通、社會福利及衛生環境六委員會第4次聯席會議,繼續併案審查行政院函請審議及本院委員曾銘宗等19人擬具「前瞻基礎建設特別條例草案」案。(廣泛討論、逐條討論)(必要時延長會議時間),,
106/05/11,紅樓302會議室,司法及法制委員會,無,立法院第9屆第3會期司法及法制委員會第17次全體委員會議,處理中華民國106年度中央政府總預算關於司法院主管預算凍結項目共14案。,,
106/05/11,紅樓201會議室,交通委員會,無,立法院第9屆第3會期交通委員會第12次全體委員會議,一、審查交通部函送該部主管財團法人台灣郵政協會、財團法人台灣電信協會、財團法人台灣網路資訊中心、財團法人中華顧問工程司、財團法人中華航空事業發展基金會暨財團法人台灣敦睦聯誼會106年度預算書及相關資料案。二、審查交通部函送該部主管財團法人台灣郵政協會、財團法人台灣電信協會、財團法人台灣網路資訊中心、財團法人中華顧問工程司、財團法人中華航空事業發展基金會暨財團法人台灣敦睦聯誼會104年度決算書案。(5月8日、10日及11日三天一次會),,
106/05/11,群賢樓101會議室,教育及文化委員會,無,立法院第9屆第3會期教育及文化委員會第22次全體委員會議,一、邀請教育部部長潘文忠、衛生福利部次長及法務部次長針對「補習班性侵、性騷擾等違法事件頻傳之強化管理措施」進行專題報告並備質詢。 二、繼續併案審查委員柯志恩等18人擬具「補習及進修教育法增訂第六條之一條文草案」、委員洪慈庸等16人及委員黃秀芳等17人及委員邱志偉等22人擬具「補習及進修教育法第九條條文修正草案」、委員蔣乃辛等18人擬具「補習及進修教育法增訂第二十三條之一及第二十五條之一條文草案」、委員費鴻泰等22人擬具「補習及進修教育法第二十四條條文修正草案」案。,陳亭妃;柯志恩;蔣乃辛;高潞．以用．巴魕剌Kawlo．Iyun．Pacidal;蘇巧慧;李麗芬;何欣純;張廖萬堅;許智傑;蔡培慧;吳思瑤;陳學聖;高金素梅;洪慈庸;黃國書;江啟臣;吳志揚;尤美女;邱志偉;林岱樺;林德福;呂玉玲;李昆澤;鍾佳濱;林俊憲,
106/05/11,群賢樓801會議室,社會福利及衛生環境委員會,司法及法制委員會,立法院第9屆第3會期社會福利及衛生環境、司法及法制二委員會第1次聯席會議,一、審查（一）行政院函請審議「兒童及少年性剝削防制條例部分條文修正草案」、（二）本院委員劉建國等17人擬具「兒童及少年性剝削防制條例增訂第二十二條之一條文草案」等2案。 二、審查（一）委員陳其邁等19人擬具「性侵害犯罪防治法第十三條條文修正草案」、（二）委員林俊憲等17人擬具「性侵害犯罪防治法第二十二條條文修正草案」等2案。,陳宜民;李彥秀;吳志揚;徐志榮;黃秀芳;吳玉琴;陳曼麗;林靜儀;尤美女;許淑華;邱泰源;周陳秀霞;蔣萬安;劉建國;陳瑩;林淑芬;李麗芬;王惠美;劉世芳;楊鎮浯;林俊憲;楊曜,
106/05/11,紅樓302會議室,司法及法制委員會,教育及文化委員會,立法院第9屆第3會期司法及法制、教育及文化委員會第3次聯席會議,一、審查委員陳明文等21人擬具「國立故宮博物院組織法第一條、第二條及第三條條文修正草案」案。二、審查行政院函請審議「教育部組織法第六條及第九條條文修正草案」案。,吳志揚;蘇巧慧;李麗芬;廖國棟Sufin．Siluko;尤美女;陳學聖;吳思瑤;柯志恩;蔣乃辛;陳亭妃;何欣純;許智傑;張廖萬堅;蔡易餘;鄭天財Sra．Kacaw;王惠美;劉世芳;呂玉玲;周陳秀霞;楊鎮浯,
106/05/11,紅樓202會議室,內政委員會,無,立法院第9屆第3會期內政委員會「都市更新條例修正草案及都市再生特別條例草案」公聽會,舉辦「都市更新條例修正草案及都市再生特別條例草案」公聽會,,
106/05/12,群賢樓101會議室,朝野黨團協商(交通委員會),無,立法院朝野黨團協商,併案審查行政院函請審議「道路交通管理處罰條例第三十七條、第六十七條及第八十七條條文修正草案」、委員曾銘宗等16人擬具「道路交通管理處罰條例第九條、第三十五條及第六十七條條文修正草案」、親民黨黨團、委員李鴻鈞等17人、委員郭正亮等17人、委員趙正宇等16人、委員陳曼麗等19人、委員黃偉哲等17人、委員賴瑞隆等17人分別擬具「道路交通管理處罰條例第三十五條條文修正草案」、委員邱志偉等22人擬具「道路交通管理處罰條例第三十五條及第六十七條條文修正草案」、時代力量黨團擬具「道路交通管理處罰條例第三十五條、第三十五條之一及第三十五條之二條文修正草案」、委員鄭寶清等18人擬具「道路交通管理處罰條例第三十五條及第三十五條之一條文修正草案」、委員盧秀燕等34人擬具「道路交通管理處罰條例第三十七條條文修正草案」、委員蕭美琴等19人擬具「道路交通管理處罰條例第四十五條條文修正草案」及委員蕭美琴等19人擬具「道路交通管理處罰條例第六十七條條文修正草案」案。,,
106/05/12,紅樓101會議室,,無,有關「高志鵬委員提議試辦本院經濟委員會公聽會兼採網路同步舉行」之實務運作研商會議,有關「高志鵬委員提議試辦本院經濟委員會公聽會兼採網路同步舉行」之實務運作研商會議,吳秉叡;林德福;谷辣斯．尤達卡Kolas．Yotaka;廖國棟Sufin．Siluko;高潞．以用．巴魕剌Kawlo．Iyun．Pacidal;徐志榮;鍾佳濱;賴士葆;周陳秀霞;蔣萬安;羅明才;吳思瑤;王榮璋;陳亭妃;江永昌;陳學聖;黃國昌;陳學聖;蘇巧慧;蘇嘉全;羅致政,
106/05/12,議場三樓會議室,朝野黨團協商,無,立法院黨團協商,研商「我國參與世界衛生組織（WHO）發表共同聲明」相關事宜。（民進黨黨團提議）,,
106/05/15,紅樓302會議室,司法及法制委員會,無,立法院第9屆第3會期司法及法制委員會第17次全體委員會議,一、審查委員段宜康等20人擬具「中央行政機關組織基準法第十八條條文修正草案」案。二、審查委員段宜康等18人擬具「中央行政機關組織基準法第十九條及第十九條之一條文修正草案」案。三、處理中華民國106年度中央政府總預算關於考試院及其所屬預算凍結項目共12案。,尤美女;劉櫂豪;呂玉玲;廖國棟Sufin．Siluko;蔡易餘;鍾孔炤;黃國昌;劉世芳;江啟臣;曾銘宗;鄭天財Sra．Kacaw;黃昭順;吳志揚;邱志偉;陳怡潔;李彥秀;羅明才;蕭美琴;王惠美,
106/05/15,紅樓301會議室,外交及國防委員會,無,立法院第9屆第3會期外交及國防委員會第24次全體委員會議,邀請外交部部長、僑務委員會委員長、教育部次長、衛生福利部、勞動部、交通部、內政部、法務部、經濟部、行政院農業委員會、金融監督管理委員會報告「我國青年海外度假打工實施現況與未來之精進作為」，並備質詢。,江啟臣;羅致政;蔡適應;許毓仁;林昶佐;劉世芳;呂孫綾;呂玉玲;莊瑞雄;徐永明;馬文君;吳焜裕;曾銘宗;鄭天財Sra．Kacaw;黃昭順;廖國棟Sufin．Siluko;邱志偉;陳怡潔;李彥秀;羅明才;蕭美琴;鍾孔炤;蔡易餘;王惠美;劉櫂豪;王定宇;林德福,
106/05/15,九樓大禮堂,經濟委員會,財政委員會、內政委員會、教育及文化委員會、交通委員會、社會福利及衛生環境委員會,立法院第9屆第3會期經濟、財政、內政、教育及文化、交通、社會福利及衛生環境六委員會第5次聯席會議,繼續併案審查行政院函請審議及本院委員曾銘宗等19人擬具「前瞻基礎建設特別條例草案」案。(繼續逐條討論)(必要時延長會議時間),,
106/05/15,紅樓202會議室,內政委員會,無,立法院第9屆第3會期內政委員會第22次全體委員會議,一、邀請客家委員會主任委員李永得率同所屬列席報告業務概況（含上會期臨時提案辦理情形），並備質詢。 二、邀請客家委員會主任委員李永得及原住民族委員會主任委員夷將．拔路兒就業務範圍內，報告「前瞻基礎建設計畫可行性」（包括技術可行性、土地可行性、財務可行性、民間參與可行性選擇方案及替代方案之成本效益評估、環境影響評估等），並備質詢。另邀請國家發展委員會副主任委員列席備詢。,曾銘宗;陳怡潔;黃昭順;陳其邁;林麗蟬;鄭天財Sra．Kacaw;賴瑞隆;張宏陸;江啟臣;谷辣斯．尤達卡Kolas Yotaka;吳琪銘;姚文智;趙天麟;孔文吉;高金素梅;高潞．以用．巴魕剌Kawlo．Iyun．Pacidal;廖國棟Sufin．Siluko;陳雪生;呂玉玲;簡東明Uliw．Qaljupayare;羅明才;李彥秀;蕭美琴;王惠美;吳志揚;劉櫂豪;顏寬恒;鍾孔炤;洪宗熠,
106/05/15,紅樓101會議室,財政委員會,無,立法院第9屆第3會期財政委員會第18次全體委員會議,一、邀請財政部許部長虞哲就財政部委外研究所提11個稅改方案進行專題報告，並備質詢。二、審查「中華民國104年度中央政府總決算審核報告（含附屬單位決算及綜計表）案」關於主計總處、金融監督管理委員會主管、審計部主管、財政部主管（含附屬單位決算營業及非營業特種基金部分）、補助直轄市及縣市政府、災害準備金、第二預備金、其他查核事項—特別決算以前年度轉入數決算表、中央銀行（含中央造幣廠、中央印製廠）。(5月15日及5月17日兩天一次會),黃國昌;吳秉叡;施義芳;賴士葆;陳歐珀;陳賴素美;郭正亮;黃國昌;林德福;羅明才;曾銘宗;劉世芳;江永昌;費鴻泰;鄭天財Sra．Kacaw;陳明文;邱志偉;蔡易餘;呂玉玲;陳怡潔;馬文君;林俊憲;王榮璋;王惠美;廖國棟Sufin．Siluko;吳志揚,
106/05/16,紅樓201會議室,程序委員會,無,第9屆第3會期程序委員會第14次會議, 審定本院第9屆第3會期第14次會議議事日程及  人民請願案,鍾孔炤;高潞．以用．巴魕剌Kawlo．Iyun．Pacidal;鍾孔炤,
106/05/17,紅樓302會議室,司法及法制委員會,內政委員會,立法院第9屆第3會期司法及法制、內政委員會第2次聯席會議,併案審查委員段宜康等16人及委員李俊俋等23人分別擬具「內政部組織法第十八條條文修正草案」案。,吳志揚;鄭天財Sra．Kacaw;王育敏;陳怡潔;曾銘宗;林為洲;林麗蟬;李俊俋;黃昭順;顏寬恒;鍾孔炤;廖國棟Sufin．Siluko;賴瑞隆;江啟臣;尤美女;呂玉玲;劉世芳;孔文吉;徐榛蔚;王惠美;何欣純;周陳秀霞;蔣乃辛;陳其邁;谷辣斯．尤達卡Kolas Yotaka;鍾佳濱;趙天麟,
106/05/17,紅樓301會議室,外交及國防委員會,無,立法院第9屆第3會期外交及國防委員會第25次全體委員會議,邀請國家安全局局長、外交部次長、行政院大陸委員會副主任委員、經濟部次長、國家發展委員會副主任委員報告「『一帶一路』、『TPP』、『RCEP』發展現況對我國全球經貿戰略布局之影響與因應作為」，併請財政部國庫署列席，並備質詢。,蔡適應;羅致政;吳焜裕;江啟臣;林昶佐;呂玉玲;馬文君;莊瑞雄;劉世芳;王定宇;許毓仁;盧秀燕;蔡易餘;黃昭順;呂孫綾;王惠美;陳怡潔;林麗蟬;曾銘宗;孔文吉;鍾孔炤;廖國棟Sufin．Siluko;徐榛蔚;吳志揚;賴瑞隆;何欣純;周陳秀霞;蔣乃辛;顏寬恒;鍾佳濱,
106/05/17,群賢樓801會議室,社會福利及衛生環境委員會,無,立法院第9屆第3會期社會福利及衛生環境委員會第24次全體委員會議,一、邀請衛生福利部部長、財政部次長及金融監督管理委員會副主任委員就「我國醫療體系總體檢」列席報告，並備質詢。 二、審查（一）行政院函請審議「醫療法部分條文修正草案」、（二）本院委員陳瑩等16人擬具「醫療法部分條文修正草案」、（三）委員林淑芬等25人擬具「醫療法部分條文修正草案」等3案。 三、審查（一）行政院函請審議「藥事法第五十三條之一、第八十八條及第九十二條條文修正草案」、（二）本院委員陳宜民等18人擬具「藥事法第五十三條之一、第八十八條及第九十二條條文修正草案」等2案。 四、行政院函請審議「管制藥品管理條例部分條文修正草案」案。,蔣萬安;李彥秀;陳曼麗;吳玉琴;徐志榮;周陳秀霞;許淑華;林靜儀;邱泰源;陳瑩;何欣純;鍾佳濱;吳志揚;呂玉玲;顏寬恒;劉世芳;黃昭順;鍾孔炤;廖國棟Sufin．Siluko;徐榛蔚;王惠美;劉建國;林德福;黃秀芳;趙天麟;林淑芬,
106/05/17,紅樓302會議室,司法及法制委員會,經濟委員會,立法院第9屆第3會期司法及法制、經濟委員會第1次聯席會議,審查委員段宜康等16人擬具「經濟部組織法第二十四條條文修正草案」案。,王惠美;徐永明;陳超明;劉櫂豪;管碧玲;徐榛蔚;尤美女;李俊俋;楊鎮浯;鄭天財Sra．Kacaw;劉世芳;蘇巧慧;林為洲;葉宜津;鍾孔炤;蔡易餘;吳志揚,
106/05/17,群賢樓101會議室,教育及文化委員會,無,立法院第9屆第3會期教育及文化委員會第23次全體委員會議,繼續併案審查委員柯志恩等18人擬具「補習及進修教育法增訂第六條之一條文草案」、委員洪慈庸等16人及委員黃秀芳等17人及委員邱志偉等22人擬具「補習及進修教育法第九條條文修正草案」、委員蔣乃辛等18人擬具「補習及進修教育法增訂第二十三條之一及第二十五條之一條文草案」、委員費鴻泰等22人擬具「補習及進修教育法第二十四條條文修正草案」案。,,
106/05/17,群賢樓101會議室,朝野黨團協商(教育及文化委員會),無,立法院朝野黨團協商,併案審查委員黃國書等23人擬具「運動產業發展條例部分條文修正草案」、委員鄭寶清等16人及委員吳志揚等20人擬具「運動產業發展條例第四條條文修正草案」、委員蔣乃辛等21人擬具「運動產業發展條例增訂第二十四條之一條文草案」、委員許毓仁等18人擬具「運動產業發展條例第二十五條及第二十六條條文修正草案」、委員吳思瑤等26人擬具「運動產業發展條例第二十六條條文修正草案」、委員吳志揚等17人擬具「運動產業發展條例增訂第二十六條之一條文草案」、委員張廖萬堅等17人及委員柯志恩等18人擬具「運動產業發展條例部分條文修正草案」案。,,
106/05/17,紅樓202會議室,內政委員會,無,立法院第9屆第3會期內政委員會第23次全體委員會議,審查行政院函請審議「租賃住宅市場發展條例草案」案。(本案如經院會復議，則不予審查:5/17及5/18兩天一次會),曾銘宗;黃昭順;顏寬恒;林麗蟬;鄭天財Sra．Kacaw;洪宗熠;張宏陸;陳怡潔;蔡易餘;賴瑞隆;吳琪銘;陳其邁;趙天麟;吳玉琴;谷辣斯．尤達卡Kolas Yotaka;呂玉玲;尤美女;鍾孔炤;廖國棟Sufin．Siluko;徐榛蔚;王惠美;何欣純;蔣乃辛;周陳秀霞;鍾佳濱;劉世芳;吳志揚;姚文智,
106/05/17,紅樓101會議室,財政委員會,無,立法院第9屆第3會期財政委員會第18次全體委員會議,繼續審查「中華民國104年度中央政府總決算審核報告（含附屬單位決算及綜計表）案」關於主計總處、金融監督管理委員會主管、審計部主管、財政部主管（含附屬單位決算營業及非營業特種基金部分）、補助直轄市及縣市政府、災害準備金、第二預備金、其他查核事項—特別決算以前年度轉入數決算表、中央銀行（含中央造幣廠、中央印製廠）。(5月15日及5月17日兩天一次會),,
106/05/18,紅樓202會議室,內政委員會,無,立法院第9屆第3會期內政委員會第23次全體委員會議,審查行政院函請審議「租賃住宅市場發展條例草案」案。(本案如經院會復議，則不予審查:5/17及5/18兩天一次會),,
106/05/18,紅樓301會議室,外交及國防委員會,無,立法院第9屆第3會期外交及國防委員會第26次全體委員會議【報告秘密，詢答（先秘密、後公開）】,邀請國防部部長馮世寬報告「漢光33號演習電腦輔助指揮所推演驗證成效檢討及實兵演練規劃情形」，併請漢翔航空工業股份有限公司列席，並備質詢。,蔡適應;江啟臣;洪慈庸;呂玉玲;莊瑞雄;王定宇;吳焜裕;劉世芳;馬文君;許毓仁;吳志揚;呂孫綾;鄭天財Sra．Kacaw;陳明文;鍾佳濱;黃偉哲;廖國棟Sufin．Siluko;林昶佐;王惠美;鍾孔炤;張麗善;徐榛蔚;蔣乃辛;蕭美琴;周陳秀霞;林俊憲,
106/05/18,群賢樓101會議室,教育及文化委員會,無,立法院第9屆第3會期教育及文化委員會第24次全體委員會議,繼續處理106年度中央政府總預算案有關文化部主管預算（公務預算）解凍案40案。,,
106/05/18,紅樓101會議室,經濟委員會,無,立法院第9屆第3會期經濟委員會第15次全體委員會議,處理106年度國家發展委員會預算凍結案等68案。,黃偉哲;陳明文;林岱樺;徐永明;王惠美;孔文吉;陳超明;管碧玲;張麗善;蘇治芬;蕭美琴;邱志偉;邱議瑩;鄭天財Sra．Kacaw;黃國昌;鍾佳濱;林德福;陳曼麗;林俊憲;黃昭順;廖國棟Sufin．Siluko;徐榛蔚;鍾孔炤;陳亭妃;呂玉玲;蔣乃辛;何欣純;周陳秀霞;劉世芳;李昆澤;劉櫂豪;吳志揚,
106/05/18,紅樓201會議室,交通委員會,無,立法院第9屆第3會期交通委員會第13次全體委員會議,一、繼續併案審查（一）委員陳歐珀等18人擬具「道路交通管理處罰條例第七十八條條文修正草案」案、（二）委員陳怡潔等18人擬具「道路交通管理處罰條例第三十一條之一條文修正草案」案。二、繼續併案審查（一）委員趙正宇等20人擬具「公路法第二十七條、第六十一條之一及第六十二條之一條文修正草案」案、（二）委員賴瑞隆等16人擬具「公路法第二十七條條文修正草案」案、（三）委員賴瑞隆等16人擬具「公路法第二十七條條文修正草案」案、（四）委員王定宇等20人擬具「公路法第二十七條條文修正草案」案、（五）委員趙正宇等16人擬具「公路法第二十七條及第八十一條條文修正草案」案、（六）委員張廖萬堅等30人擬具「公路法第二十七條及第八十一條條文修正草案」案、（七）委員趙天麟等23人擬具「公路法第二十七條及第八十一條條文修正草案」案。(第1案及第2案均進行逐條審查),,
106/05/18,紅樓302會議室,司法及法制委員會,無,立法院第9屆第3會期司法及法制委員會第18次全體委員會議,一、繼續審查委員陳超明等23人擬具「民事訴訟法第二百五十四條條文修正草案」案。二、審查時代力量黨團擬具「民事訴訟法第二百五十四條條文修正草案」案。三、繼續審查委員陳超明等25人擬具「民事訴訟法施行法第四條之五及第十二條條文修正草案」案。四、處理中華民國106年度中央政府總預算關於司法院主管預算凍結項目共14案。,吳志揚;葉宜津;柯建銘;廖國棟Sufin．Siluko;王育敏;楊鎮浯;李俊俋;劉櫂豪;林為洲;鍾孔炤;黃國昌;尤美女;周春米;鍾佳濱;王惠美;張麗善;徐榛蔚;莊瑞雄;蔣乃辛;陳明文;蕭美琴;陳超明;劉世芳;周陳秀霞;黃偉哲;段宜康,
106/05/18,紅樓302會議室,司法及法制委員會,交通委員會,立法院第9屆第3會期司法及法制、交通委員會第2次聯席會議,一、審查委員段宜康等16人擬具「交通部組織法第二十條條文修正草案」案。二、審查委員劉櫂豪等18人擬具「交通部組織法刪除第十八條之一條文草案」案。三、審查委員劉櫂豪等18人擬具廢止「交通部基隆港務局組織條例」案。四、審查委員劉櫂豪等17人擬具廢止「交通部臺中港務局組織條例」案。五、審查委員劉櫂豪等17人擬具廢止「交通部高雄港務局組織條例」案。六、審查委員劉櫂豪等17人擬具廢止「交通部花蓮港務局組織條例」案。,鄭運鵬;吳志揚;黃國書;楊鎮浯;李昆澤;李俊俋;劉櫂豪;廖國棟Sufin．Siluko;徐榛蔚;林為洲;鍾佳濱;李鴻鈞;尤美女;陳歐珀;鍾孔炤,
106/05/18,群賢樓801會議室,社會福利及衛生環境委員會,無,立法院第9屆第3會期社會福利及衛生環境委員會第25次全體委員會議,一、邀請衛生福利部部長就「健保審查透明化與標準明確化（如具名審查、審查標準之一致與可預見），及回推放大核刪妥當性之檢討」列席報告，並備質詢。 二、審查（一）本院委員李彥秀等20人擬具「全民健康保險法第六條條文修正草案」、（二）委員李彥秀等20人擬具「全民健康保險法第九十五條條文修正草案」、（三）委員黃昭順等16人擬具「全民健康保險法增訂第十三條之一條文草案」、（四）委員高志鵬等21人擬具「全民健康保險法第九條及第一百零四條條文修正草案」等4案。 三、審查衛生福利部函，為修正「農藥殘留容許量標準」第三條附表一，請查照案。,陳宜民;林靜儀;蔣萬安;陳曼麗;吳玉琴;許淑華;李彥秀;周陳秀霞;邱泰源;黃秀芳;林俊憲;王惠美;鍾孔炤;鍾佳濱;黃昭順;張麗善;吳志揚;徐榛蔚;黃偉哲;呂玉玲;吳焜裕;何欣純;楊曜;林淑芬;陳瑩;劉世芳;劉建國;林淑芬;劉建國,
106/05/19,紅樓301會議室,朝野黨團協商(司法及法制委員會),無,立法院朝野黨團協商,一、併案協商(一)考試院函請審議「公務人員退休撫卹法草案」(二)民進黨黨團擬具「公務人員退休撫卹法草案」(三)委員段宜康等24人擬具「公務人員退休撫卹法草案」(四)時代力量黨團擬具「公務人員退休撫卹法草案」(五)親民黨黨團擬具「公務人員退休撫卹法草案」案。二、併案協商(一)行政院函請審議「公立學校教職員退休撫卹條例草案」(二)委員段宜康等24人擬具「公立學校教職員退休撫卹條例草案」(三)時代力量黨團擬具「公立學校教職員退休撫卹條例草案」(四)親民黨黨團擬具「公立學校教職員退休撫卹條例草案」案。,,
106/05/19,群賢樓101會議室,經費稽核委員會,無,立法院第122屆經費稽核委員會第3次會議,一、宣讀上次會議議事錄二、報告本院106年度預算執行情形(截至106年4月止),,
106/05/22,群賢樓101會議室,教育及文化委員會,無,立法院第9屆第3會期教育及文化委員會第25次全體委員會議,繼續處理106年度中央政府總預算案有關國立故宮博物院主管預算（公務預算）專案解凍案10案及書面解凍案26案。,,
106/05/22,紅樓302會議室,司法及法制委員會,內政委員會,立法院第9屆第3會期司法及法制、內政委員會第3次聯席會議,審查行政院函請審議「大陸委員會組織法草案」案。,吳志揚;張宏陸;劉櫂豪;鄭天財Sra．Kacaw;王育敏;段宜康;李俊俋;曾銘宗;葉宜津;黃昭順;廖國棟Sufin．Siluko;林昶佐;林麗蟬;賴瑞隆;陳其邁;蔡易餘;林為洲;鍾孔炤;尤美女;楊鎮浯;江啟臣;陳歐珀;吳焜裕;張麗善;陳明文;蔣乃辛;莊瑞雄;呂玉玲;徐榛蔚;周春米;蕭美琴;簡東明Uliw．Qaljupayare;孔文吉;吳琪銘;賴士葆,
106/05/22,群賢樓801會議室,社會福利及衛生環境委員會,無,立法院第9屆第3會期社會福利及衛生環境委員會第26次全體委員會議,審查本院委員吳玉琴等17人擬具「廢棄物清理法第三十八條及第五十三條條文修正草案」案。,楊曜;陳曼麗;許淑華;黃秀芳;陳宜民;李彥秀;徐志榮;蔣萬安;邱志偉;林淑芬;吳玉琴;鍾孔炤;陳瑩,
106/05/22,群賢樓801會議室,社會福利及衛生環境委員會,司法及法制委員會,立法院第9屆第3會期社會福利及衛生環境、司法及法制二委員會第2次聯席會議,一、繼續審查（一）行政院函請審議「兒童及少年性剝削防制條例部分條文修正草案」、（二）本院委員劉建國等17人擬具「兒童及少年性剝削防制條例增訂第二十二條之一條文草案」等2案（詢答及處理）。 二、繼續審查（一）本院委員陳其邁等19人擬具「性侵害犯罪防治法第十三條條文修正草案」、（二）委員林俊憲等17人擬具「性侵害犯罪防治法第二十二條條文修正草案」等2案（詢答及處理）。,陳宜民;陳曼麗;蔣萬安;吳志揚;吳玉琴;王育敏;黃秀芳;許淑華;李彥秀;吳焜裕;徐志榮;林俊憲;陳歐珀;林為洲;楊鎮浯;陳瑩;蔡易餘;鄭天財Sra．Kacaw;劉建國;張麗善;蔣乃辛;尤美女;黃昭順;徐榛蔚;呂玉玲;李麗芬;王惠美;楊曜;鍾孔炤;林淑芬,
106/05/22,紅樓301會議室,外交及國防委員會,無,立法院第9屆第3會期外交及國防委員會第27次全體委員會議,一、邀請國軍退除役官兵輔導委員會主任委員李翔宙、衛生福利部報告「輔導會所屬機構配合長照政策之醫養合一服務執行成效」，併請國防部列席，並備質詢。 二、處理院會交付國軍退除役官兵輔導委員會106年度中央政府總預算決議凍結案等12案。 三、處理院會交付國防部106年度中央政府總預算決議凍結案等24案。,蔡適應;江啟臣;劉世芳;王定宇;吳焜裕;莊瑞雄;許毓仁;呂玉玲;羅致政;馬文君;呂孫綾;鍾佳濱;賴士葆;廖國棟Sufin．Siluko;孔文吉;鄭天財Sra．Kacaw;劉櫂豪;陳歐珀;曾銘宗;葉宜津;張麗善;陳明文;蔣乃辛;鍾孔炤;黃昭順;蕭美琴;周春米;徐榛蔚;簡東明Uliw．Qaljupayare;王惠美;吳志揚;林昶佐,
106/05/22,紅樓101會議室,經濟委員會,無,立法院第9屆第3會期經濟委員會第16次全體委員會議,繼續處理行政院農業委員會預算凍結案等20案。,,
106/05/22,紅樓201會議室,交通委員會,無,立法院第9屆第3會期交通委員會第14次全體委員會議,邀請交通部部長賀陳旦就「端午節連假交通疏運計畫」進行專題報告，並備質詢。,陳歐珀;趙正宇;鄭寶清;黃國書;林俊憲;洪慈庸;李昆澤;鄭運鵬;周春米;陳素月;徐榛蔚;劉櫂豪;鄭天財Sra．Kacaw;黃國昌;鍾佳濱;簡東明Uliw．Qaljupayare;孔文吉;王育敏;莊瑞雄;張宏陸;吳志揚;曾銘宗;江啟臣;葉宜津;廖國棟Sufin．Siluko;陳明文;何欣純;張麗善;蔣乃辛;黃昭順;呂孫綾;鍾孔炤;呂玉玲;吳焜裕;王惠美;陳曼麗;林德福;李鴻鈞;江永昌;蕭美琴;鄭運鵬,
106/05/22,紅樓202會議室,內政委員會,無,立法院第9屆第3會期內政委員會第24次全體委員會議,繼續審查行政院函請審議「租賃住宅市場發展條例草案」案。,,
106/05/23,紅樓201會議室,程序委員會,無,第9屆第3會期程序委員會第15次會議, 審定本院第9屆第3會期第15次會議議事日程及  人民請願案,曾銘宗;谷辣斯．尤達卡Kolas Yotaka;曾銘宗,
106/05/24,群賢樓101會議室,教育及文化委員會,無,立法院第9屆第3會期教育及文化委員會第26次全體委員會議,ㄧ、繼續處理106年度中央政府總預算案有關教育部主管預算（公務預算）專案解凍案72案。 二、繼續處理106年度中央政府總預算案有關教育部主管預算（公務預算）書面解凍案48案。 三、繼續處理105年度中央政府總預算案有關教育部主管預算（公務預算）書面解凍案1案。 四、繼續處理105年度中央政府總預算案有關教育部主管預算（公務預算）專案解凍案1案。(5月24、25日二天一次會),,
106/05/24,紅樓302會議室,司法及法制委員會,無,立法院第9屆第3會期司法及法制委員會第19次全體委員會議,一、審查考試院、行政院函請審議「政務人員退職撫卹條例修正草案」案。二、審查委員黃昭順等22人擬具「政務人員退職撫卹條例第七條及第二十一條條文修正草案」案。三、審查民進黨黨團擬具「政務人員退職撫卹條例第七條及第二十一條條文修正草案」案。四、審查委員王定宇等19人擬具「政務人員退職撫卹條例第十三條條文修正草案」案。,吳志揚;葉宜津;李俊俋;王育敏;林為洲;劉櫂豪;鍾孔炤;黃國昌;鄭天財Sra．Kacaw;黃昭順;尤美女;徐榛蔚;陳其邁;王榮璋;楊鎮浯;蔡易餘,
106/05/24,紅樓202會議室,內政委員會,司法及法制委員會,立法院第9屆第3會期內政、司法及法制委員會第1次聯席會議,一、繼續審查： （一）行政院函請審議「政黨法草案」案。 （二）委員葉宜津等24人擬具「政黨法草案」案。 （三）委員黃偉哲等18人擬具「政黨法草案」案。 （四）委員陳亭妃等21人擬具「政黨法草案」案。 （五）委員高志鵬等22人擬具「政黨法草案」案。 （六）國民黨黨團擬具「政黨法草案」案。 （七）親民黨黨團擬具「政黨法草案」案。 二、審查： （一）委員尤美女等40人擬具「政黨法草案」案。 （二）委員李俊俋等23人擬具「政黨法草案」案。 三、審查請願文書7案。 （106年5月24日全天、5月25日上午，為一次會）,,
106/05/24,群賢樓801會議室,社會福利及衛生環境委員會,無,立法院第9屆第3會期社會福利及衛生環境委員會第27次全體委員會議,（下午14時30分至17時30分） 二、邀請勞動部部長及外交部就「我國外交處境艱困下政府如何鼓勵及善用國際INGO組織（如Worldskills International）、國際安全衛生會議舉辦、職訓外交、職訓產業輸出等勞動事務國際交流以爭取外交運作空間」列席報告，並備質詢。 三、邀請勞動部部長、內政部、交通部及行政院公共工程委員會就「102年職業安全衛生法修正後業已擴大適用至所有工作者，職災千人率逐年遞減，然重大職災數卻不減反增，非典型勞動工作者及自營作業者時常得不到應有的補償及賠償（如：亞泥案），請以職業安全衛生法修法後施行成效、重大職災現況及未來改善措施」列席報告，並備質詢。,陳宜民;李彥秀;林麗蟬;陳曼麗;劉建國;蔣萬安;黃秀芳;吳玉琴;陳瑩;鍾佳濱;鍾孔炤;林淑芬,
106/05/24,群賢樓801會議室,程序委員會、社會福利及衛生環境委員會,無,立法院第9屆第3會期社會福利及衛生環境委員會第27次全體委員會議,（上午9時至12時） 一、邀請衛生福利部次長、勞動部職業安全衛生署署長及原住民族委員會副主任委員就「原住民族平均餘命低」列席報告，並備質詢。,陳宜民;李彥秀;蔣萬安;吳玉琴;黃秀芳;陳曼麗;許淑華;陳瑩;鄭天財Sra．Kacaw;劉建國;孔文吉;鍾佳濱;蕭美琴;徐榛蔚;鍾孔炤;林淑芬;吳志揚,
106/05/24,紅樓101會議室,經濟委員會,財政委員會,立法院第9屆第3會期經濟、財政兩委員會第2次聯席會議,一、繼續審查行政院函請審議「產業創新條例部分條文修正草案」案。二、繼續審查本院委員陳超明等21人擬具「產業創新條例部分條文修正草案」案。三、繼續審查本院委員周春米等17人擬具「產業創新條例第四十六條之一及第四十九條條文修正草案」案。四、繼續審查本院委員許毓仁等16人擬具「產業創新條例第十一條條文修正草案」案。五、繼續審查本院委員余宛如等19人擬具「產業創新條例第三十一條條文修正草案」案。六、繼續審查本院時代力量黨團擬具「產業創新條例第十條、第十二條之一及第七十條條文修正草案」案。七、繼續審查本院委員蔣萬安等16人擬具「產業創新條例增訂第二十二條之一條文草案」案。八、繼續審查本院委員余宛如等25人擬具「產業創新條例部分條文修正草案」案。九、繼續審查本院委員賴瑞隆等17人擬具「產業創新條例增訂第九條之一條文草案」案。十、繼續審查本院委員郭正亮等17人擬具「產業創新條例第十條條文修正草案」案。十一、繼續審查本院委員許毓仁等19人擬具「產業創新條例部分條文修正草案」案。十二、繼續審查本院委員鄭天財Sra Kacaw等17人擬具「產業創新條例部分條文修正草案」案。十三、繼續審查本院委員郭正亮等19人擬具「產業創新條例第十二條之二及第十九條之一條文修正草案」案。十四、繼續審查本院委員蔣萬安等16人擬具「產業創新條例增訂第二十三條之一條文草案」案。十五、繼續審查本院委員余宛如等30人擬具「產業創新條例第二十七條條文修正草案」案。,,
106/05/25,紅樓302會議室,司法及法制委員會,無,立法院第9屆第3會期司法及法制委員會第20次全體委員會議,一、審查委員劉世芳等28 人擬具「卸任總統副總統禮遇條例第二條及第三條條文修正草案」案。二、審查劉育華君等85件請願案。,劉櫂豪;段宜康;楊鎮浯;李俊俋;葉宜津;蔡易餘;劉世芳;鍾孔炤;王育敏;尤美女;吳志揚,
106/05/25,群賢樓801會議室,社會福利及衛生環境委員會,無,立法院第9屆第3會期社會福利及衛生環境委員會第28次全體委員會議,審查行政院函請審議「藥事法部分條文修正草案」案(政府提案第15693號)。,陳宜民;陳曼麗;李彥秀;吳玉琴;蔣萬安;黃秀芳;許淑華;陳瑩;黃國昌;徐永明;黃偉哲;張麗善;鍾孔炤;廖國棟Sufin．Siluko;林淑芬;劉建國,
106/05/25,紅樓202會議室,內政委員會,司法及法制委員會,立法院第9屆第3會期內政、司法及法制委員會第1次聯席會議,一、繼續審查： （一）行政院函請審議「政黨法草案」案。 （二）委員葉宜津等24人擬具「政黨法草案」案。 （三）委員黃偉哲等18人擬具「政黨法草案」案。 （四）委員陳亭妃等21人擬具「政黨法草案」案。 （五）委員高志鵬等22人擬具「政黨法草案」案。 （六）國民黨黨團擬具「政黨法草案」案。 （七）親民黨黨團擬具「政黨法草案」案。 二、審查： （一）委員尤美女等40人擬具「政黨法草案」案。 （二）委員李俊俋等23人擬具「政黨法草案」案。 三、審查請願文書7案。（106年5月24日全天、5月25日上午，為一次會）,,
106/05/25,群賢樓101會議室,教育及文化委員會,無,立法院第9屆第3會期教育及文化委員會第26次全體委員會議,ㄧ、繼續處理106年度中央政府總預算案有關教育部主管預算（公務預算）專案解凍案72案。 二、繼續處理106年度中央政府總預算案有關教育部主管預算（公務預算）書面解凍案48案。 三、繼續處理105年度中央政府總預算案有關教育部主管預算（公務預算）書面解凍案1案。 四、繼續處理105年度中央政府總預算案有關教育部主管預算（公務預算）專案解凍案1案。(5月24、25日二天一次會),,
106/05/25,群賢樓802會議室,朝野黨團協商(社會福利及衛生環境委員會),無,立法院朝野黨團協商,協商本院委員吳玉琴等17人擬具「廢棄物清理法第三十八條及第五十三條條文修正草案」案。,,
106/05/25,九樓大禮堂,財政委員會,無,立法院第9屆第3會期財政委員會第19次全體委員會議,繼續處理106年度中央政府總預算案有關金融監督管理委員會主管預算凍結專案報告計20案。,,
106/05/25,紅樓202會議室,內政委員會,無,立法院第9屆第3會期內政委員會第25次全體委員會議,處理106年度中央政府總預算有關中央選舉委員會預算凍結項目報告案計5案(含報告事項3案)。,張宏陸;陳怡潔;洪宗熠;吳琪銘;賴瑞隆;鄭天財Sra．Kacaw;曾銘宗;林麗蟬;陳其邁;谷辣斯．尤達卡Kolas Yotaka;姚文智,
106/05/25,紅樓101會議室,經濟委員會,無,立法院第9屆第3會期經濟委員會第17次全體委員會議,處理106年度經濟部預算凍結案等163案。,黃偉哲;徐永明;林岱樺;陳明文;蕭美琴;孔文吉;邱志偉;張麗善;管碧玲;蘇治芬;洪慈庸;陳超明;鄭天財Sra．Kacaw;陳曼麗;賴瑞隆;林德福;邱議瑩;廖國棟Sufin．Siluko;徐榛蔚;鍾孔炤,
106/05/26,群賢樓802會議室,朝野黨團協商(司法及法制委員會),無,立法院朝野黨團協商,一、協商委員段宜康等20人擬具「中央行政機關組織基準法第十八條條文修正草案」案。二、協商委員段宜康等18人擬具「中央行政機關組織基準法第十九條及第十九條之一條文修正草案」案。 ,,
106/05/31,群賢樓101會議室,教育及文化委員會,無,立法院第9屆第3會期教育及文化委員會第27次全體委員會議,處理106年度中央政府總預算案有關行政院原子能委員會主管預算（公務預算）解凍案36案。(詢答及處理),蘇巧慧;柯志恩;陳亭妃;許智傑;吳思瑤;何欣純;蔣乃辛;張廖萬堅;李麗芬;陳學聖;高潞．以用．巴魕剌Kawlo．Iyun．Pacidal;鄭天財Sra．Kacaw;江啟臣;吳志揚;顏寬恒;曾銘宗;劉世芳;吳焜裕;徐榛蔚;陳明文;鍾孔炤;廖國棟Sufin．Siluko;周陳秀霞;簡東明Uliw．Qaljupayare;呂玉玲;黃國昌;王惠美,
106/05/31,紅樓302會議室,朝野黨團協商(司法及法制委員會),無,立法院朝野黨團協商,1.併案協商(1)委員尤美女等48人擬具「民法親屬編部分條文修正草案」(2)委員許毓仁等17人擬具「民法親屬編部分條文修正草案」(3)時代力量黨團擬具「民法部分條文修正草案」案2.協商委員許毓仁等17人擬具「民法第一千一百三十八條及第一千二百二十三條條文修正草案」3.協商委員蔡易餘等18人擬具「民法親屬編增訂部分條文草案」案4.協商時代力量黨團擬具「家事事件法部分條文修正草案」,,
106/05/31,群賢樓801會議室,社會福利及衛生環境委員會,無,立法院第9屆第3會期社會福利及衛生環境委員會第29次全體委員會議,一、邀請衛生福利部部長、外交部次長就「WHA行動團行程概況、成果及未來持續爭取加入WHO之策略及實際作為」列席報告，並備質詢。 二、審查（一）行政院函請審議「食品安全衛生管理法第四十九條之一及第五十六條之一條文修正草案」、（二）本院委員李彥秀等16人擬具「食品安全衛生管理法部分條文修正草案」、（三）委員王育敏等16人擬具「食品安全衛生管理法第二條之一條文修正草案」、（四）委員陳超明等20人擬具「食品安全衛生管理法第五十六條之一條文修正草案」等4案。 三、審查（一）本院委員江啟臣等19人擬具「食品安全衛生管理法第四條及第十五條條文修正草案」、（二）委員廖國棟等16人擬具「食品安全衛生管理法第十五條條文修正草案」、（三）委員張麗善等27人擬具「食品安全衛生管理法第十五條條文修正草案」、（四）委員賴士葆等30人擬具「食品安全衛生管理法第十五條及第四十四條條文修正草案」等4案。,陳宜民;陳曼麗;吳玉琴;李彥秀;劉建國;徐志榮;蔣萬安;邱泰源;周陳秀霞;黃秀芳;江啟臣;許淑華;鄭天財Sra．Kacaw;王育敏;黃昭順;劉世芳;陳明文;吳焜裕;林麗蟬;鍾孔炤;廖國棟Sufin．Siluko;吳志揚;簡東明Uliw．Qaljupayare;呂玉玲;顏寬恒;陳瑩;林靜儀;王惠美;林淑芬;楊曜,
106/05/31,紅樓101會議室,經濟委員會,無,立法院第9屆第3會期經濟委員會公聽會,「公司法」修法公聽會,,
106/05/31,紅樓302會議室,司法及法制委員會,教育及文化委員會,立法院第9屆第3會期司法及法制、教育及文化委員會第4次聯席會議,併案審查（一）行政院函請審議「國家文化藝術基金會設置條例第三條、第五條及第八條條文修正草案」及（二）委員林昶佐等16人擬具「國家文化藝術基金會設置條例第三條及第八條條文修正草案」案。,吳志揚;蔣乃辛;李俊俋;廖國棟Sufin．Siluko;蘇巧慧;柯志恩;陳亭妃;吳思瑤;何欣純;鍾孔炤;張廖萬堅;李麗芬;陳學聖;顏寬恒;林為洲;許智傑;王育敏;鄭天財Sra．Kacaw;尤美女;劉櫂豪;陳明文;徐榛蔚;簡東明Uliw．Qaljupayare;呂玉玲;周陳秀霞;葉宜津;劉世芳;楊鎮浯;吳焜裕,
106/05/31,紅樓301會議室,外交及國防委員會,無,立法院第9屆第3會期外交及國防委員會第28次全體委員會議,一、邀請駐美代表高碩泰報告「台美關係之現況、檢討及展望暨SelectUSA 選擇美國 2017之籌備情形與預期成果」，並備質詢。 二、邀請僑務委員會委員長吳新興報告「在美僑務推動之現況、檢討與展望」，並備質詢。 三、處理院會交付外交部106年度中央政府總預算決議凍結案等24案。 四、處理院會交付僑務委員會106年度中央政府總預算決議凍結案等9案。 五、審查 106 年度中央政府總預算案附屬單位預算關於僑務委員會主管信託基金： (一)莊守耕公益基金。 (二)受理捐贈僑生獎助學金基金。,蔡適應;羅致政;江啟臣;林昶佐;莊瑞雄;吳焜裕;劉世芳;呂玉玲;馬文君;顏寬恒;鄭天財Sra．Kacaw;陳亭妃;何欣純;徐榛蔚;鍾孔炤;陳明文;廖國棟Sufin．Siluko;蔣萬安;簡東明Uliw．Qaljupayare;王育敏;周陳秀霞;葉宜津;吳志揚;黃國書;王惠美;許毓仁;王定宇,
106/05/31,紅樓101會議室,經濟委員會,無,法院第9屆第3會期經濟委員會第18次全體委員會議,一、審查行政院函請審議「外國專業人才延攬及僱用法草案」案。(若經復議，則不予審查)二、審查本院委員許毓仁等17人擬具「外國專業人才延攬及僱用法草案」案。(若經復議，則不予審查),王惠美;徐永明;蕭美琴;林岱樺;蘇治芬;邱志偉;林淑芬;林靜儀;林麗蟬;管碧玲;王榮璋;吳玉琴;李彥秀;余宛如;鍾孔炤;邱議瑩,
106/05/31,議場三樓會議室,朝野黨團協商,無,立法院黨團協商,一、研商處理「公務人員退休撫卹法草案」及「公立學校教職員退休撫卹法草案」相關事宜。（國民黨黨團口頭提出及民進黨黨團提議）二、研商處理「政務人員退職撫卹條例修正草案」相關事宜。（民進黨黨團提議）三、繼續研商「促進轉型正義條例草案」相關事宜。,,
106/05/31,紅樓202會議室,內政委員會,無,立法院第9屆第3會期內政委員會第26次全體委員會議,一、審查本院委員蔣乃辛等18人擬具「災害防救法部分條文修正草案」案。二、審查本院委員賴士葆等20人擬具「災害防救法增訂部分條文草案」案。三、審查本院委員馬文君等18人擬具「災害防救法第二條及第三條條文修正草案」案。四、審查本院委員劉建國等16人擬具「災害防救法第二條及第三條條文修正草案」案。五、審查本院委員邱議瑩等16人擬具「災害防救法第二條及第三條條文修正草案」案。六、審查本院委員賴士葆等17人擬具「災害防救法第二條及第三條條文修正草案」案。七、審查本院委員吳思瑤等18人擬具「災害防救法第二條、第三條及第四十四條之十條文修正草案」案。八、審查本院委員林岱樺等28人擬具「災害防救法第二條及第三條條文修正草案」案。九、審查本院委員施義芳等19人擬具「營造業法第三十四條條文修正草案」案。(第8案及第9案如經院會復議，則不予審查。),顏寬恒;賴瑞隆;張宏陸;曾銘宗;黃昭順;林德福;吳琪銘;陳怡潔;林麗蟬;施義芳;鄭天財Sra．Kacaw;吳思瑤;陳亭妃;谷辣斯．尤達卡Kolas Yotaka;徐榛蔚;陳明文;何欣純;吳焜裕;鍾孔炤;陳其邁;劉建國;簡東明Uliw．Qaljupayare;蔣萬安;廖國棟Sufin．Siluko;呂玉玲;周陳秀霞;劉世芳;王惠美;吳志揚;莊瑞雄;洪宗熠,
106/06/13,議場三樓會議室,朝野黨團協商,無,立法院黨團協商,研商委員柯建銘、葉宜津、李俊俋等66人所提召開第9屆第3會期第1次臨時會相關事宜。,,
106/06/14,議場三樓會議室,朝野黨團協商,無,立法院黨團協商,研商處理第3會期第1次臨時會討論事項相關事宜。,,
106/06/14,紅樓201會議室,程序委員會,無,第9屆第3會期程序委員會第16次會議,審定本院第9屆第3會期第1次臨時會第1次會議議 事日程,王育敏;王育敏;段宜康;王育敏;陳其邁;段宜康;廖國棟Sufin．Siluko;王育敏;段宜康;陳其邁;廖國棟Sufin．Siluko;段宜康,
106/06/15,議場三樓會議室,朝野黨團協商,無,立法院黨團協商,繼續研商處理第3會期第1次臨時會討論事項相關事宜。,,
106/06/16,議場三樓會議室,朝野黨團協商,無,立法院黨團協商,繼續研商處理第3會期第1次臨時會討論事項相關事宜。,,
106/06/19,議場三樓會議室,朝野黨團協商,無,立法院黨團協商,繼續研商處理第3會期第1次臨時會討論事項相關事宜。,,
106/06/20,議場三樓會議室,朝野黨團協商,無,立法院黨團協商,繼續研商處理第3會期第1次臨時會討論事項相關事宜。,,
106/07/03,議場三樓會議室,朝野黨團協商,無,立法院黨團協商,研商「前瞻基礎建設特別條例草案」等案相關事宜。,,
106/07/04,議場三樓會議室,朝野黨團協商,無,立法院黨團協商,繼續研商「前瞻基礎建設特別條例草案」等案相關事宜。,,
106/07/12,議場三樓會議室,朝野黨團協商,無,立法院黨團協商,研商委員柯建銘、葉宜津、李俊俋等67人所提召開第9屆第3會期第2次臨時會相關事宜。,,
106/07/14,議場三樓會議室,朝野黨團協商,無,立法院黨團協商,研商「中央政府前瞻基礎建設特別預算案」邀請行政院長及相關部會首長進行報告並備質詢相關事宜。,,
106/07/17,議場三樓會議室,朝野黨團協商,無,立法院黨團協商,研商106年3月31日黨團協商結論中有關財政委員會審查前瞻特別預算案議程等相關事宜。(國民黨黨團提議)。,,
106/07/17,九樓大禮堂,財政委員會,經濟委員會、內政委員會、教育及文化委員會、社會福利及衛生環境委員會、司法及法制委員會、交通委員會,立法院第9屆第3會期第2次臨時會財政、內政、經濟、教育及文化、交通、司法及法制、社會福利及衛生環境委員會第1次聯席會議,審查「中央政府前瞻基礎建設計畫第1期特別預算案 (106年度至107年度)」。(7月17日、7月18日、7月19日及7月20日四天一次會),鄭寶清;余宛如;趙天麟;賴瑞隆;李昆澤;陳亭妃;鍾佳濱;吳秉叡;黃偉哲;張宏陸;陳明文;吳思瑤;尤美女;蕭美琴;谷辣斯．尤達卡Kolas Yotaka;鍾孔炤;黃國昌;徐永明;高潞．以用．巴魕剌Kawlo．Iyun．Pacidal;吳玉琴;黃秀芳;陳素月;洪宗熠;劉櫂豪;蘇治芬;王榮璋;鄭運鵬;邱志偉;何欣純;蘇巧慧;李俊俋;施義芳;郭正亮;林靜儀;李麗芬;葉宜津;邱泰源;蘇震清;邱議瑩;張廖萬堅;蔡培慧;黃國書;洪慈庸;周春米;吳琪銘;陳賴素美;管碧玲;陳其邁;劉建國;段宜康;王育敏;林麗蟬;賴士葆;林德福;鄭天財Sra．Kacaw;陳超明;陳雪生;楊鎮浯;徐志榮;林為洲;吳志揚;盧秀燕;蔣萬安;蔣乃辛;張麗善;李彥秀;林俊憲;徐榛蔚;黃昭順;柯志恩;陳宜民;曾銘宗;王惠美;孔文吉;周陳秀霞;劉世芳;蔡適應;羅致政;馬文君;許毓仁;呂玉玲;林昶佐;陳歐珀;陳瑩;吳焜裕,
106/07/18,九樓大禮堂,財政委員會,經濟委員會、內政委員會、教育及文化委員會、社會福利及衛生環境委員會、司法及法制委員會、交通委員會,立法院第9屆第3會期第2次臨時會財政、內政、經濟、教育及文化、交通、司法及法制、社會福利及衛生環境委員會第1次聯席會議 ,繼續審查「中央政府前瞻基礎建設計畫第1期特別預算案 (106年度至107年度)」。(7月17日、7月18日、7月19日及7月20日四天一次會) ,鄭寶清;余宛如;趙天麟;賴瑞隆;李昆澤;陳亭妃;黃偉哲;吳秉叡;鍾佳濱;張宏陸;陳明文;吳思瑤;蕭美琴;尤美女;谷辣斯．尤達卡Kolas Yotaka;鍾孔炤;吳玉琴;黃秀芳;陳素月;洪宗熠;劉櫂豪;蘇治芬;劉世芳;鄭運鵬;邱志偉;何欣純;蘇巧慧;李俊俋;施義芳;郭正亮;林靜儀;李麗芬;葉宜津;邱泰源;黃國書;邱議瑩;張廖萬堅;蔡培慧;蘇震清;周春米;吳琪銘;陳賴素美;管碧玲;陳其邁;劉建國;王育敏;林麗蟬;賴士葆;林德福;鄭天財Sra．Kacaw;陳超明;陳雪生;楊鎮浯;徐志榮;林為洲;吳志揚;盧秀燕;蔣萬安;蔣乃辛;張麗善;李彥秀;林俊憲;徐榛蔚;黃昭順;柯志恩;陳宜民;曾銘宗;王惠美;孔文吉;王榮璋;羅致政;蔡適應;馬文君;許毓仁;呂玉玲;陳歐珀;陳瑩;吳焜裕;周陳秀霞;陳怡潔;洪慈庸;高潞．以用．巴魕剌Kawlo．Iyun．Pacidal;黃國昌;徐永明;林昶佐,
106/07/18,紅樓101會議室,經濟委員會,無,立法院第9屆第3會期第2次臨時會經濟委員會第1次全體委員會議,一、審查本院委員林淑芬等24人擬具「礦業法修正草案」案。 二、審查本院委員蕭美琴等23人擬具「礦業法修正草案」案。三、審查行政院函請審議「礦業法第六條及第七十二條之一條文修正草案」案。四、審查本院委員孔文吉等19人擬具「礦業法部分條文修正草案」案。五、審查本院委員周春米等21人擬具「礦業法部分條文修正草案」案。六、審查本院時代力量黨團擬具「礦業法部分條文修正草案」案。七、審查本院委員Kolas Yotaka等17人擬具「礦業法部分條文修正草案」案。八、審查本院委員鄭天財Sra Kacaw等17人擬具「礦業法部分條文修正草案」案。九、審查本院親民黨黨團擬具「礦業法部分條文修正草案」案。,高志鵬;孔文吉;鄭天財Sra．Kacaw;黃偉哲;徐永明;蘇治芬;蕭美琴;張麗善;管碧玲;陳明文;邱志偉;谷辣斯．尤達卡Kolas Yotaka;林德福;尤美女;蘇震清;林淑芬;周陳秀霞;高潞．以用．巴魕剌Kawlo．Iyun．Pacidal;陳歐珀,
106/07/19,紅樓101會議室,經濟委員會,無,立法院第9屆第3會期第2次臨時會經濟委員會第1次全體委員會議,一、審查本院委員林淑芬等24人擬具「礦業法修正草案」案。 二、審查本院委員蕭美琴等23人擬具「礦業法修正草案」案。三、審查行政院函請審議「礦業法第六條及第七十二條之一條文修正草案」案。四、審查本院委員孔文吉等19人擬具「礦業法部分條文修正草案」案。五、審查本院委員周春米等21人擬具「礦業法部分條文修正草案」案。六、審查本院時代力量黨團擬具「礦業法部分條文修正草案」案。七、審查本院委員Kolas Yotaka等17人擬具「礦業法部分條文修正草案」案。八、審查本院委員鄭天財Sra Kacaw等17人擬具「礦業法部分條文修正草案」案。九、審查本院親民黨黨團擬具「礦業法部分條文修正草案」案。,,
106/07/19,九樓大禮堂,財政委員會,內政委員會、經濟委員會、教育及文化委員會、交通委員會、司法及法制委員會、社會福利及衛生環境委員會,立法院第9屆第3會期第2次臨時會財政、內政、經濟、教育及文化、交通、司法及法制、社會福利及衛生環境委員會第1次聯席會議 ,繼續審查「中央政府前瞻基礎建設計畫第1期特別預算案 (106年度至107年度)」。(7月17日、7月18日、7月19日及7月20日四天一次會) ,,
106/07/20,九樓大禮堂,財政委員會,內政委員會、經濟委員會、教育及文化委員會、交通委員會、司法及法制委員會、社會福利及衛生環境委員會,立法院第9屆第3會期第2次臨時會財政、內政、經濟、教育及文化、交通、司法及法制、社會福利及衛生環境委員會第1次聯席會議 ,繼續審查「中央政府前瞻基礎建設計畫第1期特別預算案 (106年度至107年度)」。(7月17日、7月18日、7月19日及7月20日四天一次會) ,,
106/07/20,紅樓101會議室,經濟委員會,無,立法院第9屆第3會期第2次臨時會經濟委員會第1次全體委員會議,一、審查本院委員林淑芬等24人擬具「礦業法修正草案」案。 二、審查本院委員蕭美琴等23人擬具「礦業法修正草案」案。三、審查行政院函請審議「礦業法第六條及第七十二條之一條文修正草案」案。四、審查本院委員孔文吉等19人擬具「礦業法部分條文修正草案」案。五、審查本院委員周春米等21人擬具「礦業法部分條文修正草案」案。六、審查本院時代力量黨團擬具「礦業法部分條文修正草案」案。七、審查本院委員Kolas Yotaka等17人擬具「礦業法部分條文修正草案」案。八、審查本院委員鄭天財Sra Kacaw等17人擬具「礦業法部分條文修正草案」案。九、審查本院親民黨黨團擬具「礦業法部分條文修正草案」案。,,
106/08/17,議場三樓會議室,朝野黨團協商,無,立法院黨團協商,研商委員柯建銘、葉宜津、李俊俋等66人所提召開第9屆第3會期第3次臨時會相關事宜。,,
106/08/18,議場三樓會議室,朝野黨團協商,無,立法院黨團協商,研商中央政府前瞻基礎建設計畫第1期特別預算案相關事宜。,,
106/08/22,議場三樓會議室,朝野黨團協商,無,立法院黨團協商,研商「中央政府前瞻基礎建設計畫第1期特別預算案」相關事宜。,,
106/08/23,議場三樓會議室,朝野黨團協商,無,立法院黨團協商,繼續研商「中央政府前瞻基礎建設計畫第1期特別預算案」相關事宜。,,
106/08/24,議場三樓會議室,朝野黨團協商,無,立法院黨團協商,繼續研商「中央政府前瞻基礎建設計畫第1期特別預算案」相關事宜。,,
106/08/28,議場三樓會議室,朝野黨團協商,無,立法院黨團協商,繼續研商「中央政府前瞻基礎建設計畫第1期特別預算案」相關事宜。,,
106/08/31,議場三樓會議室,朝野黨團協商,無,立法院黨團協商,研商「國民體育法修正草案」相關事宜。,,
106/09/21,議場三樓會議室,朝野黨團協商,無,立法院黨團協商,研商本（4）會期開議日等相關事宜。,,
106/09/21,紅樓201會議室,程序委員會,無,第9屆第4會期程序委員會第1次會議, 審定本院第9屆第4會期第1次會議議事日程及  人民請願案,,
106/09/26,紅樓201會議室,程序委員會,無,第9屆第4會期程序委員會第2次會議, 審定本院第9屆第4會期第2次會議議事日程及人民請願案,,
106/09/27,紅樓301會議室,外交及國防委員會,無,立法院第9屆第4會期外交及國防委員會第1次全體委員會議,選舉第9屆第4會期本會召集委員,,
106/09/27,群賢樓101會議室,教育及文化委員會,無,立法院第9屆第4會期教育及文化委員會第1次全體委員會議,選舉第9屆第4會期本會召集委員,,
106/09/27,紅樓201會議室,交通委員會,無,立法院第9屆第4會期交通委員會第1次全體委員會議,選舉第9屆第4會期本會召集委員,,
106/09/27,紅樓202會議室,內政委員會,無,立法院第9屆第4會期內政委員會第1次全體委員會議,選舉本會召集委員,,
106/09/27,紅樓101會議室,經濟委員會,無,立法院第9屆第4會期經濟委員會第1次全體委員會議,選舉立法院第9屆第4會期本會召集委員,,
106/09/27,紅樓302會議室,司法及法制委員會,無,立法院第9屆第4會期司法及法制委員會第1次全體委員會議,選舉第9屆第4會期本會召集委員,,
106/09/27,群賢樓801會議室,社會福利及衛生環境委員會,無,立法院第9屆第4會期社會福利及衛生環境委員會第1次全體委員會議,選舉第9屆第4會期本會召集委員,,
106/09/27,九樓大禮堂,財政委員會,無,立法院第9屆第4會期財政委員會第1次全體委員會議,選舉立法院第9屆第4會期本會召集委員,,
106/09/28,紅樓302會議室,司法及法制委員會,無,立法院第9屆第4會期司法及法制委員會第2次全體委員會議,一、邀請司法院秘書長列席說明立法計畫，並備質詢。二、處理中華民國105及106年度中央政府總預算關於司法院主管預算凍結項目共6案。,葉宜津;吳志揚;柯建銘;段宜康;王育敏;李俊俋;蔡易餘;鍾孔炤;林為洲;黃國昌;尤美女;李麗芬;楊鎮浯;鄭天財Sra．Kacaw;孔文吉;王惠美;徐榛蔚;蔣乃辛;黃偉哲;邱志偉;周春米;張麗善;劉櫂豪;鄭運鵬;林德福,
106/09/28,議場三樓會議室,朝野黨團協商,無,立法院黨團協商,研商「107年度中央政府總預算案」及「107年度至108年度中央政府流域綜合治理計畫第3期特別預算案」等相關事宜。,,
106/09/28,紅樓201會議室,交通委員會,無,立法院第9屆第4會期交通委員會第2次全體委員會議,邀請國家通訊傳播委員會主任委員詹婷怡列席報告業務概況，並備質詢。(9月28日及30日二天一次會),鄭寶清;陳歐珀;趙正宇;林俊憲;李昆澤;鄭運鵬;黃國書;洪慈庸;徐榛蔚;陳素月;周春米;鍾佳濱;李鴻鈞;葉宜津;黃偉哲;林德福;吳志揚;孔文吉;王惠美;蔣乃辛;邱志偉;鍾孔炤;張麗善;陳賴素美;陳雪生;羅明才,
106/09/28,紅樓101會議室,經濟委員會,無,立法院第9屆第4會期經濟委員會第2次全體委員會議,邀請公平交易委員會主任委員列席報告業務概況，並備質詢。(106年9月28日、9月30日二天一次會),黃偉哲;徐永明;王惠美;高志鵬;蘇震清;孔文吉;管碧玲;陳明文;邱志偉;陳超明;張麗善;蕭美琴;蘇治芬;邱議瑩;吳志揚;林德福;黃國書;鄭運鵬;徐榛蔚;蔣乃辛;鍾孔炤;周春米;蔡易餘;陳賴素美;劉櫂豪;林俊憲;羅明才;林岱樺;林淑芬,
106/09/28,群賢樓101會議室,教育及文化委員會,無,立法院第9屆第4會期教育及文化委員會第2次全體委員會議,處理106年度中央政府總預算有關中央研究院主管預算凍結項目共18案。（詢答及處理）（9月28日及30日二天一次會）,陳亭妃;蘇巧慧;柯志恩;吳思瑤;張廖萬堅;蔣乃辛;李麗芬;高潞．以用．巴魕剌Kawlo．Iyun．Pacidal;許智傑;陳宜民;陳學聖;林德福;邱志偉;吳志揚;黃偉哲;鄭運鵬;孔文吉;王惠美;徐榛蔚;黃國書;鍾孔炤;張麗善;陳賴素美;高金素梅;羅明才;賴士葆,
106/09/28,九樓大禮堂,財政委員會,無,立法院第9屆第4會期財政委員會第2次全體委員會議,邀請行政院主計總處朱主計長澤民、審計部林審計長慶隆率所屬單位主管列席業務報告，並備質詢。(9月28日及9月30日兩天一次會),盧秀燕;吳秉叡;黃國昌;賴士葆;林德福;王榮璋;江永昌;施義芳;費鴻泰;郭正亮;陳賴素美;曾銘宗;李昆澤;吳志揚;黃偉哲;鄭運鵬;蔣乃辛;李麗芬;王惠美;徐榛蔚;邱志偉;鍾孔炤;張麗善;羅明才;楊鎮浯,
106/09/30,紅樓302會議室,司法及法制委員會,無,立法院第9屆第4會期司法及法制委員會第2次全體委員會議,一、邀請司法院秘書長列席說明立法計畫，並備質詢。二、處理中華民國105及106年度中央政府總預算關於司法院主管預算凍結項目共6案。,,
106/09/30,紅樓201會議室,交通委員會,無,立法院第9屆第4會期交通委員會第2次全體委員會議,邀請國家通訊傳播委員會主任委員詹婷怡列席報告業務概況，並備質詢。(9月28日及30日二天一次會),,
106/09/30,紅樓101會議室,經濟委員會,無,立法院第9屆第4會期經濟委員會第2次全體委員會議,邀請公平交易委員會主任委員列席報告業務概況，並備質詢。(106年9月28日、9月30日二天一次會),,
106/09/30,九樓大禮堂,財政委員會,無,立法院第9屆第4會期財政委員會第2次全體委員會議,繼續邀請行政院主計總處朱主計長澤民、審計部林審計長慶隆率所屬單位主管列席業務報告，並備質詢。(9月28日及9月30日兩天一次會) ,,
106/09/30,群賢樓101會議室,教育及文化委員會,無,立法院第9屆第4會期教育及文化委員會第2次全體委員會議,處理106年度中央政府總預算有關中央研究院主管預算凍結項目共18案。（詢答及處理）（9月28日及30日二天一次會）,,
106/10/02,群賢樓101會議室,教育及文化委員會,無,立法院第9屆第4會期教育及文化委員會第3次全體委員會議,邀請教育部部長就「課綱審查回歸教育專業，不容政治干預」進行專題報告，並備質詢。（10月2日及5日二天一次會）,吳思瑤;蘇巧慧;柯志恩;陳亭妃;張廖萬堅;高金素梅;蔣乃辛;許智傑;李麗芬;陳學聖;高潞．以用．巴魕剌Kawlo．Iyun．Pacidal;何欣純;蔡培慧;鍾佳濱;黃國昌;林德福;陳宜民;管碧玲;徐榛蔚;陳怡潔;黃國書;鄭天財Sra．Kacaw;吳志揚;吳焜裕;江啟臣;王惠美;呂玉玲;林俊憲;黃偉哲;蔡易餘;邱志偉;孔文吉;鍾孔炤;廖國棟Sufin．Siluko;羅明才;黃昭順;周陳秀霞;張麗善;尤美女,
106/10/02,九樓大禮堂,財政委員會,無,立法院第9屆第4會期財政委員會第3次全體委員會議,邀請金融監督管理委員會顧主任委員立雄就「強化我國金融業公司治理並對兆豐案及永豐案後續之調查結果」進行專題報告，並備質詢。,黃國昌;吳秉叡;曾銘宗;盧秀燕;賴士葆;王榮璋;余宛如;郭正亮;施義芳;陳賴素美;江永昌;羅明才;費鴻泰;林德福;李昆澤;江啟臣;徐榛蔚;王惠美;呂玉玲;陳怡潔;黃偉哲;黃國書;鄭天財Sra．Kacaw;吳志揚;林俊憲;高金素梅;蔣萬安;蔣乃辛;廖國棟Sufin．Siluko;鍾孔炤;蔡易餘;黃昭順;周陳秀霞;顏寬恒,
106/10/02,紅樓302會議室,司法及法制委員會,無,立法院第9屆第4會期司法及法制委員會第3次全體委員會議,邀請總統府秘書長、司法院秘書長、法務部部長就「司法改革國是會議執行過程檢討、分組決議具體回應及後續執行與立法期程」進行專題報告，並備質詢。,吳志揚;廖國棟Sufin．Siluko;林為洲;王育敏;鄭天財Sra．Kacaw;楊鎮浯;蔡易餘;王惠美;徐永明;蕭美琴;尤美女;李俊俋;葉宜津;林德福;周春米;徐榛蔚;高金素梅;馬文君;陳明文;鍾孔炤;管碧玲;蔣乃辛;孔文吉;羅明才;周陳秀霞;顏寬恒;許毓仁;李彥秀;呂玉玲;黃偉哲;林俊憲;劉櫂豪;劉世芳;邱志偉;鍾佳濱,
106/10/02,群賢樓801會議室,社會福利及衛生環境委員會,無,立法院第9屆第4會期社會福利及衛生環境委員會第2次全體委員會議,邀請勞動部部長列席報告業務概況，並備質詢。,陳宜民;陳曼麗;吳玉琴;許淑華;楊曜;李彥秀;徐志榮;邱泰源;黃秀芳;蔣萬安;林德福;周陳秀霞;盧秀燕;劉建國;鍾佳濱;黃國書;江啟臣;徐榛蔚;王惠美;劉建國;吳焜裕;陳瑩;鍾孔炤;鄭天財Sra．Kacaw;吳志揚;黃偉哲;林俊憲;高金素梅;陳賴素美;蔣乃辛;王榮璋;廖國棟Sufin．Siluko;李昆澤;黃昭順;羅明才;顏寬恒;陳怡潔;林淑芬;蔡易餘;呂玉玲,
106/10/02,紅樓301會議室,外交及國防委員會,無,立法院第9屆第4會期外交及國防委員會第2次全體委員會議,一、邀請外交部部長李大維報告業務概況，並備質詢。二、處理院會交付外交部106年度中央政府總預算決議凍結案等11案。三、審查行政院函請審議「外交部及駐外館處文件證明條例部分條文修正草案」案。四、審查本院委員顏寬恒等21人擬具「外交部及駐外館處文件證明條例部分條文修正草案」案。五、審查本院委員蔡適應等19人擬具「外交部及駐外館處文件證明條例第十四條及第二十一條條文修正草案」案。六、審查本院委員莊瑞雄等16人擬具「外交部及駐外館處文件證明條例第十四條、第十五條之一及第二十六條之一條文修正草案」案。七、審查本院委員江永昌等17人擬具「外交部及駐外館處文件證明條例增訂第二十六條之一條文草案」案。,羅致政;蔡適應;劉世芳;吳焜裕;王定宇;林昶佐;江啟臣;呂玉玲;馬文君;莊瑞雄;許毓仁;吳志揚;王惠美;徐永明;鄭天財Sra．Kacaw;呂孫綾;林俊憲;黃偉哲;林德福;鍾佳濱;徐榛蔚;高金素梅;廖國棟Sufin．Siluko;蕭美琴;陳明文;管碧玲;蔣乃辛;孔文吉;蔡易餘;羅明才;周陳秀霞;顏寬恒;鍾孔炤;葉宜津;邱志偉;劉建國,
106/10/02,紅樓202會議室,內政委員會,無,立法院第9屆第4會期內政委員會第2次全體委員會議,一、處理106年度中央政府總預算有關行政院預算凍結項目報告案。二、處理106年度中央政府總預算有關不當黨產處理委員會預算凍結項目報告案。三、處理106年度中央政府總預算有關客家委員會及所屬預算凍結項目報告案。四、處理106年度中央政府總預算有關臺灣省政府預算凍結項目報告案。五、處理106年度中央政府總預算有關福建省政府預算凍結項目報告案。{二天一次會},賴瑞隆;張宏陸;陳怡潔;鄭天財Sra．Kacaw;林麗蟬;谷辣斯．尤達卡Kolas Yotaka;曾銘宗;洪宗熠;徐榛蔚;陳其邁;顏寬恒;吳琪銘;趙天麟;黃昭順;林俊憲;陳歐珀;邱議瑩;黃偉哲;黃國書;吳志揚;呂玉玲;周春米;劉世芳;王惠美;蕭美琴;林德福;高金素梅;蘇震清;陳明文;邱志偉;蔣萬安;廖國棟Sufin．Siluko;葉宜津;蔣乃辛;孔文吉;蔡易餘;羅明才;陳雪生;鍾孔炤;周陳秀霞;姚文智,
106/10/02,紅樓201會議室,交通委員會,無,立法院第9屆第4會期交通委員會第3次全體委員會議,邀請交通部部長賀陳旦列席報告業務概況，並備質詢。（10月2日及5日二天一次會）,鄭運鵬;李昆澤;洪慈庸;鄭寶清;林俊憲;周春米;陳歐珀;鍾佳濱;黃國書;王定宇;徐榛蔚;陳素月;陳雪生;李鴻鈞;鄭天財Sra．Kacaw;蕭美琴;施義芳;邱志偉;黃國昌;羅致政;黃偉哲;呂孫綾;邱議瑩;江啟臣;吳焜裕;蔡易餘;李彥秀;呂玉玲;王惠美;劉世芳;林德福;趙正宇;高金素梅;林岱樺;蘇震清;陳明文;蔣萬安;葉宜津;蔣乃辛;孔文吉;張宏陸;黃昭順;鍾孔炤;羅明才;高潞．以用．巴魕剌Kawlo．Iyun．Pacidal;顏寬恒;周陳秀霞;姚文智;趙天麟;吳志揚;賴瑞隆;劉櫂豪;劉建國,
106/10/02,紅樓101會議室,經濟委員會,無,立法院第9屆第4會期經濟委員會第3次全體委員會議,邀請國家發展委員會主任委員列席報告業務概況，並備質詢。,林岱樺;邱議瑩;徐永明;王惠美;黃偉哲;蕭美琴;蘇震清;陳明文;蘇治芬;陳超明;管碧玲;孔文吉;邱志偉;張麗善;高志鵬;賴瑞隆;徐榛蔚;姚文智;余宛如;林俊憲;陳亭妃;陳歐珀;曾銘宗;林德福;王定宇;鄭天財Sra．Kacaw;吳焜裕;吳志揚;陳曼麗;劉世芳;呂玉玲;江啟臣;廖國棟Sufin．Siluko;蔡易餘;高金素梅;鍾孔炤;馬文君;蔣乃辛;羅明才;黃昭順;莊瑞雄;周陳秀霞;顏寬恒;陳雪生;鍾佳濱;趙天麟;劉建國,
106/10/03,紅樓201會議室,程序委員會,無,第9屆第4會期程序委員會第3次會議, 審定本院第9屆第4會期第3次會議議事日程及  人民請願案,,
106/10/05,九樓大禮堂,財政委員會,無,立法院第9屆第4會期財政委員會第4次全體委員會議,邀請財政部許部長虞哲、經濟部沈部長榮津、國家發展委員會陳主任委員美伶等就「如何具體提升政府及民間的投資，落實加速投資台灣」進行專題報告，並備質詢。,吳秉叡;盧秀燕;林德福;賴士葆;林昶佐;余宛如;王榮璋;施義芳;陳賴素美;郭正亮;羅明才;江永昌;費鴻泰;曾銘宗;鄭天財Sra．Kacaw;蔡易餘;王惠美;黃國昌;張麗善;李麗芬;黃昭順;呂玉玲;陳歐珀;蔣乃辛;邱志偉;林俊憲;何欣純;鍾佳濱;吳焜裕;管碧玲;蔣萬安;黃偉哲;蕭美琴;周陳秀霞;李昆澤;高金素梅;鍾孔炤;徐榛蔚;盧秀燕,
106/10/05,群賢樓801會議室,社會福利及衛生環境委員會,無,立法院第9屆第4會期社會福利及衛生環境委員會第2次全體委員會議,一、邀請行政院環境保護署署長列席報告業務概況，並備質詢。二、邀請行政院環境保護署署長、衛生福利部部長及經濟部次長針對「臺中火力發電廠所產生空氣污染對鄰近中彰投縣市民眾健康之影響，以及秋冬之際臺灣面臨空氣污染，政府因應對策及具體改善作為」列席報告，並備質詢。,陳宜民;陳曼麗;吳玉琴;許淑華;林靜儀;周陳秀霞;邱泰源;王惠美;林德福;羅明才;鄭天財Sra．Kacaw;顏寬恒;陳瑩;蕭美琴;江啟臣;黃秀芳;鍾孔炤;蔣萬安;李彥秀;林俊憲;楊曜;吳焜裕;何欣純;管碧玲;高潞．以用．巴魕剌Kawlo．Iyun．Pacidal;陳賴素美;徐榛蔚;高金素梅;賴瑞隆;蔡易餘;林淑芬;蔣乃辛;黃偉哲;呂玉玲;陳歐珀;張麗善;邱志偉,
106/10/05,群賢樓101會議室,教育及文化委員會,無,立法院第9屆第4會期教育及文化委員會第3次全體委員會議,一、審查委員蔣乃辛等18人擬具「學校衛生法第二十三條之三及第二十四條條文修正草案」案。二、審查委員賴士葆等20人擬具「學校衛生法第十九條、第二十二條及第二十三條之四條文修正草案」案。三、審查委員蔣萬安等19人擬具「學校衛生法第二十三條條文修正草案」案。四、審查委員蔣乃辛等18人擬具「學校衛生法第二十三條條文修正草案」案。五、審查委員蔣乃辛等17人擬具「學校衛生法增訂第二十四條之一條文草案」案。六、審查委員蔣乃辛等18人擬具「學校衛生法第二十三條之一條文修正草案」案。（詢答及審查）（10月2日及5日二天一次會）,張廖萬堅;蘇巧慧;柯志恩;吳思瑤;陳亭妃;蔣乃辛;李麗芬;何欣純;高潞．以用．巴魕剌Kawlo．Iyun．Pacidal;許智傑;高金素梅;蔡培慧;陳學聖;曾銘宗;賴士葆;鄭天財Sra．Kacaw;江啟臣;林德福;鍾佳濱;管碧玲;徐榛蔚;徐永明;林俊憲;孔文吉;張麗善;黃昭順;黃偉哲;呂玉玲;邱志偉;賴瑞隆;陳歐珀;黃國書;吳焜裕;鍾孔炤;劉世芳;劉櫂豪;羅明才;陳賴素美;周陳秀霞;蕭美琴,
106/10/05,紅樓202會議室,內政委員會,無,立法院第9屆第4會期內政委員會第2次全體委員會議,一、處理106年度中央政府總預算有關行政院預算凍結項目報告案。二、處理106年度中央政府總預算有關不當黨產處理委員會預算凍結項目報告案。三、處理106年度中央政府總預算有關客家委員會及所屬預算凍結項目報告案。四、處理106年度中央政府總預算有關臺灣省政府預算凍結項目報告案。五、處理106年度中央政府總預算有關福建省政府預算凍結項目報告案。{二天一次會},,
106/10/05,紅樓301會議室,外交及國防委員會,無,立法院第9屆第4會期外交及國防委員會第3次全體委員會議,一、邀請僑務委員會委員長吳新興報告業務概況，並備質詢。二、處理院會交付僑務委員會106年度中央政府總預算決議第2目「綜合規劃業務」項下「國內慶典活動接待服務」凍結300萬元提出書面報告後，始得動支案。,林昶佐;江啟臣;王定宇;羅致政;蔡適應;呂玉玲;劉世芳;莊瑞雄;吳焜裕;鍾佳濱;馬文君;呂孫綾;許毓仁;陳賴素美;徐永明;孔文吉;黃偉哲;鄭天財Sra．Kacaw;鄭運鵬;徐榛蔚;張麗善;陳歐珀;鍾孔炤;邱志偉;林俊憲;廖國棟Sufin．Siluko;蔣乃辛;羅明才;蔡易餘;周陳秀霞;蕭美琴;高金素梅,
106/10/05,紅樓201會議室,交通委員會,無,立法院第9屆第4會期交通委員會第3次全體委員會議,邀請行政院公共工程委員會主任委員吳宏謀列席報告業務概況，並備質詢。（10月2日及5日二天一次會）,李昆澤;鄭寶清;趙正宇;鄭運鵬;陳雪生;鍾佳濱;陳歐珀;黃國書;林俊憲;陳素月;李鴻鈞;鄭天財Sra．Kacaw;徐榛蔚;劉世芳;洪慈庸;鍾孔炤;孔文吉;吳思瑤;江啟臣;吳玉琴;呂玉玲;蕭美琴;顏寬恒;林岱樺;邱志偉;黃偉哲;蔣乃辛;管碧玲;廖國棟Sufin．Siluko;蔣萬安;林昶佐;羅明才;陳賴素美;周陳秀霞;高金素梅;劉櫂豪;張麗善;徐永明,
106/10/05,紅樓101會議室,經濟委員會,無,立法院第9屆第4會期經濟委員會第4次全體委員會議,一、邀請經濟部部長列席報告業務概況，並備質詢。二、繼續處理經濟部函，為106年度中央政府總預算決議，國際貿易局「國際貿易」預算凍結30％，檢送專案報告案。,林岱樺;邱議瑩;黃偉哲;徐永明;孔文吉;蕭美琴;蘇震清;張麗善;陳明文;邱志偉;管碧玲;蘇治芬;黃國昌;王惠美;江啟臣;賴瑞隆;高志鵬;鄭天財Sra．Kacaw;徐榛蔚;許毓仁;呂玉玲;郭正亮;吳焜裕;劉世芳;鍾佳濱;陳曼麗;何欣純;鍾孔炤;陳歐珀;林俊憲;廖國棟Sufin．Siluko;蔣乃辛;黃昭順;蔣萬安;莊瑞雄;馬文君;陳賴素美;李昆澤;周陳秀霞;羅明才;蔡易餘;劉櫂豪;林德福;鄭運鵬;陳超明,
106/10/05,紅樓302會議室,司法及法制委員會,無,立法院第9屆第4會期司法及法制委員會第4次全體委員會議,邀請司法院秘書長、法務部部長就「我國赦免法歷年執行情形與保外就醫制度之檢討」進行專題報告，並備質詢。,王育敏;李俊俋;廖國棟Sufin．Siluko;蔡易餘;尤美女;鄭天財Sra．Kacaw;鍾孔炤;段宜康;徐永明;劉櫂豪;鄭運鵬;林為洲;蕭美琴;楊鎮浯;徐榛蔚;呂玉玲;陳歐珀;張麗善;邱志偉;林俊憲;劉世芳;蔣乃辛;羅明才;周陳秀霞;高金素梅;顏寬恒;黃偉哲;孔文吉,
106/10/06,紅樓301會議室,紀律委員會,無,第9屆第4會期紀律委員會第1次召集委員會議商議排定本(第4)會期各月輪值召集委員人選,議排定本(第4)會期各月輪值召集委員人選,,
106/10/11,紅樓301會議室,外交及國防委員會,無,立法院第9屆第4會期外交及國防委員會第4次全體委員會議,一、邀請國防部部長馮世寬報告業務概況，並備質詢。二、處理院會交付國防部105及106年度中央政府總預算決議凍結案等18案。【機密預算於處理時秘密報告】,羅致政;蔡適應;江啟臣;莊瑞雄;林昶佐;王定宇;劉世芳;馬文君;許毓仁;呂玉玲;吳焜裕;呂孫綾;鍾佳濱;王惠美;林麗蟬;邱志偉;徐永明;孔文吉;林德福;徐榛蔚;李彥秀;蔡易餘;黃偉哲;鍾孔炤;陳明文;蔣乃辛;林俊憲;張麗善;蔣萬安;黃昭順;羅明才;陳怡潔;周陳秀霞;李昆澤;鄭天財Sra．Kacaw;蕭美琴;吳志揚;陳歐珀,
106/10/11,紅樓101會議室,經濟委員會,無,立法院第9屆第4會期經濟委員會第5次全體委員會議,一、審查行政院函請審議「有機農業促進法草案」案。二、審查本院委員陳亭妃等22人擬具「有機農業促進條例草案」案。三、審查本院委員蕭美琴等22人擬具「有機農糧產業促進條例草案」案。(本日僅進行詢答),林岱樺;邱議瑩;黃偉哲;徐永明;蕭美琴;孔文吉;張麗善;陳明文;蘇震清;陳超明;管碧玲;邱志偉;王惠美;趙天麟;蘇治芬;高志鵬;吳志揚;江啟臣;林德福;馬文君;吳焜裕;劉世芳;李彥秀;林俊憲;蔡易餘;鍾孔炤;黃昭順;蔣萬安;羅明才;周陳秀霞;吳秉叡;劉建國;徐榛蔚;鍾佳濱;陳歐珀,
106/10/11,九樓大禮堂,財政委員會,無,立法院第9屆第4會期財政委員會第5次全體委員會議,一、討論中華民國107年度中央政府總預算案（含附屬單位預算及綜計表－營業及非營業部分）審查日程暨審查分配表草案。二、審查行政院函請審議「貨物稅條例增訂第九條之一及第十二條之六條文草案」案。三、審查行政院函請審議「海關進口稅則部分稅則修正草案(促進太陽光電產業發展；增註及稅則稅率24 項)」案。四、審查行政院函請審議「海關進口稅則部分稅則修正草案(落實臺巴經濟合作協定；增註及稅則稅率60 項)」案。(10月11日及10月12日兩天一次會) ,黃國昌;林德福;吳秉叡;盧秀燕;賴士葆;王榮璋;施義芳;陳歐珀;費鴻泰;郭正亮;曾銘宗;鄭天財Sra．Kacaw;蔣萬安;陳賴素美;羅明才;徐榛蔚;江永昌;蕭美琴;吳志揚;黃偉哲;張麗善;蘇震清;江啟臣;邱志偉;劉世芳;林俊憲;蔡易餘;鍾孔炤;周陳秀霞;李昆澤,
106/10/11,紅樓202會議室,內政委員會,無,立法院第9屆第4會期內政委員會第3次全體委員會議,一、邀請原住民族委員會主任委員夷將‧拔路兒Icyang Parod率同所屬列席報告業務概況，並備質詢。二、處理106年度中央政府總預算有關原住民族委員會預算凍結項目報告案計10案(含報告事項6案)。三、審查行政院函請審議「原住民身分法修正草案」案。四、審查本院親民黨黨團擬具「原住民身分法第二條條文修正草案」案。五、審查本院時代力量黨團擬具「原住民身分法第二條條文修正草案」案。六、審查本院委員李俊俋等21人擬具「原住民身分法部分條文修正草案」案。七、審查本院委員陳瑩等18人擬具「原住民身分法第八條條文修正草案」案。八、審查本院委員鄭天財Sra Kacaw等18人擬具「原住民身分法部分條文修正草案」案九、審查本院委員林俊憲等21人擬具「原住民身分法修正草案」案。,曾銘宗;鄭天財Sra．Kacaw;林麗蟬;張宏陸;洪宗熠;黃昭順;陳怡潔;陳其邁;劉世芳;趙天麟;吳琪銘;谷辣斯．尤達卡Kolas Yotaka;賴瑞隆;徐榛蔚;孔文吉;陳瑩;廖國棟Sufin．Siluko;蕭美琴;黃偉哲;徐永明;吳志揚;鍾佳濱;林德福;馬文君;李彥秀;陳明文;林俊憲;邱志偉;蔡易餘;陳歐珀;蘇震清;張麗善;鍾孔炤;蔣萬安;羅明才;陳雪生;周陳秀霞;高潞．以用．巴魕剌Kawlo．Iyun．Pacidal;葉宜津;姚文智;高金素梅;江啟臣;顏寬恒,
106/10/11,紅樓302會議室,司法及法制委員會,內政委員會,立法院第9屆第4會期司法及法制、內政委員會第1次聯席會議,一、併案審查委員蔡易餘等19人、時代力量黨團、委員Kolas Yotaka等17人、委員賴瑞隆等18人分別擬具廢止「蒙藏委員會組織法」案。二、併案審查委員蔡易餘等19人、時代力量黨團分別擬具廢止「蒙藏邊區人員任用條例」案。三、審查行政院函請審議「國家住宅及都市更新中心設置條例草案」案。,吳志揚;段宜康;張宏陸;楊鎮浯;賴瑞隆;陳怡潔;吳琪銘;林為洲;顏寬恒;蔡易餘;曾銘宗;鍾孔炤;林昶佐;尤美女;谷辣斯．尤達卡Kolas Yotaka;姚文智,
106/10/11,紅樓302會議室,司法及法制委員會,教育及文化委員會,立法院第9屆第4會期司法及法制、教育及文化委員會第1次聯席會議,審查行政院函請審議「國家人權博物館組織法草案」案。,段宜康;柯建銘;吳志揚;王育敏;葉宜津;李俊俋;蔡易餘;蔣乃辛;劉櫂豪;李麗芬;楊鎮浯;鍾孔炤;王定宇;尤美女;廖國棟Sufin．Siluko;李昆澤;蕭美琴;徐永明;黃偉哲;鄭天財Sra．Kacaw;林麗蟬;馬文君;孔文吉;張宏陸;徐榛蔚;李彥秀;劉世芳;林俊憲;邱志偉;陳明文;張麗善;蔣萬安;黃昭順;羅明才;陳怡潔;周陳秀霞;鍾佳濱;陳歐珀;柯志恩;許智傑;陳學聖;林為洲;張廖萬堅;林德福,
106/10/11,群賢樓801會議室,社會福利及衛生環境委員會,無,立法院第9屆第4會期社會福利及衛生環境委員會第3次全體委員會議,立法院第9屆第4會期社會福利及衛生環境委員會第3次全體委員會議一、繼續處理中華民國106年度中央政府總預算案有關衛生福利部預算凍結案計14案(含報告事項13案及討論事項1案)。二、邀請衛生福利部部長列席報告業務概況，並備質詢。,李彥秀;蔣萬安;許淑華;林靜儀;吳玉琴;邱泰源;徐志榮;劉建國;周陳秀霞;黃秀芳;王榮璋;蕭美琴;鍾佳濱;高潞．以用．巴魕剌Kawlo．Iyun．Pacidal;江啟臣;陳宜民;徐榛蔚;李麗芬;鄭天財Sra．Kacaw;陳曼麗;吳志揚;林麗蟬;張麗善;陳瑩;林淑芬;劉世芳;林俊憲;蔡易餘;黃偉哲;羅明才;邱志偉;陳歐珀;蘇震清;吳秉叡;李昆澤;王惠美;吳焜裕;鍾孔炤,
106/10/11,紅樓201會議室,交通委員會,無,立法院第9屆第4會期交通委員會第4次全體委員會議,一、審查委員盧秀燕等16人擬具「發展觀光條例部分條文修正草案」案。二、審查委員黃國書等19人擬具「發展觀光條例第六條條文修正草案」案。三、審查委員余宛如等17人擬具「發展觀光條例第二十七條條文修正草案」案。四、審查時代力量黨團擬具「發展觀光條例第二十七條及第五十五條條文修正草案」案。五、審查委員陳歐珀等18人擬具「發展觀光條例第二十九條條文修正草案」案。六、審查委員鄭運鵬等20人擬具「發展觀光條例第三十二條條文修正草案」案。七、審查委員林德福等21人擬具「發展觀光條例第三十八條條文修正草案」案。八、審查委員黃國書等19人擬具「發展觀光條例第三十八條條文修正草案」案。九、審查委員陳歐珀等18人擬具「發展觀光條例第五十三條條文修正草案」案。十、審查委員陳素月等16人擬具「發展觀光條例第六十五條條文修正草案」案。 （以上10案於詢答時合併進行）（10月11日及10月12日兩天一次會）,李昆澤;鄭寶清;陳歐珀;趙正宇;徐榛蔚;洪慈庸;黃國書;鍾佳濱;周春米;葉宜津;陳素月;林俊憲;陳雪生;李鴻鈞;林德福;鄭運鵬;王惠美;蕭美琴;徐永明;江啟臣;吳志揚;黃偉哲;孔文吉;馬文君;林麗蟬;李彥秀;邱志偉;陳明文;蔡易餘;劉世芳;蘇震清;張麗善;鍾孔炤;蔣萬安;黃昭順;羅明才;陳怡潔;盧秀燕;周陳秀霞;姚文智;鄭天財Sra．Kacaw;劉櫂豪,
106/10/11,群賢樓802會議室,程序委員會,無,第9屆第4會期程序委員會第4次會議, 審定本院第9屆第4會期第4次會議議事日程及  人民請願案,,
106/10/12,紅樓101會議室,經濟委員會,無,立法院第9屆第4會期經濟委員會第6次全體委員會議,邀請行政院農業委員會主任委員列席報告業務概況，並備質詢。,林岱樺;邱議瑩;黃偉哲;徐永明;陳明文;蕭美琴;管碧玲;孔文吉;張麗善;蘇震清;陳超明;高志鵬;邱志偉;王惠美;鍾佳濱;賴瑞隆;江啟臣;吳志揚;蘇巧慧;林靜儀;林俊憲;黃昭順;周陳秀霞;鍾孔炤;徐榛蔚;何欣純;馬文君;蘇治芬;蔣乃辛;高金素梅;羅明才;周春米;陳歐珀;陳雪生;呂玉玲;顏寬恒;李彥秀;陳怡潔;蔡易餘;陳學聖;鄭天財Sra．Kacaw;高潞．以用．巴魕剌Kawlo．Iyun．Pacidal;吳焜裕;陳其邁,
106/10/12,紅樓301會議室,外交及國防委員會,無,立法院第9屆第4會期外交及國防委員會第5次全體委員會議,邀請國軍退除役官兵輔導委員會主任委員李翔宙報告業務概況，並備質詢。,蔡適應;呂玉玲;劉世芳;江啟臣;王定宇;林昶佐;羅致政;馬文君;吳焜裕;莊瑞雄;許毓仁;呂孫綾;李彥秀;葉宜津;王育敏;鍾佳濱;徐榛蔚;鍾孔炤;陳明文;蕭美琴;孔文吉;費鴻泰;陳怡潔;黃昭順;張麗善;林麗蟬;徐永明;黃偉哲;林俊憲;邱志偉;何欣純;蔣乃辛;高金素梅;吳志揚;陳雪生;鄭天財Sra．Kacaw;顏寬恒;周陳秀霞,
106/10/12,群賢樓801會議室,社會福利及衛生環境委員會,無,立法院第9屆第4會期社會福利及衛生環境委員會第3次全體委員會議,一、繼續處理中華民國106年度中央政府總預算案有關行政院環境保護署預算凍結案計14案(含報告事項5案及討論事項9案)。二、繼續處理中華民國106年度中央政府總預算案有關勞動部預算凍結案(報告事項)計2案。三、審查行政院函請審議「長期照顧服務機構法人條例草案」案。,陳宜民;陳曼麗;邱泰源;蔣萬安;周陳秀霞;林靜儀;李彥秀;許淑華;黃秀芳;吳玉琴;楊曜;林德福;鄭天財Sra．Kacaw;王榮璋;江啟臣;呂玉玲;蕭美琴;劉建國;吳志揚;黃偉哲;黃昭順;何欣純;蔣乃辛;林麗蟬;徐榛蔚;邱志偉;林俊憲;高金素梅;羅明才;陳瑩;蔡易餘;陳賴素美;吳秉叡;鍾孔炤;張麗善;林淑芬,
106/10/12,紅樓302會議室,司法及法制委員會,無,立法院第9屆第4會期司法及法制委員會第5次全體委員會議,一、審查司法院、行政院函請審議「刑事訴訟法第二百五十三條、第二百八十四條之一及第三百七十六條條文修正草案」案。二、審查委員周春米等25人擬具「刑事訴訟法第三百七十六條條文修正草案」案。,吳志揚;葉宜津;李俊俋;蔡易餘;王育敏;鍾孔炤;呂玉玲;鍾佳濱;周春米;徐永明;尤美女;段宜康;蕭美琴;孔文吉;陳怡潔;鄭天財Sra．Kacaw;張麗善;馬文君;林麗蟬;徐榛蔚;邱志偉;林俊憲;何欣純;蔣乃辛;高金素梅;顏寬恒;周陳秀霞;林為洲;黃偉哲;陳明文;楊鎮浯,
106/10/12,紅樓201會議室,交通委員會,無,立法院第9屆第4會期交通委員會第4次全體委員會議,一、邀請交通部部長賀陳旦、內政部警政署署長就「高速公路交通事故、壅塞之分析與改善對策及開放550CC以上紅牌重型機車行駛高速公路」列席報告，並備質詢。二、邀請交通部部長賀陳旦、衛生福利部次長及內政部警政署署長就「身心障礙者專用停車位停車亂象」列席報告，並備質詢。（以上2案合併詢答）（10月11日及10月12日兩天一次會）,鄭寶清;李昆澤;葉宜津;洪慈庸;陳歐珀;周春米;黃國書;鍾佳濱;徐榛蔚;林俊憲;陳素月;陳雪生;李鴻鈞;鄭運鵬;張宏陸;蕭美琴;吳志揚;吳焜裕;呂玉玲;徐永明;孔文吉;陳明文;黃昭順;王榮璋;張麗善;林麗蟬;馬文君;邱志偉;何欣純;蔣乃辛;鍾孔炤;高金素梅;羅明才;黃偉哲;許毓仁;顏寬恒;蔡易餘;林為洲;李昆澤,
106/10/12,九樓大禮堂,財政委員會,無,立法院第9屆第4會期財政委員會第5次全體委員會議,一、審查行政院函請審議「金融科技創新實驗條例草案」案。二、審查本院委員曾銘宗等16人擬具「金融創新試驗條例草案」案。三、審查本院時代力量黨團擬具「金融科技發展與創新實驗條例草案」案。四、審查本院委員余宛如等18人擬具「金融科技創新實驗條例草案」案。(10月11日及10月12日兩天一次會),黃國昌;吳秉叡;林德福;賴士葆;盧秀燕;王榮璋;施義芳;羅明才;費鴻泰;江永昌;郭正亮;陳賴素美;余宛如;鄭天財Sra．Kacaw;曾銘宗;呂玉玲;張麗善;邱泰源;黃偉哲;吳志揚;何欣純;蔣乃辛;林麗蟬;徐榛蔚;邱志偉;林俊憲;高金素梅;鍾孔炤;許毓仁;蔡易餘;蕭美琴,
106/10/12,紅樓202會議室,內政委員會,無,立法院第9屆第4會期內政委員會第4次全體委員會議,邀請內政部部長葉俊榮就「都市更新程序正義修法之方向，檢討都市計畫公共設施保留地檢討變更作業原則及公共設施保留地解編作業」進行專題報告，並備質詢。,顏寬恒;洪宗熠;張宏陸;鄭天財Sra．Kacaw;葉宜津;吳琪銘;黃昭順;陳怡潔;林麗蟬;曾銘宗;賴瑞隆;劉世芳;鍾佳濱;蕭美琴;李彥秀;呂玉玲;林俊憲;吳玉琴;陳其邁;徐榛蔚;孔文吉;馬文君;張麗善;高潞．以用．巴魕剌Kawlo．Iyun．Pacidal;谷辣斯．尤達卡Kolas Yotaka;蔣乃辛;邱志偉;高金素梅;鍾孔炤;吳志揚;羅明才;陳雪生;周陳秀霞;蔡易餘;黃偉哲;何欣純;陳歐珀;陳明文;趙天麟;徐永明;姚文智,
106/10/12,群賢樓101會議室,教育及文化委員會,無,立法院第9屆第4會期教育及文化委員會第4次全體委員會議,邀請教育部部長列席報告業務概況，並備質詢。,蘇巧慧;吳思瑤;柯志恩;張廖萬堅;何欣純;李麗芬;高金素梅;鍾佳濱;蔣乃辛;陳學聖;陳亭妃;蕭美琴;鄭天財Sra．Kacaw;黃國書;吳玉琴;林岱樺;林麗蟬;孔文吉;林德福;李昆澤;吳志揚;張麗善;高潞．以用．巴魕剌Kawlo．Iyun．Pacidal;邱志偉;徐榛蔚;陳怡潔;黃昭順;吳焜裕;蔡易餘;盧秀燕;江啟臣;林俊憲;鍾孔炤;羅明才;陳明文;羅致政;周陳秀霞;陳賴素美;呂玉玲;王惠美;徐永明,
106/10/13,議場三樓會議室,朝野黨團協商,無,立法院黨團協商,一、研商「一事不二議議事處理原則」及「院會預算提案送件相關程序」等相關事宜。（國民黨黨團提議）二、研商處理「中華民國106年度中央政府總預算案附屬單位預算及綜計表-營業及非營業部分」案相關事宜。（民進黨黨團提議）,,
106/10/16,紅樓202會議室,內政委員會,無,立法院第9屆第4會期內政委員會第5次全體委員會議,審查行政院函請審議「社會團體法草案」案。(本次會議僅進行詢答。),曾銘宗;林麗蟬;洪宗熠;黃昭順;鄭天財Sra．Kacaw;張宏陸;趙天麟;谷辣斯．尤達卡Kolas Yotaka;賴瑞隆;陳其邁;姚文智;吳琪銘;李俊俋;陳曼麗;呂玉玲;吳玉琴;徐永明;林德福;蕭美琴;鍾佳濱;孔文吉;王惠美;高金素梅;吳焜裕;蘇震清;邱志偉;張麗善;陳明文;鄭運鵬;李彥秀;鍾孔炤;何欣純;蔣乃辛;徐榛蔚;蘇巧慧;陳賴素美;劉世芳;周陳秀霞;羅明才;林俊憲;黃偉哲;尤美女,
106/10/16,群賢樓801會議室,社會福利及衛生環境委員會,無,立法院第9屆第4會期社會福利及衛生環境委員會第4次全體委員會議,（10月16日） 一、邀請衛生福利部部長就「少子女化辦公室運作現況及政策目標達成進度」列席報告，並備質詢。 二、邀請衛生福利部部長、勞動部、國家發展委員會、教育部、財政部就「我國面臨少子女化危機及托育量能不足、育兒經濟支持措施不公、職場育兒環境不友善之因應策略及解決之道」列席報告，並備質詢。,陳宜民;吳玉琴;陳曼麗;林靜儀;邱泰源;黃秀芳;李彥秀;林德福;周陳秀霞;徐志榮;江啟臣;鍾佳濱;劉建國;王育敏;盧秀燕;鄭天財Sra．Kacaw;呂玉玲;蔣萬安;楊曜;陳瑩;鄭運鵬;李麗芬;張麗善;高金素梅;王惠美;黃昭順;蔣乃辛;何欣純;吳焜裕;邱志偉;徐榛蔚;鍾孔炤;李昆澤;蘇巧慧;陳賴素美;羅明才;姚文智;黃偉哲;蕭美琴;林為洲;林俊憲;葉宜津;洪慈庸;許淑華;林淑芬,
106/10/16,紅樓301會議室,外交及國防委員會,經濟委員會,立法院第9屆第4會期外交及國防、經濟委員會第1次聯席會議,審查行政院函請審議「中華民國與巴拉圭共和國經濟合作協定」案。,蔡適應;徐永明;林昶佐;江啟臣;劉世芳;黃偉哲;呂玉玲;孔文吉;蕭美琴;王惠美;許毓仁;莊瑞雄;吳焜裕;呂孫綾;馬文君;邱志偉;張麗善;蘇震清;林俊憲;鄭運鵬;林德福;黃昭順;鄭天財Sra．Kacaw;高金素梅;鍾孔炤;李彥秀;何欣純;蔣乃辛;徐榛蔚;周陳秀霞;陳賴素美;羅明才;陳明文,
106/10/16,九樓大禮堂,財政委員會,無,立法院第9屆第4會期財政委員會第6次全體委員會議,邀請財政部許部長虞哲就「行政院所提稅制改革是否造成劫貧濟富加大貧富差距」進行專題報告，並備質詢。,黃國昌;吳秉叡;林德福;盧秀燕;賴士葆;王榮璋;費鴻泰;郭正亮;施義芳;江永昌;陳賴素美;余宛如;許毓仁;曾銘宗;林昶佐;羅明才;鍾孔炤;黃偉哲;林俊憲;鄭運鵬;蕭美琴;高金素梅;黃昭順;王惠美;何欣純;邱志偉;蔣乃辛;徐榛蔚;鍾佳濱;周陳秀霞;呂玉玲,
106/10/16,紅樓202會議室,朝野黨團協商(內政委員會),無,立法院朝野黨團協商,行政院函請審議「租賃住宅市場發展條例草案」案。,,
106/10/16,紅樓101會議室,經濟委員會,無,立法院第9屆第4會期經濟委員會第7次全體委員會議,邀請經濟部部長、國家發展委員會主任委員針對活絡經濟發展、促進投資動能、興利便民之「加速投資台灣」專案現階段規劃政策執行方向、預計辦理期程及財經法規進行檢討、鬆綁管制等作為進行報告，並備質詢。,林岱樺;邱議瑩;黃偉哲;陳超明;徐永明;蕭美琴;孔文吉;高志鵬;管碧玲;張麗善;蘇治芬;陳明文;邱志偉;王惠美;蘇震清;劉世芳;林俊憲;鄭天財Sra．Kacaw;高金素梅;林德福;呂玉玲;鄭運鵬;陳曼麗;吳焜裕;徐榛蔚;何欣純;鍾孔炤;賴瑞隆;蘇巧慧;鍾佳濱;周春米;蔡培慧;陳賴素美;周陳秀霞;高潞．以用．巴魕剌Kawlo．Iyun．Pacidal;許毓仁;姚文智;羅明才;劉櫂豪;吳焜裕;賴瑞隆,
106/10/16,紅樓302會議室,司法及法制委員會,無,立法院第9屆第4會期司法及法制委員會 ,「立法院議事規則相關適用疑義之檢討」公聽會,,
106/10/16,群賢樓101會議室,教育及文化委員會,無,立法院第9屆第4會期教育及文化委員會第5次全體委員會議,邀請文化部部長列席報告業務概況，並備質詢。 （10月16、18及19日三天一次會）,張廖萬堅;柯志恩;吳思瑤;高金素梅;何欣純;蔣乃辛;李麗芬;蘇巧慧;陳學聖;蔡培慧;高潞．以用．巴魕剌Kawlo．Iyun．Pacidal;許智傑;陳亭妃;鍾佳濱;李昆澤;黃國書;孔文吉;江啟臣;呂玉玲;鄭天財Sra．Kacaw;邱志偉;蕭美琴;曾銘宗;黃昭順;林德福;王惠美;林俊憲;徐榛蔚;陳明文;鍾孔炤;賴瑞隆;谷辣斯．尤達卡Kolas Yotaka;陳賴素美;許毓仁;羅明才;姚文智;鄭運鵬,
106/10/16,紅樓201會議室,交通委員會,無,立法院第9屆第4會期交通委員會第5次全體委員會議, 邀請交通部部長賀陳旦就「交通部臺灣鐵路管理局10年新臺幣千億元購車計畫、臺鐵票務系統整合再造計畫及我國鐵道觀光執行現況」列席報告，並備質詢。（10月16日及18日二天一次會）,鄭寶清;李昆澤;趙正宇;林俊憲;陳歐珀;鄭運鵬;鍾佳濱;黃國書;洪慈庸;陳素月;徐榛蔚;周春米;李鴻鈞;蕭美琴;林麗蟬;鄭天財Sra．Kacaw;呂玉玲;鍾孔炤;黃昭順;盧秀燕;林德福;孔文吉;施義芳;王惠美;高金素梅;吳焜裕;賴瑞隆;谷辣斯．尤達卡Kolas Yotaka;張麗善;陳明文;李彥秀;黃偉哲;何欣純;蔣乃辛;蘇震清;姚文智;蘇巧慧;陳賴素美;劉世芳;周陳秀霞;邱志偉;羅明才,
106/10/17,紅樓201會議室,程序委員會,無,第9屆第4會期程序委員會第5次會議, 審定本院第9屆第4會期第5次會議議事日程及  人民請願案,,
106/10/18,紅樓301會議室,外交及國防委員會,無,立法院第9屆第4會期外交及國防委員會第6次全體委員會議,邀請外交部部長、僑務委員會副委員長、經濟部次長、教育部次長、科技部次長、交通部次長、衛生福利部次長、勞動部次長、行政院農業委員會副主任委員、國家發展委員會副主任委員、行政院經貿談判辦公室、中華民國對外貿易發展協會報告「新南向政策推動成果及願景」併請內政部次長、法務部次長、行政院公共工程委員會副主任委員列席，並備質詢(10月18及19日二天一次會〉,莊瑞雄;蔡適應;呂孫綾;林昶佐;江啟臣;吳焜裕;劉世芳;呂玉玲;馬文君;王定宇;鍾佳濱;許毓仁;高金素梅;葉宜津;鄭運鵬;吳思瑤;蘇巧慧;陳瑩;王惠美;王育敏;蔡易餘;黃偉哲;黃國書;徐永明;蕭美琴;林麗蟬;孔文吉;周春米;陳明文;張麗善;林俊憲;李彥秀;何欣純;鍾孔炤;蔣乃辛;吳志揚;羅明才;周陳秀霞;盧秀燕;谷辣斯．尤達卡Kolas Yotaka;鄭天財Sra．Kacaw;陳歐珀;尤美女;邱志偉;劉建國,
106/10/18,群賢樓801會議室,社會福利及衛生環境委員會,無,立法院第9屆第4會期社會福利及衛生環境委員會第4次全體委員會議,（10月18日）邀請行政院環境保護署署長及經濟部次長就「空氣污染防制法修法方向及修法時程」及「今年能否達成PM2.5年均值目標19.5微克及相關部會之具體作為及改善空氣品質措施」列席報告，並備質詢。,陳宜民;陳曼麗;李彥秀;黃秀芳;邱泰源;吳玉琴;鍾孔炤;許淑華;周陳秀霞;林為洲;張麗善;洪慈庸;吳焜裕;江啟臣;楊曜;陳瑩;蕭美琴;林靜儀;蔣萬安;劉世芳;盧秀燕;黃偉哲;高金素梅;蘇治芬;呂玉玲;何欣純;林俊憲;鍾佳濱;邱志偉;蔣乃辛;吳志揚;王惠美;羅明才;顏寬恒;賴瑞隆;林淑芬;陳歐珀;鄭天財Sra．Kacaw;劉建國;吳秉叡,
106/10/18,紅樓302會議室,司法及法制委員會,無,立法院第9屆第4會期司法及法制委員會第6次全體委員會議,邀請司法院秘書長、法務部部長列席就「如何有效防杜司法濫訴」進行專題報告，並備質詢。,吳志揚;葉宜津;王育敏;李俊俋;段宜康;鍾孔炤;周春米;尤美女;蔡易餘;林俊憲;黃國昌;蕭美琴;蘇巧慧;高金素梅;鄭運鵬;鄭天財Sra．Kacaw;徐永明;孔文吉;陳歐珀;劉世芳;張麗善;邱志偉;吳玉琴;李彥秀;呂玉玲;何欣純;蔣乃辛;陳明文;王惠美;羅明才;周陳秀霞;楊鎮浯;吳思瑤;黃偉哲;柯建銘;劉櫂豪;林為洲;吳玉琴;林為洲,
106/10/18,紅樓101會議室,經濟委員會,無,立法院第9屆第4會期經濟委員會第8次全體委員會議,一、邀請經濟部部長率台灣電力公司、台灣中油公司、台灣糖業公司、台灣自來水公司、中國鋼鐵公司、漢翔航空工業公司及台船公司董事長針對其公司治理與經營績效、產業定位及競爭力、環境保護與永續發展、員工福利與企業社會責任等面向進行報告，並備質詢。二、審查行政院函請審議「國營事業管理法第十六條、第二十一條之一及第二十一條之二條文修正草案」案。,林岱樺;徐永明;邱議瑩;黃偉哲;蕭美琴;孔文吉;張麗善;陳明文;蘇震清;蘇治芬;劉世芳;陳超明;王惠美;管碧玲;高志鵬;鄭天財Sra．Kacaw;趙天麟;鍾佳濱;蘇巧慧;陳歐珀;吳焜裕;高金素梅;陳曼麗;劉櫂豪;羅明才;林俊憲;蔡培慧;鄭運鵬;鍾孔炤;郭正亮;周春米;賴瑞隆;李彥秀;林德福;呂玉玲;蔣乃辛;高潞．以用．巴魕剌Kawlo．Iyun．Pacidal;陳雪生;何欣純;馬文君;江啟臣;周陳秀霞;陳賴素美;吳志揚;邱志偉;徐榛蔚,
106/10/18,紅樓202會議室,內政委員會,無,立法院第9屆第4會期內政委員會第6次全體委員會議,一、邀請客家委員會主任委員李永得率同所屬列席報告業務概況（含上會期臨時提案辦理情形），並備質詢。二、審查行政院函請審議「客家基本法修正草案」案。（第二案僅進行詢答）,顏寬恒;黃昭順;陳怡潔;張宏陸;鄭天財Sra．Kacaw;洪宗熠;林麗蟬;曾銘宗;陳其邁;賴瑞隆;谷辣斯．尤達卡Kolas Yotaka;吳琪銘;李昆澤;蕭美琴;吳志揚;黃偉哲;邱議瑩;陳歐珀;鍾孔炤;徐永明;江啟臣;趙天麟;姚文智;徐榛蔚;周春米;劉世芳;蘇震清;邱志偉;張麗善;李彥秀;呂玉玲;何欣純;林俊憲;蔣乃辛;羅明才;王惠美;陳雪生;馬文君;孔文吉;周陳秀霞;葉宜津;鍾佳濱;林為洲;高金素梅;劉櫂豪,
106/10/18,九樓大禮堂,財政委員會,無,立法院第9屆第4會期財政委員會第7次全體委員會議,邀請金融監督管理委員會顧主任委員立雄、財政部等就「建構國內金融機構資安聯防體系」進行專題報告，並備質詢。,黃國昌;吳秉叡;曾銘宗;盧秀燕;賴士葆;王榮璋;施義芳;陳賴素美;郭正亮;江永昌;羅明才;余宛如;費鴻泰;林德福;林岱樺;楊鎮浯;蕭美琴;江啟臣;林俊憲;許毓仁;陳歐珀;鍾佳濱;黃偉哲;高金素梅;張麗善;何欣純;邱志偉;劉世芳;鍾孔炤;蔣乃辛;呂玉玲;徐榛蔚;王惠美;顏寬恒;周陳秀霞;賴瑞隆;吳志揚;鄭天財Sra．Kacaw,
106/10/18,紅樓201會議室,交通委員會,無,立法院第9屆第4會期交通委員會第5次全體委員會議,一、邀請交通部部長賀陳旦、飛航安全調查委員會主任委員黃煌煇就「公共運輸事故調查執行現況、國家運輸安全調查委員會成立情形」列席報告，並備質詢。二、邀請交通部部長賀陳旦就「軌道技術研究暨驗證中心籌備進度及執行現況」列席報告，並備質詢。（以上2案合併詢答）（10月16日及18日二天一次會）,李昆澤;鄭寶清;趙正宇;洪慈庸;陳歐珀;林俊憲;鄭運鵬;鍾佳濱;黃國書;周春米;葉宜津;徐榛蔚;陳雪生;李鴻鈞;陳素月;蕭美琴;黃昭順;王惠美;徐永明;鍾孔炤;江啟臣;高金素梅;谷辣斯．尤達卡Kolas Yotaka;鄭天財Sra．Kacaw;陳其邁;張宏陸;孔文吉;林麗蟬;蘇震清;劉世芳;張麗善;邱志偉;李彥秀;何欣純;黃偉哲;呂玉玲;蔣乃辛;吳志揚;顏寬恒;施義芳;賴瑞隆;羅明才;吳焜裕;周陳秀霞;陳賴素美;劉櫂豪,
106/10/18,紅樓202會議室,朝野黨團協商(內政委員會),無,立法院朝野黨團協商,一、本院內政委員會報告審查委員趙天麟等17人擬具「殯葬管理條例第二十四條條文修正草案」案。二、本院內政委員會報告併案審查委員邱議瑩等17人擬具「殯葬管理條例部分條文修正草案」及委員趙天麟等16人擬具「殯葬管理條例部分條文修正草案」案。,,
106/10/18,群賢樓101會議室,教育及文化委員會,無,立法院第9屆第4會期教育及文化委員會第5次全體委員會議,邀請國立故宮博物院院長列席報告業務概況，並備質詢。 （10月16、18及19日三天一次會）,柯志恩;許智傑;蘇巧慧;吳思瑤;張廖萬堅;蔡培慧;何欣純;蔣乃辛;高潞．以用．巴魕剌Kawlo．Iyun．Pacidal;李麗芬;陳學聖;高金素梅;陳明文;黃國書;鄭天財Sra．Kacaw;鍾佳濱;蕭美琴;吳志揚;蔡易餘;黃偉哲;江啟臣;林俊憲;陳歐珀;張麗善;孔文吉;李彥秀;吳秉叡;鍾孔炤;劉世芳;邱志偉;徐榛蔚;呂玉玲;羅明才;王惠美;顏寬恒;周陳秀霞;陳賴素美;劉櫂豪;陳曼麗,
106/10/19,紅樓101會議室,經濟委員會,教育及文化委員會、社會福利及衛生環境委員會,立法院第9屆第4會期經濟、社會福利及衛生環境、教育及文化三委員會第1次聯席會議,一、審查行政院函請審議「外國專業人才延攬及僱用法草案」案。二、審查本院委員許毓仁等17人擬具「外國專業人才延攬及僱用法草案」案。,黃偉哲;林岱樺;徐永明;陳宜民;蘇巧慧;王惠美;蕭美琴;管碧玲;吳思瑤;楊曜;林麗蟬;柯志恩;陳明文;高志鵬;李彥秀;蔣乃辛;陳曼麗;蘇震清;吳玉琴;蘇治芬;黃秀芳;張麗善;何欣純;林靜儀;邱泰源;陳超明;許智傑;李麗芬;周陳秀霞;高金素梅;高潞．以用．巴魕剌Kawlo．Iyun．Pacidal;陳學聖;蔣萬安;葉宜津;王榮璋;張廖萬堅;鍾佳濱;鄭天財Sra．Kacaw;吳志揚;余宛如;邱志偉;黃昭順;劉世芳;馬文君;鍾孔炤;徐榛蔚;周春米;許毓仁;陳賴素美;賴瑞隆;顏寬恒;羅明才;陳亭妃;林德福;蔡易餘;林淑芬;劉建國;邱議瑩;呂玉玲;蔣萬安;王榮璋;鍾孔炤;林淑芬,
106/10/19,群賢樓801會議室,社會福利及衛生環境委員會,無,立法院第9屆第4會期社會福利及衛生環境委員會第5次全體委員會議,審查(一)本院委員蔣萬安等16人擬具「勞動基準法增訂第四十條之一條文草案」、(二)委員陳怡潔等17人擬具「勞動基準法增訂第四十條之一條文草案」、(三)委員林為洲等18人擬具「勞動基準法增訂第四十條之一條文草案」、(四)委員林靜儀等22人擬具「勞動基準法第四十條及增訂第四十條之一條文修正草案」、(五)委員李俊俋等22人擬具「勞動基準法第三十九條條文修正草案」、(六)委員鍾孔炤等35人擬具「勞動基準法增訂第四十條之一條文草案」等6案。,陳曼麗;楊曜;陳宜民;李彥秀;林靜儀;吳玉琴;黃秀芳;邱泰源;徐志榮;許淑華;蔣萬安;周陳秀霞;陳瑩;鄭天財Sra．Kacaw;張麗善;曾銘宗;劉建國;黃昭順;鍾佳濱;林淑芬;蕭美琴;林為洲;何欣純;吳志揚;王育敏;蔣乃辛;呂玉玲;陳賴素美;鍾孔炤;羅明才;徐榛蔚;王惠美;邱志偉;黃偉哲;吳焜裕,
106/10/19,九樓大禮堂,財政委員會,無,立法院第9屆第4會期財政委員會第8次全體委員會議,邀請金融監督管理委員會顧主任委員立雄、國家發展委員會陳主任委員美伶等就「金融業新南向政策成效與未來挑戰」進行專題報告，並備質詢。,黃國昌;吳秉叡;林德福;賴士葆;盧秀燕;王榮璋;郭正亮;施義芳;余宛如;江永昌;陳賴素美;羅明才;費鴻泰;曾銘宗;吳志揚;蕭美琴;呂玉玲;黃昭順;黃偉哲;鍾佳濱;高金素梅;何欣純;邱志偉;蔣乃辛;張麗善;鍾孔炤;許毓仁;周陳秀霞;王惠美,
106/10/19,紅樓302會議室,司法及法制委員會,無,立法院第9屆第4會期司法及法制委員會第7次全體委員會議,一、邀請法務部部長、國防部、財政部、內政部、外交部、國家安全局、行政院大陸委員會列席就「毒品防制策略與執行成效」暨「海關疑誤放毒品事件及清泉崗毒品查辦進度」進行專題報告，並備質詢。二、審查委員郭正亮等17人擬具「毒品危害防制條例第十一條條文修正草案」案。三、審查委員趙天麟等19人擬具「毒品危害防制條例第十一條條文修正草案」案。四、審查委員王育敏等17人擬具「毒品危害防制條例第十一條及第十一條之一條文修正草案」案。五、審查親民黨黨團擬具「毒品危害防制條例第四條及第十一條條文修正草案」案。,吳志揚;葉宜津;李俊俋;王育敏;柯建銘;鍾孔炤;林為洲;陳宜民;蔡易餘;楊鎮浯;尤美女;高潞．以用．巴魕剌Kawlo．Iyun．Pacidal;李彥秀;李麗芬;劉世芳;徐榛蔚;呂玉玲;邱志偉;蔣乃辛;何欣純;張麗善;蕭美琴;陳賴素美;賴瑞隆;顏寬恒;羅明才;周陳秀霞;王惠美;鍾佳濱;徐永明;黃偉哲;鄭天財Sra．Kacaw;段宜康,
106/10/19,紅樓202會議室,內政委員會,無,立法院第9屆第4會期內政委員會第7次全體委員會議,一、邀請內政部部長葉俊榮率同所屬列席報告業務概況 （含上會期臨時提案辦理情形），並備質詢。二、審查106年度中央政府總預算有關內政部及所屬預算繼續凍結項目報告案計5案。三、審查行政院函請審議「二二八事件處理及賠償條例第二條及第八條條文修正草案」案。四、審查委員廖國棟等17人擬具「二二八事件處理及賠償條例部分條文修正草案」案。五、審查行政院函請審議「警察消防海巡移民空勤人員及協勤民力安全基金設置管理條例部分條文修正草案」案。六、審查請願文書2案。,曾銘宗;張宏陸;林麗蟬;黃昭順;鄭天財Sra．Kacaw;洪宗熠;陳怡潔;賴瑞隆;顏寬恒;趙天麟;谷辣斯．尤達卡Kolas Yotaka;蕭美琴;吳琪銘;高志鵬;呂玉玲;徐永明;吳思瑤;姚文智;吳志揚;邱志偉;徐榛蔚;劉世芳;吳玉琴;李彥秀;馬文君;蔣乃辛;何欣純;尤美女;李麗芬;張麗善;陳賴素美;羅明才;高潞．以用．巴魕剌Kawlo．Iyun．Pacidal;周陳秀霞;王惠美;鍾孔炤;蔡易餘;黃偉哲;鍾佳濱;陳明文,
106/10/19,群賢樓101會議室,教育及文化委員會,無,立法院第9屆第4會期教育及文化委員會第5次全體委員會議,邀請文化部部長列席就「如何強化中央監督地方守護文化資產」進行專題報告，並備質詢。 （10月16、18及19日三天一次會）,吳思瑤;許智傑;柯志恩;張廖萬堅;蘇巧慧;蔣乃辛;高金素梅;何欣純;李麗芬;高潞．以用．巴魕剌Kawlo．Iyun．Pacidal;陳學聖;陳宜民;陳亭妃;吳志揚;蔡易餘;鍾佳濱;呂玉玲;鄭天財Sra．Kacaw;姚文智;李彥秀;劉世芳;王惠美;黃偉哲;邱泰源;張麗善;鍾孔炤;陳賴素美;許毓仁;羅明才;蕭美琴;周陳秀霞;林德福;邱志偉;黃昭順;徐榛蔚;賴瑞隆,
106/10/19,紅樓301會議室,外交及國防委員會,無,立法院第9屆第4會期外交及國防委員會第6次全體委員會議,一、審查行政院函請審議「陸海空軍軍官士官服役條例第一條、第十三條及第十九條條文修正草案」案。二、審查本院委員羅致政等16人擬具「陸海空軍軍官士官服役條例第一條條文修正草案」案。三、審查本院委員羅致政等16人擬具「陸海空軍軍官士官服役條例第六條條文修正草案」案。四、審查本院委員王定宇等22人擬具「陸海空軍軍官士官服役條例第六條條文修正草案」案。五、審查本院委員呂玉玲等16人擬具「陸海空軍軍官士官服役條例第六條條文修正草案」案。(本案如經復議，則不予審查）。〈10月18及19日二天一次會〉,呂玉玲;蔡適應;黃國昌;呂孫綾;王定宇;吳焜裕;劉世芳;馬文君;莊瑞雄;羅致政;許毓仁;葉宜津;鄭天財Sra．Kacaw;林昶佐;徐永明;黃偉哲;陳瑩;吳志揚;蕭美琴;徐榛蔚;李彥秀;邱志偉;鍾孔炤;蔣乃辛;何欣純;張麗善;陳賴素美;鍾佳濱;顏寬恒;羅明才;周陳秀霞;王惠美;蔡易餘;賴瑞隆,
106/10/20,群賢樓101會議室,經費稽核委員會,無,立法院第122屆經費稽核委員會第4次會議,一、選舉召集委員二、宣讀上次會議議事錄三、報告本院106年度預算執行情形(截至106年9月止),,
106/10/23,紅樓101會議室,經濟委員會,無,立法院第9屆第3會期經濟委員會第9次全體委員會議,審查107年度中央政府總預算案關於行政院農業委員會及所屬單位預算部分。(詢答),林岱樺;邱議瑩;黃偉哲;徐永明;陳明文;王惠美;蕭美琴;孔文吉;陳超明;蘇震清;邱志偉;管碧玲;張麗善;蘇治芬;鄭天財Sra．Kacaw;黃國昌;鍾佳濱;李彥秀;高志鵬;蔡培慧;江啟臣;吳志揚;洪宗熠;林德福;黃國書;周陳秀霞;黃昭順;李昆澤;呂玉玲;林俊憲;林為洲;陳曼麗;周春米;何欣純;吳焜裕;徐榛蔚;葉宜津;鍾孔炤;廖國棟Sufin．Siluko;蔣乃辛;高金素梅;呂孫綾;賴瑞隆;陳亭妃;陳賴素美;劉世芳;陳怡潔;高潞．以用．巴魕剌Kawlo．Iyun．Pacidal;谷辣斯．尤達卡Kolas Yotaka;羅明才;劉建國;陳歐珀;蔡易餘,
106/10/23,群賢樓801會議室,社會福利及衛生環境委員會,無,立法院第9屆第4會期社會福利及衛生環境委員會第6次全體委員會議,一、審查(一)本院委員洪宗熠等16人擬具「環境教育法第二十二條條文修正草案」、(二)委員何欣純等20人擬具「環境教育法第一條、第九條及第二十二條條文修正草案」、(三)委員林靜儀等19人擬具「環境教育法部分條文修正草案」等3案。二、	審查(一)本院委員黃秀芳等19人擬具「水污染防治法第三十二條及第五十三條條文修正草案」、(二)委員黃秀芳等22人擬具「水污染防治法部分條文修正草案」、(三)委員吳玉琴等21人擬具「水污染防治法第十一條及第四十四條條文修正草案」等3案。,陳宜民;李彥秀;吳玉琴;邱泰源;陳曼麗;徐志榮;蔣萬安;黃秀芳;周陳秀霞;林靜儀;許淑華;陳瑩;林俊憲;林淑芬;鄭天財Sra．Kacaw;吳志揚;林德福;吳焜裕;何欣純;徐榛蔚;蔣乃辛;楊曜;邱志偉;高金素梅;陳賴素美;高潞．以用．巴魕剌Kawlo．Iyun．Pacidal;羅明才;呂玉玲;黃偉哲;鍾孔炤;劉建國;李昆澤;吳秉叡,
106/10/23,紅樓301會議室,外交及國防委員會,無,立法院第9屆第4會期外交及國防委員會第7次全體委員會議,邀請國防部部長、財政部次長、金融監督管理委員會副主任委員報告「國軍獵雷艦執行進度」，併請第一商業銀行股份有限公司董事長列席，並備質詢。,江啟臣;蔡適應;王定宇;林昶佐;呂玉玲;馬文君;莊瑞雄;羅致政;劉世芳;許毓仁;呂孫綾;吳焜裕;黃國昌;鍾佳濱;吳志揚;陳怡潔;葉宜津;黃偉哲;林俊憲;陳明文;鄭天財Sra．Kacaw;黃昭順;徐永明;孔文吉;林德福;邱志偉;鍾孔炤;何欣純;張麗善;廖國棟Sufin．Siluko;徐榛蔚;蔣乃辛;高金素梅;賴瑞隆;陳賴素美;周陳秀霞;羅明才;管碧玲,
106/10/23,九樓大禮堂,財政委員會,無,立法院第9屆第4會期財政委員會第9次全體委員會議,一、邀請金融監督管理委員會顧主任委員立雄率所屬機關首長暨中央存款保險股份有限公司、監管相關機構有關之財團法人、臺灣證券交易所股份有限公司、臺灣期貨交易所股份有限公司、臺灣集中保管結算所股份有限公司等董事長、總經理列席業務報告，並備質詢。二、審查中華民國107年度中央政府總預算案有關金融監督管理委員會、銀行局、證券期貨局、保險局、檢查局部分。(10月23日、10月25日及10月26日三天一次會),黃國昌;吳秉叡;林德福;盧秀燕;賴士葆;余宛如;王榮璋;施義芳;費鴻泰;郭正亮;江永昌;陳賴素美;曾銘宗;李麗芬;呂玉玲;林俊憲;黃偉哲;鄭天財Sra．Kacaw;吳志揚;黃昭順;何欣純;徐榛蔚;蔣乃辛;邱志偉;鍾孔炤;許毓仁;李昆澤;高金素梅;周陳秀霞;羅明才,
106/10/23,紅樓201會議室,交通委員會,無,立法院第9屆第4會期交通委員會第6次全體委員會議,審查107年度中央政府總預算案關於交通部單位預算。(詢答)(三天一次會),鄭寶清;李昆澤;趙正宇;陳歐珀;林俊憲;陳雪生;鍾佳濱;洪慈庸;黃國書;周春米;陳素月;徐榛蔚;鄭運鵬;李鴻鈞;林麗蟬;葉宜津;蕭美琴;江啟臣;許毓仁;陳曼麗;鄭天財Sra．Kacaw;李彥秀;施義芳;徐永明;黃昭順;呂玉玲;孔文吉;吳志揚;邱志偉;張宏陸;林德福;賴瑞隆;陳明文;何欣純;鍾孔炤;張麗善;蔣乃辛;王惠美;顏寬恒;高金素梅;呂孫綾;黃偉哲;劉世芳;谷辣斯．尤達卡Kolas Yotaka;陳賴素美;周陳秀霞;羅明才;蔡易餘,
106/10/23,紅樓302會議室,司法及法制委員會,無,立法院第9屆第4會期司法及法制委員會第8次全體委員會議,一、審查107年度中央政府總預算案關於行政院人事行政總處及所屬主管收支部分。二、審查107年度中央政府總預算案附屬單位預算非營業部分關於行政院人事行政總處主管「中央公教人員急難救助基金」收支部分。,吳志揚;葉宜津;林為洲;王育敏;林岱樺;李俊俋;廖國棟Sufin．Siluko;鍾孔炤;鍾佳濱;陳怡潔;呂玉玲;尤美女;蔡易餘;鄭天財Sra．Kacaw;徐永明;賴瑞隆;楊鎮浯;孔文吉;林德福;陳明文;何欣純;張麗善;徐榛蔚;蔣乃辛;高金素梅;劉世芳;段宜康;陳賴素美;周陳秀霞;谷辣斯．尤達卡Kolas Yotaka;羅明才;黃偉哲;邱志偉;林俊憲;黃昭順,
106/10/23,紅樓202會議室,內政委員會,無,立法院第9屆第4會期內政委員會第8次全體委員會議,邀請客家委員會主任委員李永得針對一、客家委員會及所屬執行年度公務預算「浪漫臺三線」與「客家新南向政策」各項計畫預算執行率及補助各縣市經費狀況。二、前瞻基礎建設－城鄉建設106年至110年「浪漫臺三線」三期計畫之預算編列及地方政府提案、補助情形。進行專題報告，並備質詢。,曾銘宗;陳怡潔;林麗蟬;黃昭順;鄭天財Sra．Kacaw;張宏陸;洪宗熠;顏寬恒;吳琪銘;陳其邁;賴瑞隆;谷辣斯．尤達卡Kolas Yotaka;趙天麟;管碧玲;蕭美琴;陳歐珀;黃偉哲;李昆澤;葉宜津;陳明文;林俊憲;王惠美;呂玉玲;吳志揚;徐永明;鍾佳濱;孔文吉;李彥秀;林德福;周春米;邱志偉;何欣純;黃國書;張麗善;劉世芳;蔣乃辛;徐榛蔚;陳雪生;呂孫綾;高金素梅;鍾孔炤;陳賴素美;高潞．以用．巴魕剌Kawlo．Iyun．Pacidal;周陳秀霞;羅明才;姚文智,
106/10/23,群賢樓101會議室,教育及文化委員會,無,立法院第9屆第4會期教育及文化委員會第6次全體委員會議,邀請行政院原子能委員會主任委員列席報告業務概況，並備質詢。 （10月23日、25日及26日三天一次會）,蘇巧慧;柯志恩;陳亭妃;張廖萬堅;吳思瑤;何欣純;蔣乃辛;李麗芬;許智傑;高金素梅;蔡培慧;陳學聖;高潞．以用．巴魕剌Kawlo．Iyun．Pacidal;徐永明;江啟臣;林德福;黃國書;鍾佳濱;吳志揚;黃偉哲;孔文吉;李昆澤;李彥秀;陳明文;呂玉玲;黃昭順;林俊憲;鄭天財Sra．Kacaw;吳焜裕;徐榛蔚;邱志偉;呂孫綾;賴瑞隆;周陳秀霞;劉世芳;陳賴素美;羅明才,
106/10/24,群賢樓101會議室,朝野黨團協商(司法及法制委員會),無,立法院朝野黨團協商,併案協商(一)行政院函請審議「國家文化藝術基金會設置條例第三條、第五條及第八條條文修正草案」及(二)委員林昶佐等16人擬具「國家文化藝術基金會設置條例第三條及第八條條文修正草案」案。,,
106/10/24,紅樓201會議室,程序委員會,無,第9屆第4會期程序委員會第6次會議, 審定本院第9屆第4會期第6次會議議事日程及  人民請願案,鍾孔炤;高潞．以用．巴魕剌Kawlo．Iyun．Pacidal,
106/10/24,群賢樓502會議室,朝野黨團協商(經濟委員會),無,立法院朝野黨團協商,本院經濟、財政兩委員會報告併案審查行政院函請審議「產業創新條例部分條文修正草案」、委員陳超明等21人擬具「產業創新條例部分條文修正草案」、委員周春米等17人擬具「產業創新條例第四十六條之一及第四十九條條文修正草案」、委員許毓仁等16人擬具「產業創新條例第十一條條文修正草案」、委員余宛如等19人擬具「產業創新條例第三十一條條文修正草案」、時代力量黨團擬具「產業創新條例第十條、第十二條之一及第七十條條文修正草案」、委員蔣萬安等16人擬具「產業創新條例增訂第二十三條之一條文草案」、委員余宛如等25人擬具「產業創新條例部分條文修正草案」、委員賴瑞隆等17人擬具「產業創新條例增訂第九條之一條文草案」、委員郭正亮等17人擬具「產業創新條例第十條條文修正草案」、委員許毓仁等19人擬具「產業創新條例部分條文修正草案」、委員鄭天財Sra Kacaw等17人擬具「產業創新條例部分條文修正草案」、委員郭正亮等19人擬具「產業創新條例第十二條之二及第十九條之一條文修正草案」、委員蔣萬安等16人擬具「產業創新條例增訂第二十三條之一條文草案」及委員余宛如等30人擬具「產業創新條例第二十七條條文修正草案」案。,,
106/10/24,群賢樓802會議室,朝野黨團協商(內政委員會),無,立法院朝野黨團協商,本院內政、司法及法制兩委員會報告併案審查行政院函請審議、委員葉宜津等24人、委員黃偉哲等18人、委員陳亭妃等21人、委員高志鵬等22人、國民黨黨團、親民黨黨團、委員尤美女等40人及委員李俊俋等23人分別擬具「政黨法草案」案及本院委員陳其邁、張宏陸、賴瑞隆等分別擬具「政黨法草案」案。,,
106/10/25,紅樓302會議室,司法及法制委員會,無,立法院第9屆第4會期司法及法制委員會第9次全體委員會議（兩天一次會）,一、併案審查委員段宜康等18人及委員蔡易餘等16人分別擬具「刑事訴訟法部分條文修正草案」案。【本案如經院會復議，則不予審查。】,吳志揚;段宜康;葉宜津;柯建銘;鍾孔炤;李俊俋;蔡易餘;尤美女;呂玉玲;林俊憲;黃國昌;黃偉哲;陳怡潔;徐永明;鄭天財Sra．Kacaw;劉世芳;周春米;邱志偉;楊鎮浯;徐榛蔚;蔣萬安;許毓仁;蕭美琴;陳賴素美;鍾佳濱;劉櫂豪;張麗善,
106/10/25,紅樓301會議室,外交及國防委員會,無,立法院第9屆第4會期外交及國防委員會第8次全體委員會議,一、邀請國防部部長馮世寬報告「106年台美國防工業會議成效」，併請經濟部次長、科技部次長列席，並備質詢。二、處理院會交付國防部106年度中央政府總預算決議凍結案等6案。,莊瑞雄;蔡適應;林昶佐;羅致政;江啟臣;馬文君;劉世芳;王定宇;呂玉玲;許毓仁;吳焜裕;呂孫綾;鍾佳濱;吳志揚;葉宜津;林俊憲;黃偉哲;徐永明;陳怡潔;賴瑞隆;鄭天財Sra．Kacaw;邱志偉;鍾孔炤;張麗善;徐榛蔚;蔣萬安;蕭美琴;陳賴素美;羅明才,
106/10/25,紅樓201會議室,交通委員會,無,立法院第9屆第4會期交通委員會第6次全體委員會議,一、審查107年度中央政府總預算案關於交通部民用航空局單位預算。二、審查107年度中央政府總預算案附屬單位預算非營業部分關於交通部主管交通作業基金－民航事業作業基金分預算。(以上2案合併詢答)(三天一次會),李昆澤;鄭寶清;趙正宇;洪慈庸;陳歐珀;林俊憲;陳雪生;鍾佳濱;黃國書;葉宜津;陳素月;徐榛蔚;鄭運鵬;李鴻鈞;周春米;王榮璋;蕭美琴;黃偉哲;孔文吉;吳志揚;林德福;江啟臣;徐永明;呂玉玲;鄭天財Sra．Kacaw;張宏陸;黃昭順;劉世芳;邱志偉;鍾孔炤;張麗善;蔣萬安;許毓仁;賴瑞隆;姚文智;陳賴素美;羅明才;劉櫂豪,
106/10/25,紅樓202會議室,內政委員會,無,立法院第9屆第4會期內政委員會第9次全體委員會議,一、繼續審查本院親民黨黨團擬具「槍砲彈藥刀械管制條例第二十條及第二十條之二條文修正草案」案。二、繼續審查本院委員孔文吉等23人擬具「槍砲彈藥刀械管制條例第四條及第二十條條文修正草案」案。三、繼續審查本院委員陳瑩等16人擬具「槍砲彈藥刀械管制條例部分條文修正草案」案四、繼續審查本院委員鄭天財SraKacaw等18人擬具「槍砲彈藥刀械管制條例第四條、第六條之一及第二十條條文修正草案」案。五、繼續審查本院委員簡東明、曾銘宗等17人擬具「槍砲彈藥刀械管制條例第五條之二及第二十條條文修正草案」案。(上下午一次會),,
106/10/25,群賢樓801會議室,社會福利及衛生環境委員會,無,立法院第9屆第4會期社會福利及衛生環境委員會第7次全體委員會議,繼續審查行政院函請審議「長期照顧服務機構法人條例草案」案,,
106/10/25,紅樓202會議室,內政委員會,無,立法院第9屆第4會期內政委員會第9次全體委員會議,一、邀請行政院大陸委員會主任委員張小月、財團法人海峽交流基金會董事長田弘茂率同所屬列席報告業務概況 （含上會期臨時提案辦理情形），並備質詢。二、處理106年度中央政府總預算有關行政院大陸委員會預算凍結書面報告案計44案(含報告事項19案)。(上下午一次會),曾銘宗;賴瑞隆;陳怡潔;黃昭順;張宏陸;洪宗熠;鄭天財Sra．Kacaw;林麗蟬;吳琪銘;姚文智;趙天麟;谷辣斯．尤達卡Kolas Yotaka;陳其邁;黃偉哲;江啟臣;鍾佳濱;陳歐珀;孔文吉;吳志揚;徐永明;呂玉玲;林德福;劉世芳;邱志偉;鍾孔炤;張麗善;徐榛蔚;蔣萬安;蕭美琴;陳雪生;陳賴素美;羅明才;林俊憲;葉宜津;顏寬恒,
106/10/25,群賢樓101會議室,教育及文化委員會,無,立法院第9屆第4會期教育及文化委員會第6次全體委員會議,一、審查行政院函請審議「偏遠地區學校教育發展條例草案」案。二、繼續審查委員林岱樺等20人擬具「偏鄉教育法草案」案。三、繼續審查委員黃國書等19人擬具「偏鄉教育條例草案」案。四、審查委員蘇巧慧等31人擬具「偏遠地區教育條例草案」案。五、審查委員吳思瑤等21人擬具「偏遠地區學校教育發展條例草案」案。六、審查委員蔡培慧等23人擬具「偏遠地區教育發展條例草案」案。七、審查委員張廖萬堅等17人擬具「偏遠地區學校教育發展條例草案」案。八、審查委員李麗芬等24人擬具「偏遠地區學校教育發展條例草案」案。九、審查委員柯志恩等20人擬具「偏遠地區學校教育發展條例草案」案。十、審查委員鍾佳濱等18人擬具「偏遠地區學校教育振興條例草案」案。十一、審查委員何欣純等18人擬具「偏遠地區學校教育發展條例草案」案。十二、審查委員蔣乃辛等19人擬具「偏遠地區學校教育法草案」案（本案如經院會復議，則不予審查）。（不詢答，繼續審查） （10月23日、25日及26日三天一次會）,,
106/10/25,紅樓201會議室,朝野黨團協商(內政委員會),無,立法院朝野黨團協商,本院內政委員會報告併案審查委員邱議瑩等17人擬具「殯葬管理條例部分條文修正草案」及委員趙天麟等16人擬具「殯葬管理條例部分條文修正草案」案。,,
106/10/25,九樓大禮堂,財政委員會,無,立法院第9屆第4會期財政委員會第9次全體委員會議,一、邀請中央銀行彭總裁淮南率所屬單位主管暨財金資訊股份有限公司董事長列席業務報告，並備質詢。二、審查中華民國107年度中央政府總預算案附屬單位預算營業部分有關中央銀行（含中央造幣廠、中央印製廠）。(10月23日、10月25日及10月26日三天一次會),吳秉叡;賴士葆;盧秀燕;林德福;黃國昌;余宛如;施義芳;郭正亮;江永昌;李昆澤;費鴻泰;陳賴素美;羅明才;曾銘宗;王榮璋;林俊憲;吳志揚;呂玉玲;王定宇;邱志偉;張麗善;劉世芳;黃偉哲;徐榛蔚;鍾孔炤;蕭美琴,
106/10/25,紅樓101會議室,經濟委員會,無,立法院第9屆第4會期經濟委員會第10次全體委員會議,審查107年度中央政府總預算案關於公平交易委員會單位預算及附屬單位預算非營業部分關於公平交易委員會主管：反托拉斯基金。(詢答)(10月25日及26日二天一次會),林岱樺;黃偉哲;徐永明;孔文吉;蘇震清;蕭美琴;管碧玲;邱志偉;張麗善;黃昭順;賴瑞隆;陳歐珀;鍾佳濱;吳志揚;鄭運鵬;林俊憲;李昆澤;鄭天財Sra．Kacaw;呂玉玲;林德福;陳曼麗;鍾孔炤;徐榛蔚;劉世芳;蔣萬安;許毓仁;吳焜裕;高潞．以用．巴魕剌Kawlo．Iyun．Pacidal;陳賴素美;羅明才;邱議瑩,
106/10/26,紅樓301會議室,外交及國防委員會,無,立法院第9屆第4會期外交及國防委員會第9次全體委員會議（變更議程）,邀請國家安全局局長、外交部次長、行政院大陸委員會副主任委員、經濟部次長報告「中共19大後對台之影響與評估」，並備質詢。,羅致政;蔡適應;馬文君;林昶佐;吳焜裕;劉世芳;江啟臣;許毓仁;王定宇;莊瑞雄;葉宜津;呂玉玲;楊鎮浯;鍾佳濱;黃昭順;陳明文;邱志偉;蔣乃辛;徐榛蔚;何欣純;周陳秀霞;賴瑞隆;鍾孔炤;蔡易餘;吳志揚;王惠美;羅明才;陳怡潔,
106/10/26,紅樓302會議室,司法及法制委員會,無,立法院第9屆第4會期司法及法制委員會第9次全體委員會議（兩天一次會）,二、處理106年度中央政府總預算關於監察院主管預算凍結項目共10案。三、審查107年度中央政府總預算案關於監察院主管（不含審計部及所屬）收支部分。（10月25日及26日二天一次會）,吳志揚;葉宜津;李俊俋;柯建銘;王育敏;鍾孔炤;蔡易餘;林為洲;黃昭順;劉櫂豪;段宜康;邱志偉;蔣乃辛;徐榛蔚;何欣純;賴瑞隆;劉世芳;陳怡潔;陳明文;尤美女;楊鎮浯;徐永明,
106/10/26,九樓大禮堂,教育及文化委員會,無,立法院第9屆第4會期教育及文化委員會第6次全體委員會議,一、審查107年度中央政府總預算案有關教育部及所屬單位預算案。二、審查107年度教育部主管50所國立大學校院校務基金、國立臺灣大學附設醫院作業基金、國立成功大學附設醫院作業基金、國立陽明大學附設醫院作業基金、國立社教機構作業基金、國立高級中等學校校務基金、學產基金、運動發展基金、大專校院轉型及退場基金。三、審查107年度行政法人國家運動訓練中心預算案。（僅進行詢答；相關提案請於11月2日下午5時前提出） （10月23日、25日及26日三天一次會）,蘇巧慧;許智傑;柯志恩;蔡培慧;吳思瑤;陳亭妃;張廖萬堅;蔣乃辛;何欣純;高金素梅;李麗芬;陳學聖;林德福;吳焜裕;曾銘宗;黃國書;鄭天財Sra．Kacaw;黃昭順;吳志揚;蕭美琴;江啟臣;鍾孔炤;賴瑞隆;劉世芳;邱志偉;陳賴素美;李昆澤;高潞．以用．巴魕剌Kawlo．Iyun．Pacidal;羅明才,
106/10/26,紅樓202會議室,內政委員會,無,立法院第9屆第4期內政委員會第10次全體委員會議,一、邀請行政院海岸巡防署署長李仲威率同所屬列席報告業務概況，並備質詢。 二、審查中央選舉委員會函，為106年度中央政府總預算決議，「選舉業務」項下「選務策進」繼續凍結30萬元，檢送選舉業務費解凍書面報告，請查照案。,曾銘宗;洪宗熠;顏寬恒;陳怡潔;黃昭順;鄭天財Sra．Kacaw;張宏陸;吳琪銘;賴瑞隆;谷辣斯．尤達卡Kolas Yotaka;趙天麟;吳志揚;林德福;陳其邁;劉世芳;邱志偉;江啟臣;蔣乃辛;徐榛蔚;姚文智;蕭美琴;鍾孔炤;蔡易餘;陳賴素美;林麗蟬;陳明文;何欣純;羅明才,
106/10/26,紅樓101會議室,經濟委員會,無,立法院第9屆第4會期經濟委員會第10次全體委員會議,審查107年度中央政府總預算案關於公平交易委員會單位預算及附屬單位預算非營業部分關於公平交易委員會主管：反托拉斯基金。(處理)(10月25日及26日二天一次會),,
106/10/26,群賢樓101會議室,財政委員會,無,立法院第9屆第4會期財政委員會第9次全體委員會議,審查中華民國107年度中央政府總預算案有關主計總處。審計部、審計部臺北市審計處、審計部新北市審計處、審計部桃園市審計處、審計部臺中市審計處、審計部臺南市審計處、審計部高雄市審計處部分。(10月23日、10月25日及10月26日三天一次會),吳秉叡;黃國昌;林德福;賴士葆;盧秀燕;王榮璋;施義芳;余宛如;郭正亮;費鴻泰;陳賴素美;陳亭妃;曾銘宗;羅明才;江永昌;吳志揚;陳怡潔;黃昭順;黃國書;劉世芳;邱志偉;蔣乃辛;何欣純;江啟臣;高金素梅;李麗芬;鍾孔炤;蕭美琴;賴瑞隆;李昆澤;鄭天財Sra．Kacaw,
106/10/26,紅樓201會議室,交通委員會,無,立法院第9屆第4會期交通委員會第6次全體委員會議,一、審查107年度中央政府總預算案關於交通部單位預算。二、審查107年度中央政府總預算案關於交通部民用航空局單位預算。三、審查107年度中央政府總預算案附屬單位預算非營業部分關於交通部主管交通作業基金－民航事業作業基金分預算。(以上3案進行處理)(三天一次會),,
106/10/26,群賢樓801會議室,社會福利及衛生環境委員會,無,立法院第9屆第4會期社會福利及衛生環境委員會第7次全體委員會議,審查中華民國107年度中央政府總預算案有關衛生福利部主管預算（公務預算及基金)案。（預算詢答),陳宜民;陳曼麗;楊曜;吳玉琴;邱泰源;林靜儀;黃秀芳;周陳秀霞;許淑華;蔣萬安;徐志榮;王榮璋;林麗蟬;陳瑩;吳焜裕;王惠美;李麗芬;吳志揚;黃昭順;劉世芳;江啟臣;徐榛蔚;邱志偉;何欣純;鍾佳濱;洪慈庸;蕭美琴;賴瑞隆;吳秉叡;陳賴素美;趙天麟;李昆澤;林淑芬;鄭天財Sra．Kacaw;鍾孔炤;羅明才;劉建國,
106/10/30,議場三樓會議室,朝野黨團協商,無,立法院黨團協商,一、研商「產業創新條例部分條文修正草案」案相關事宜。（民進黨黨團提議）二、繼續研商處理「中華民國106年度中央政府總預算案附屬單位預算及綜計表-營業及非營業部分」案相關事宜。,,
106/10/30,紅樓202會議室,內政委員會,無,立法院第9屆第4會期內政委員會第11次全體委員會議,一、審查107年度中央政府總預算案關於省市地方政府（臺灣省政府、臺灣省諮議會、福建省政府）主管收支部分。二、審查107年度中央政府總預算案關於不當黨產處理委員會收支部分。三、審查臺灣省政府「補、捐（獎）助其他政府機關、團體或個人經費報告表」共3案。四、審查臺灣省諮議會「辦理政策宣導相關之廣告彙整表」共3案。五、審查福建省政府「補、捐（獎）助其他政府機關、團體或個人經費報告表」共3案。(本次會議，委員如有相關提案請於10月27日中午12時前送至內政委員會，並將電子檔傳至lyic5502@gmail.com，俾利彙整。),曾銘宗;張宏陸;鄭天財Sra．Kacaw;洪宗熠;林麗蟬;黃昭順;陳怡潔;賴瑞隆;陳其邁;顏寬恒;葉宜津;李昆澤;陳歐珀;林俊憲;鄭運鵬;黃偉哲;徐永明;鍾孔炤;吳志揚;林德福;羅明才;鍾佳濱;王惠美;孔文吉;張麗善;李彥秀;邱志偉;陳明文;何欣純;呂玉玲;高金素梅;蕭美琴;周陳秀霞;陳賴素美;蔡易餘;吳琪銘;趙天麟;姚文智,
106/10/30,九樓大禮堂,財政委員會,社會福利及衛生環境委員會,立法院第9屆第4會期財政、社會福利及衛生環境委員會第1次聯席會議,一、審查行政院函請審議「使用牌照稅法部分條文修正草案」案。二、審查本院親民黨黨團擬具「使用牌照稅法第六條條文修正草案」案。三、審查本院委員盧秀燕等17人、王育敏等17人等分別擬具「使用牌照稅法第五條條文修正草案」案計2案。,盧秀燕;賴士葆;林德福;施義芳;羅明才;吳秉叡;陳宜民;黃國昌;郭正亮;陳曼麗;陳賴素美;李昆澤;曾銘宗;邱泰源;費鴻泰;江永昌;周陳秀霞;蔣萬安;王榮璋;吳志揚;吳玉琴;趙天麟;李彥秀;陳歐珀;林俊憲;鄭天財Sra．Kacaw;鄭運鵬;鍾孔炤;王惠美;何欣純;張麗善;邱志偉;呂玉玲;高金素梅;蔡易餘;黃偉哲;劉建國,
106/10/30,群賢樓801會議室,社會福利及衛生環境委員會,無,立法院第9屆第4會期社會福利及衛生環境委員會第8次全體委員會議,邀請衛生福利部部長就「『分級醫療』實施後之成效檢討與未來擬強化之措施及達成之目標」列席報告，並備質詢。,吳玉琴;陳宜民;李彥秀;邱泰源;徐志榮;許淑華;林淑芬;蔣萬安;周陳秀霞;陳曼麗;黃秀芳;陳瑩;鍾佳濱;吳焜裕;楊曜;鄭天財Sra．Kacaw;陳歐珀;林俊憲;鄭運鵬;吳志揚;羅明才;黃偉哲;何欣純;張麗善;邱志偉;呂玉玲;高金素梅;陳賴素美;蔡易餘;林德福;李昆澤;鍾孔炤;王惠美;劉建國,
106/10/30,紅樓302會議室,司法及法制委員會,無,立法院第9屆第4會期司法及法制委員會第10次全體委員會議,邀請法務部部長率所屬單位主管列席報告業務概況及立法計畫，並備質詢。,柯建銘;吳志揚;葉宜津;段宜康;鍾孔炤;王育敏;李俊俋;蔡易餘;劉櫂豪;林俊憲;尤美女;黃偉哲;鄭天財Sra．Kacaw;黃國昌;楊鎮浯;林為洲;周春米;賴瑞隆;許毓仁;鍾佳濱;孔文吉;陳明文;張麗善;邱志偉;何欣純;呂玉玲;陳怡潔;高金素梅;徐永明;顏寬恒;周陳秀霞;陳賴素美;鄭運鵬;陳歐珀;羅明才;王惠美;林德福,
106/10/30,紅樓101會議室,經濟委員會,無,立法院第9屆第4會期經濟委員會第11次全體委員會議,審查107年度中央政府總預算案關於國家發展委員會及所屬單位預算部分。(詢答)(10月30日、11月1日、11月2日三天一次會),邱議瑩;黃偉哲;徐永明;林岱樺;高志鵬;王惠美;孔文吉;蘇震清;管碧玲;陳明文;邱志偉;張麗善;陳超明;蘇治芬;蕭美琴;鍾佳濱;羅明才;吳思瑤;吳志揚;葉宜津;林德福;李昆澤;陳曼麗;陳歐珀;鄭天財Sra．Kacaw;林俊憲;鄭運鵬;何欣純;李彥秀;鍾孔炤;呂玉玲;黃昭順;陳怡潔;高金素梅;顏寬恒;賴瑞隆;陳雪生;蔡易餘;陳賴素美;周陳秀霞;趙天麟;吳焜裕,
106/10/30,群賢樓101會議室,教育及文化委員會,無,立法院第9屆第4會期教育及文化委員會第7次全體委員會議,邀請科技部部長列席報告業務概況，並備質詢。（10月30日、11月1日及2日三天一次會）,柯志恩;蘇巧慧;張廖萬堅;陳亭妃;李麗芬;何欣純;蔡培慧;高金素梅;吳思瑤;鍾佳濱;陳學聖;高潞．以用．巴魕剌Kawlo．Iyun．Pacidal;許智傑;許毓仁;黃國書;邱志偉;林俊憲;吳志揚;鍾孔炤;李昆澤;黃偉哲;林德福;陳歐珀;鄭天財Sra．Kacaw;孔文吉;王惠美;邱泰源;陳賴素美;張麗善;李彥秀;陳明文;呂玉玲;陳怡潔;周陳秀霞;蔡易餘;鄭運鵬;羅明才;陳雪生;吳焜裕;趙天麟,
106/10/30,紅樓201會議室,交通委員會,無,立法院第9屆第4會期交通委員會第7次全體委員會議,審查107年度中央政府總預算案關於交通部公路總局及所屬單位預算。(詢答)(10月30日、11月1日及2日三天一次會),鄭寶清;李昆澤;洪慈庸;趙正宇;陳歐珀;林俊憲;鄭運鵬;鍾佳濱;周春米;黃國書;陳素月;李鴻鈞;陳雪生;葉宜津;鄭天財Sra．Kacaw;蕭美琴;張宏陸;吳志揚;徐永明;林德福;鍾孔炤;羅明才;孔文吉;王惠美;李彥秀;張麗善;邱志偉;陳明文;何欣純;呂玉玲;黃昭順;陳怡潔;高金素梅;賴瑞隆;黃偉哲;顏寬恒;周陳秀霞;陳賴素美;蔡易餘;劉櫂豪;鍾孔炤;蔡易餘,
106/10/31,紅樓201會議室,程序委員會,無,第9屆第4會期程序委員會第7次會議, 審定本院第9屆第4會期第7次會議議事日程及  人民請願案,鍾孔炤,
106/10/31,議場三樓會議室,朝野黨團協商,無,立法院黨團協商,一、研商「產業創新條例部分條文修正草案」案相關事宜。（民進黨黨團提議）二、繼續研商處理「中華民國106年度中央政府總預算案附屬單位預算及綜計表-營業及非營業部分」案相關事宜。,,
106/11/01,紅樓201會議室,交通委員會,無,立法院第9屆第4會期交通委員會第7次全體委員會議,審查107年度中央政府總預算案關於交通部公路總局及所屬單位預算。(進行處理)(10月30日、11月1日及2日三天一次會),,
106/11/01,紅樓101會議室,經濟委員會,無,立法院第9屆第4會期經濟委員會第11次全體委員會議,審查107年度中央政府總預算案關於經濟部及所屬單位預算部分。(詢答)(10月30日、11月1日、11月2日三天一次會),徐永明;黃偉哲;蕭美琴;林岱樺;管碧玲;蘇震清;陳明文;邱志偉;孔文吉;蘇治芬;張麗善;王惠美;黃國昌;江啟臣;鄭天財Sra．Kacaw;陳怡潔;林德福;劉櫂豪;吳思瑤;何欣純;廖國棟Sufin．Siluko;鍾孔炤;呂玉玲;陳賴素美;劉世芳;陳亭妃;羅明才;蔣乃辛;黃昭順;蔡易餘;高志鵬,
106/11/01,紅樓202會議室,內政委員會,無,立法院第9屆第4會期內政委員會第12次全體委員會議,一、審查107年度中央政府總預算案關於內政部警政署及所屬、中央警察大學、消防署及所屬、役政署、移民署、空中勤務總隊收支部分。二、審查107年度中央政府總預算案（含附屬單位預算及綜計表─非營業部分）關於內政部主管「新住民發展基金」、「研發及產業訓儲替代役基金」、「警察消防海巡移民空勤人員及協勤民力安全基金」收支部分。三、審查107年度中央政府總預算案（含附屬單位預算及綜計表─非營業部分）關於內政部主管「在校學生獎學基金」、「劉存恕先生警察子女獎學基金」、「萬善培先生獎學基金」、「誠園獎學基金」、「劉竹琛先生警察子女獎學基金」收支部分。四、審查107年度財團法人預算案關於內政部函送「臺灣省義勇人員安全濟助基金會」、「義勇消防人員安全濟助基金會」預算書案。(二、本次會議，委員如有相關提案請於10月30日下午6時前送至內政委員會，並將電子檔傳至lyic5502@gmail.com，俾利彙整。),曾銘宗;林麗蟬;張宏陸;陳怡潔;黃昭順;鄭天財Sra．Kacaw;洪宗熠;姚文智;吳琪銘;賴瑞隆;陳其邁;徐永明;林德福;黃偉哲;趙天麟;李麗芬;劉櫂豪;江啟臣;蕭美琴;廖國棟Sufin．Siluko;陳明文;劉世芳;黃國書;何欣純;鍾孔炤;呂玉玲;陳賴素美;邱志偉;張麗善;呂孫綾;羅明才;蔡易餘;尤美女;陳學聖;葉宜津,
106/11/01,九樓大禮堂,財政委員會,無,立法院第9屆第4會期財政委員會第10次全體委員會議,一、審查本院委員黃偉哲等39人擬具「記帳士法修正草案」案。二、審查本院委員盧秀燕、郭正亮等17人擬具「不動產證券化條例第四十六條之一條文修正草案」案。,黃國昌;林德福;盧秀燕;吳秉叡;賴士葆;王榮璋;林岱樺;郭正亮;余宛如;陳賴素美;江永昌;羅明才;費鴻泰;鄭寶清;王惠美;曾銘宗;鄭天財Sra．Kacaw;黃偉哲;施義芳;王定宇;廖國棟Sufin．Siluko;李昆澤;何欣純;鍾孔炤;呂玉玲;劉世芳;張麗善;陳亭妃;黃昭順;蔡適應;陳學聖;李彥秀,
106/11/01,紅樓302會議室,司法及法制委員會,無,立法院第9屆第4會期司法及法制委員會,「檢討非行少年處遇服務之困境與修法展望」公聽會,,
106/11/01,群賢樓101會議室,教育及文化委員會,無,立法院第9屆第4會期教育及文化委員會第7次全體委員會議,一、繼續審查行政院函請審議「偏遠地區學校教育發展條例草案」案。二、繼續審查委員林岱樺等20人擬具「偏鄉教育法草案」案。三、繼續審查委員黃國書等19人擬具「偏鄉教育條例草案」案。四、繼續審查委員蘇巧慧等31人擬具「偏遠地區教育條例草案」案。五、繼續審查委員吳思瑤等21人擬具「偏遠地區學校教育發展條例草案」案。六、繼續審查委員蔡培慧等23人擬具「偏遠地區教育發展條例草案」案。七、繼續審查委員張廖萬堅等17人擬具「偏遠地區學校教育發展條例草案」案。八、繼續審查委員李麗芬等24人擬具「偏遠地區學校教育發展條例草案」案。九、繼續審查委員柯志恩等20人擬具「偏遠地區學校教育發展條例草案」案。十、繼續審查委員鍾佳濱等18人擬具「偏遠地區學校教育振興條例草案」案。十一、繼續審查委員何欣純等18人擬具「偏遠地區學校教育發展條例草案」案。十二、繼續審查委員蔣乃辛等19人擬具「偏遠地區學校教育法草案」案。（10月30日、11月1日及2日三天一次會）,,
106/11/01,紅樓301會議室,外交及國防委員會,無,立法院第9屆第4會期外交及國防委員會第10次全體委員會議【報告秘密，詢答（先秘密、後公開）】,一、邀請國家安全局局長彭勝竹率相關情報機關首長提出「國家情報工作暨國家安全局業務報告」，並備質詢。二、審查107年度中央政府總預算案關於國家安全局收支機密及公開部分。（報告及詢答）三、處理院會交付國家安全局106年度中央政府總預算決議凍結案等5案。,莊瑞雄;林昶佐;吳焜裕;劉世芳;蔡適應;羅致政;江啟臣;林昶佐;馬文君;王定宇;呂玉玲;劉世芳;許毓仁;呂孫綾;蔡易餘;鄭天財Sra．Kacaw;林德福;陳怡潔;黃偉哲;徐永明;蕭美琴;廖國棟Sufin．Siluko;管碧玲;邱志偉;陳明文;鍾孔炤;何欣純;陳賴素美;張麗善;羅明才;王惠美;盧秀燕,
106/11/02,紅樓201會議室,交通委員會,無,立法院第9屆第4會期交通委員會第7次全體委員會議,一、審查107年度中央政府總預算案關於交通部中央氣象局單位預算。二、審查107年度中央政府總預算案關於交通部運輸研究所單位預算。(以上2案合併詢答並進行處理)(10月30日、11月1日及2日三天一次會),鄭寶清;李昆澤;趙正宇;洪慈庸;陳歐珀;林俊憲;鄭運鵬;鍾佳濱;黃國書;周春米;陳素月;徐榛蔚;李鴻鈞;葉宜津;陳雪生;鄭天財Sra．Kacaw;呂玉玲;吳志揚;孔文吉;陳賴素美;廖國棟Sufin．Siluko;黃昭順;鍾孔炤;蔣乃辛;高金素梅;陳明文;賴瑞隆;何欣純;顏寬恒;姚文智;洪宗熠;張麗善;李彥秀;蔡易餘;林德福,
106/11/02,紅樓302會議室,司法及法制委員會,無,立法院第9屆第4會期司法及法制委員會第11次全體委員會議,一、邀請司法院秘書長、法務部部長列席就「司法量刑資訊系統建置現狀與使用情形」進行專題報告，並備質詢。二、繼續併案審查（一）委員徐志榮等18人擬具「中華民國刑法第七十七條及第二百七十二條之一條文修正草案」及（二）委員王育敏等18人擬具「中華民國刑法增訂第二百七十一條之一條文草案」案。三、審查委員陳怡潔等17人擬具「中華民國刑法增訂第二百七十一條之一條文草案」案。四、審查委員賴士葆等20人擬具「中華民國刑法增訂第二百七十一條之一及第二百八十條之一條文草案」案。五、審查委員馬文君等17人擬具「中華民國刑法增訂第二百七十一條之一條文草案」案。六、審查委員王定宇等17人擬具「中華民國刑法第七十七條條文修正草案」案。七、審查委員顏寬恒等35人擬具「中華民國刑法第七十七條條文修正草案」案。,吳志揚;葉宜津;王育敏;尤美女;林為洲;鍾孔炤;李俊俋;廖國棟Sufin．Siluko;黃國昌;楊鎮浯;蔡易餘;段宜康;劉櫂豪;周春米;陳賴素美;徐榛蔚;高金素梅;蔣乃辛;陳明文;張麗善;呂玉玲;鍾佳濱;賴士葆;王惠美;蘇巧慧;柯建銘;林德福;劉世芳,
106/11/02,紅樓101會議室,經濟委員會,無,立法院第9屆第4會期經濟委員會第11次全體委員會議,繼續審查107年度中央政府總預算案關於國家發展委員會及所屬單位預算部分。(處理)(10月30日、11月1日、11月2日三天一次會),,
106/11/02,紅樓202會議室,內政委員會,司法及法制委員會,立法院第9屆第4會期內政、司法及法制委員會第1次聯席會議,審查行政院函送中央選舉委員會委員提名名單，陳英鈐為委員並為主任委員、陳朝建為委員並為副主任委員、周志宏、蔡佳泓、許惠峰及林瓊珠均為委員，請同意案。,曾銘宗;鄭天財Sra．Kacaw;葉宜津;洪宗熠;吳志揚;張宏陸;陳怡潔;廖國棟Sufin．Siluko;林麗蟬;李俊俋;黃昭順;鍾孔炤;吳琪銘;賴瑞隆;顏寬恒;姚文智;尤美女;王育敏;林為洲;趙天麟;鍾佳濱;林德福;鄭寶清;趙正宇;陳歐珀;林俊憲;呂玉玲;鄭運鵬;孔文吉;周春米;陳賴素美;劉世芳;徐榛蔚;蔣乃辛;高金素梅;陳明文;何欣純;張麗善;李彥秀;蕭美琴;陳其邁;徐永明;陳雪生,
106/11/02,群賢樓101會議室,教育及文化委員會,無,立法院第9屆第4會期教育及文化委員會第7次全體委員會議,邀請文化部部長列席就「盤點整合提升公部門獎補助文化藝術產業之機制」進行專題報告，並備質詢。另邀請經濟部、財政部、教育部、科技部、行政院主計總處、客家委員會、原住民族委員會就上述相關主管業務派員列席備詢。（10月30日、11月1日及2日三天一次會）,蘇巧慧;許智傑;柯志恩;張廖萬堅;吳思瑤;陳亭妃;高金素梅;蔣乃辛;陳學聖;何欣純;李麗芬;林昶佐;曾銘宗;黃國書;高潞．以用．巴魕剌Kawlo．Iyun．Pacidal;許毓仁;鄭天財Sra．Kacaw;吳志揚;呂玉玲;陳賴素美;徐榛蔚;黃昭順;劉世芳;鍾孔炤;賴瑞隆;林德福;張麗善;蔡培慧;蔡易餘;江啟臣;王惠美;孔文吉,
106/11/02,群賢樓801會議室,社會福利及衛生環境委員會,無,立法院社會福利及衛生環境委員會,舉行空氣污染防制法修法公聽會。,,
106/11/02,紅樓301會議室,外交及國防委員會,無,立法院第9屆第4會期外交及國防委員會第11次全體委員會議,一、邀請外交部次長、駐日本代表謝長廷報告「東北亞區域局勢與日本大選分析及臺日關係發展現況及展望」，併請國家安全局副局長、行政院海岸巡防署副署長列席，並備質詢。二、處理院會交付外交部106年度中央政府總預算決議凍結案等4案。,呂玉玲;羅致政;林昶佐;蔡適應;馬文君;王定宇;江啟臣;劉世芳;莊瑞雄;蘇巧慧;吳焜裕;許毓仁;賴士葆;姚文智;趙天麟;吳志揚;呂孫綾;林德福;孔文吉;廖國棟Sufin．Siluko;周春米;陳賴素美;徐榛蔚;高金素梅;鍾孔炤;蔣乃辛;陳明文;鍾佳濱;張麗善;邱志偉;葉宜津;王惠美;羅明才,
106/11/02,九樓大禮堂,財政委員會,無,立法院第9屆第4會期財政委員會第11次全體委員會議,一、審查行政院函請審議「所得稅法部分條文修正草案」案。二、審查本院委員林德福等23人、委員徐志榮等18人、委員費鴻泰等23人、委員柯志恩等17人、委員陳怡潔等16人、委員黃昭順等20人、委員王育敏等18人、委員賴士葆等23人、委員王惠美等21人、委員吳琪銘等16人、委員呂玉玲等21人、委員吳志揚等16人、委員吳志揚等18人、委員許毓仁等17人、委員邱志偉等16人、委員邱志偉等16人、委員陳超明等19人、委員林德福等17人、委員邱志偉等18人、委員林德福等20人、委員蔣萬安等23人、委員余宛如等18人、委員蔣乃辛等21人、委員趙天麟等18人、委員蔣乃辛等16人、委員許毓仁等20人、委員賴士葆等19人、委員余宛如等22人、委員邱泰源等24人、委員賴士葆等23人、委員余宛如等19人、委員盧秀燕等21人、委員盧秀燕等19人、委員賴士葆等22人、委員費鴻泰等17人及本院親民黨黨團分別擬具「所得稅法第十七條條文修正草案」案計36案。三、審查本院委員王定宇等20人擬具「所得稅法第十四條及第十七條條文修正草案」案。四、審查本院委員何欣純等17人擬具「所得稅法第九十二條條文修正草案」案。五、審查本院委員羅明才等18人、委員羅明才等21人及本院時代力量黨團分別擬具「所得稅法部分條文修正草案」案計3案。六、審查本院國民黨黨團擬具「所得稅法部分條文修正草案」案。七、審查本院委員曾銘宗等16人擬具「所得稅法部分條文修正草案」案。八、審查本院委員王榮璋等17人擬具「所得稅法部分條文修正草案」案。九、審查本院委員江永昌等16人擬具「所得稅法部分條文修正草案」案。十、審查本院委員郭正亮等17人擬具「所得稅法第十七條條文修正草案」案。(以上第六至十案業經各黨團簽署【不復議同意書】在案),黃國昌;吳秉叡;盧秀燕;林德福;賴士葆;王榮璋;余宛如;陳賴素美;施義芳;郭正亮;江永昌;費鴻泰;曾銘宗;林昶佐;鄭天財Sra．Kacaw;許毓仁;羅明才;徐榛蔚;劉世芳;高金素梅;蔣乃辛;鍾孔炤;李昆澤;何欣純;吳志揚;邱泰源;張麗善;蔡易餘;王惠美;呂玉玲;黃昭順,
106/11/02,群賢樓801會議室,社會福利及衛生環境委員會,無,立法院第9屆第4會期社會福利及衛生環境委員會第9次全體委員會議,邀請勞動部部長、衛生福利部次長及交通部次長就「一例一休修法擬朝『鬆綁七休一限制』、『調高延長工時上限或延長工時帳戶制』以及『放寬輪班間隔11小時限制』對臺灣整體勞動環境造成之衝擊與影響」列席報告，並備質詢。,李彥秀;陳宜民;周陳秀霞;蔣萬安;吳玉琴;陳曼麗;黃秀芳;徐志榮;洪慈庸;黃國書;何欣純;江永昌;林為洲;陳瑩;許淑華;邱泰源;林淑芬;鍾孔炤;劉建國,
106/11/03,群賢樓101會議室,朝野黨團協商(司法及法制委員會),無,立法院朝野黨團協商,一、併案協商委員蔡易餘等19人、時代力量黨團、委員Kolas Yotaka等17人及委員賴瑞隆等18人分別擬具廢止「蒙藏委員會組織法」案。二、協商行政院函請審議「國家人權博物館組織法草案」案。 ,,
106/11/03,群賢樓502會議室,朝野黨團協商(內政委員會),無,立法院朝野黨團協商,本院內政委員會報告併案審查委員邱議瑩等17人擬具「殯葬管理條例部分條文修正草案」及委員趙天麟等16人擬具「殯葬管理條例部分條文修正草案」案。,,
106/11/06,群賢樓101會議室,教育及文化委員會,無,立法院第9屆第4會期教育及文化委員會第8次全體委員會議,審查107年度中央政府總預算案有關行政院原子能委員會及所屬單位預算案。（僅進行詢答；相關提案請於11月13日下午5時前提出） (11月6日及9日二天一次會）,陳亭妃;柯志恩;蘇巧慧;張廖萬堅;吳思瑤;蔣乃辛;蔡培慧;李麗芬;何欣純;陳怡潔;曾銘宗;林俊憲;李昆澤;孔文吉;鍾佳濱;陳歐珀;管碧玲;蔣萬安;吳焜裕;黃國書;林德福;黃昭順;鍾孔炤;呂玉玲;顏寬恒;周陳秀霞;蔡易餘;蕭美琴;陳學聖,
106/11/06,群賢樓801會議室,社會福利及衛生環境委員會,無,立法院第9屆第4會期社會福利及衛生環境委員會第10次全體委員會議,一、邀請衛生福利部部長針對「醫療爭議事件處理相關配套措施及醫療爭議調處案件執行狀況」列席報告，並備質詢。二、繼續審查（一）本院委員邱泰源等22人擬具「醫療法第八十二條條文修正草案」、（二）委員李彥秀等18人擬具「醫療法第八十二條條文修正草案」等2案。,陳宜民;吳玉琴;陳曼麗;林靜儀;管碧玲;邱泰源;蔣萬安;李彥秀;徐志榮;周陳秀霞;李昆澤;黃秀芳;楊曜;林俊憲;鍾佳濱;王惠美;吳思瑤;吳焜裕;蔣乃辛;林德福;黃昭順;鍾孔炤;呂玉玲;顏寬恒;蔡易餘;陳歐珀;劉建國;林淑芬,
106/11/06,紅樓201會議室,交通委員會,無,立法院第9屆第4會期交通委員會第8次全體委員會議,一、審查107年度中央政府總預算案關於國家通訊傳播委員會單位預算。二、審查107年度中央政府總預算案附屬單位預算非營業部分關於國家通訊傳播委員會主管通訊傳播監督管理基金預算。三、審查107年度中央政府總預算案附屬單位預算非營業部分關於國家通訊傳播委員會主管有線廣播電視事業發展基金預算。(以上3案合併詢答)(11月6日、8日及9日三天一次會),陳歐珀;趙正宇;鍾佳濱;李昆澤;洪慈庸;鄭寶清;林俊憲;葉宜津;周春米;黃國書;陳素月;李鴻鈞;鄭運鵬;鄭天財Sra．Kacaw;吳志揚;孔文吉;林德福;王惠美;洪宗熠;蔣乃辛;黃昭順;何欣純;鍾孔炤;呂玉玲;顏寬恒;蔡易餘;谷辣斯．尤達卡Kolas Yotaka;周陳秀霞;蕭美琴,
106/11/06,九樓大禮堂,財政委員會,無,立法院第9屆第4會期財政委員會第12次全體委員會議,一、審查立法院財政委員會「獵雷艦採購案財政部所屬公股行庫等聯貸案真相調閱專案小組運作要點」草案。二、繼續審查中華民國107年度中央政府總預算案有關金融監督管理委員會、銀行局、證券期貨局、保險局、檢查局部分。(11月6日、11月8日及11月9日三天一次會) ,,
106/11/06,紅樓202會議室,內政委員會,司法及法制委員會,立法院第9屆第4會期內政、司法及法制委員會第2次聯席會議,繼續審查行政院函送中央選舉委員會委員提名名單，陳英鈐為委員並為主任委員、陳朝建為委員並為副主任委員、周志宏、蔡佳泓、許惠峰及林瓊珠均為委員，請同意案。,曾銘宗;葉宜津;鄭天財Sra．Kacaw;陳怡潔;吳志揚;張宏陸;洪宗熠;李俊俋;顏寬恒;尤美女;谷辣斯．尤達卡Kolas Yotaka;賴瑞隆;黃昭順;林麗蟬;趙天麟;陳其邁;吳琪銘;柯建銘;蔡易餘;鍾佳濱;林俊憲;李昆澤;陳歐珀;孔文吉;王育敏;林德福;姚文智;蔣乃辛;徐永明;呂玉玲;周陳秀霞;蕭美琴;林為洲;周春米;鍾孔炤;劉櫂豪;何欣純;王惠美,
106/11/06,紅樓302會議室,司法及法制委員會,無,立法院第9屆第4會期司法及法制委員會第12次全體委員會議,併案審查（一）行政院函請審議「資通安全管理法草案」、（二）時代力量黨團擬具「資通安全管理法草案」、（三）委員陳亭妃等23人擬具「資通安全管理法草案」、（四）委員許毓仁等17人擬具「資通安全管理法草案」、（五）委員余宛如等18人擬具「資通安全法草案」及（六）親民黨黨團擬具「資通安全管理法草案」案。,柯建銘;吳志揚;葉宜津;李俊俋;王育敏;劉櫂豪;鍾孔炤;廖國棟Sufin．Siluko;鄭天財Sra．Kacaw;曾銘宗;蔡易餘;林俊憲;余宛如;孔文吉;管碧玲;王惠美;尤美女;林德福;周春米;蔣乃辛;黃昭順;呂玉玲;周陳秀霞;徐永明;鍾佳濱;陳歐珀;段宜康;林為洲,
106/11/06,紅樓101會議室,經濟委員會,無,立法院第9屆第4會期經濟委員會第12次全體委員會議,繼續審查107年度中央政府總預算案關於行政院農業委員會及所屬單位預算部分。(處理)(11月6日、8日及9日三天一次會),,
106/11/07,紅樓201會議室,程序委員會,無,第9屆第4會期程序委員會第8次會議, 審定本院第9屆第4會期第8次會議議事日程及  人民請願案,鍾孔炤;鍾孔炤,
106/11/07,議場三樓會議室,朝野黨團協商,無,立法院黨團協商,一、研商本院內政、司法及法制兩委員會報告併案審查「政黨法草案」等案相關事宜。(民進黨黨團提議)二、研商「有線廣播電視法第三十三條及第六十一條條文修正草案(國會頻道)」相關事宜。,,
106/11/08,紅樓202會議室,內政委員會,無,立法院第9屆第4會期內政委員會第13次全體委員會議,一、審查委員顏寬恒等18人擬具「平均地權條例增訂第三十六條之一條文草案」案。二、審查委員鄭天財Sra Kacaw等16人擬具「平均地權條例第二十五條條文修正草案」案。三、邀請內政部部長葉俊榮、消防署署長陳文龍、行政院人事行政總處、銓?部、行政院農業委員會針對改善我國消防人力短缺、裝備不足及捕蜂捉蛇之業務歸屬專題報告並備質詢。,曾銘宗;陳怡潔;洪宗熠;張宏陸;黃昭順;林麗蟬;顏寬恒;吳琪銘;鄭天財Sra．Kacaw;谷辣斯．尤達卡Kolas Yotaka;姚文智;李昆澤;劉世芳;葉宜津;賴瑞隆;鍾佳濱;林俊憲;呂玉玲;鍾孔炤;陳明文;林為洲;陳雪生;呂孫綾;陳賴素美;徐永明;尤美女;陳其邁,
106/11/08,九樓大禮堂,財政委員會,無,立法院第9屆第4會期財政委員會第12次全體委員會議,(逕行處理，不詢答)一、繼續審查行政院函請審議「金融科技創新實驗條例草案」案。二、繼續審查本院委員曾銘宗等16人擬具「金融創新試驗條例草案」案。三、繼續審查本院時代力量黨團擬具「金融科技發展與創新實驗條例草案」案。四、繼續審查本院委員余宛如等18人擬具「金融科技創新實驗條例草案」案。五、審查本院委員陳賴素美等21人擬具「金融科技創新發展條例草案」案。六、審查本院委員許毓仁等29人擬具「金融科技創新實驗條例草案」案。(本案如經院會復議，則不予審查)(11月6日、11月8日及11月9日三天一次會) ,,
106/11/08,紅樓101會議室,經濟委員會,無,立法院第9屆第4會期經濟委員會第12次全體委員會議,繼續審查107年度中央政府總預算案關於行政院農業委員會及所屬單位預算部分。(處理)(11月6日、8日及9日三天一次會),,
106/11/08,紅樓301會議室,外交及國防委員會,無,立法院第9屆第4會期外交及國防委員會第12次全體委員會議,邀請外交部部長李大維報告「蔡總統『永續南島、攜手共好』出訪友邦成效」，併請國家安全局副局長列席，並備質詢。,羅致政;呂玉玲;蔡適應;林昶佐;江啟臣;馬文君;王定宇;莊瑞雄;劉世芳;吳焜裕;呂孫綾;許毓仁;谷辣斯．尤達卡Kolas Yotaka;林德福;林俊憲;王育敏;鍾孔炤;陳明文;陳賴素美;鍾佳濱;廖國棟Sufin．Siluko;孔文吉;高金素梅;鄭天財Sra．Kacaw,
106/11/08,群賢樓801會議室,社會福利及衛生環境委員會,無,立法院第9屆第4會期社會福利及衛生環境委員會第10次全體委員會議,繼續審查中華民國107年度中央政府總預算案有關衛生福利部主管預算案。（公務及基金預算處理),,
106/11/08,紅樓302會議室,司法及法制委員會,無,立法院第9屆第4會期司法及法制委員會第13次全體委員會議（兩天一次會）,一、邀請考試院秘書長、考選部部長、銓敘部部長及公務人員保障暨培訓委員會主任委員列席報告業務概況及立法計畫，並備質詢。二、審查107年度中央政府總預算案關於考試院及所屬主管收支部分。三、審查107年度中央政府總預算案附屬單位預算非營業部分關於考試院考選部主管「考選業務基金」收支部分。四、審查107年度中央政府總預算案附屬單位預算非營業部分關於考試院銓敘部主管「公務人員退休撫卹基金」收支部分。（11月8日及9日兩天一次會）,柯建銘;葉宜津;李俊俋;段宜康;王育敏;鍾孔炤;曾銘宗;劉櫂豪;尤美女;黃國昌;廖國棟Sufin．Siluko;楊鎮浯;林為洲;鄭天財Sra．Kacaw;黃國書;周春米;林俊憲;吳焜裕;鍾佳濱;陳明文;陳賴素美;劉世芳;呂玉玲;蔡易餘;吳志揚,
106/11/08,紅樓201會議室,交通委員會,無,立法院第9屆第4會期交通委員會第8次全體委員會議,上午：一、邀請飛航安全調查委員會主任委員黃煌煇列席報告業務概況，並備質詢。(與討論事項之議程合併報告詢答)二、審查107年度中央政府總預算案關於飛航安全調查委員會單位預算。(詢答及處理)下午：一、審查107年度中央政府總預算案關於國家通訊傳播委員會單位預算。二、審查107年度中央政府總預算案附屬單位預算非營業部分關於國家通訊傳播委員會主管通訊傳播監督管理基金預算。三、審查107年度中央政府總預算案附屬單位預算非營業部分關於國家通訊傳播委員會主管有線廣播電視事業發展基金預算。(以上3案進行處理)(11月6日、8日及9日三天一次會),鄭寶清;陳歐珀;洪慈庸;鍾佳濱;李昆澤;趙正宇;林俊憲;黃國書;周春米;陳雪生;葉宜津;陳素月;鄭運鵬;呂玉玲;黃昭順;劉世芳;鍾孔炤;陳明文;顏寬恒;呂孫綾;陳賴素美,
106/11/09,紅樓301會議室,外交及國防委員會,無,立法院第9屆第4會期外交及國防委員會第13次全體委員會議,一、邀請國防部部長馮世寬報告「精進國軍軍紀狀況作為」，併請法務部次長列席，並備質詢。二、處理院會交付國防部106年度中央政府總預算決議凍結案等5案。,羅致政;蔡適應;王定宇;馬文君;林昶佐;吳焜裕;莊瑞雄;劉世芳;呂孫綾;呂玉玲;許毓仁;林德福;鍾佳濱;吳志揚;曾銘宗;鄭天財Sra．Kacaw;柯志恩;黃國昌;賴瑞隆;蔣乃辛;孔文吉;陳賴素美;鍾孔炤;江啟臣;羅明才,
106/11/09,九樓大禮堂,財政委員會,無,立法院第9屆第4會期財政委員會第12次全體委員會議,審查中華民國107年度中央政府總預算案有關補助直轄市及縣市政府。調整軍公教人員待遇準備。災害準備金。第二預備金。(11月6日、11月8日及11月9日三天一次會) ,黃國昌;吳秉叡;盧秀燕;賴士葆;林德福;王榮璋;施義芳;郭正亮;陳賴素美;鍾孔炤;鄭天財Sra．Kacaw;林俊憲;曾銘宗;鍾佳濱;蔣乃辛;何欣純;費鴻泰;呂玉玲;羅明才;江永昌,
106/11/09,紅樓101會議室,經濟委員會,無,立法院第9屆第4會期經濟委員會第12次全體委員會議,壹、繼續審查107年度中央政府總預算案關於行政院農業委員會及所屬單位預算部分。(處理)貳、一、繼續審查行政院函請審議「有機農業促進法草案」案。二、繼續審查本院委員蕭美琴等22人擬具「有機農糧產業促進條例草案」案。三、審查本院委員陳亭妃等20人擬具「有機農業促進條例草案」案。四、審查本院委員蔡培慧等23人擬具「有機農業促進法草案」案。     (本案如經復議，則不予審查。)五、審查本院委員吳焜裕等30人擬具「有機農業促進法草案」案。     (本案如經復議，則不予審查。),,
106/11/09,紅樓302會議室,司法及法制委員會,無,立法院第9屆第4會期司法及法制委員會第13次全體委員會議,五、審查107年度中央政府總預算案關於司法院及所屬主管收支部分。六、審查司法院函送「財團法人法律扶助基金會107年度預算書」案。（11月8日及9日兩天一次會）,吳志揚;葉宜津;鍾孔炤;李俊俋;王育敏;段宜康;林為洲;尤美女;黃國昌;王定宇;楊鎮浯;鄭天財Sra．Kacaw;周春米;蔣乃辛;蔡易餘;劉世芳;孔文吉;陳賴素美;呂玉玲;柯建銘;李麗芬;羅明才;林德福,
106/11/09,群賢樓801會議室,社會福利及衛生環境委員會,無,立法院第9屆第4會期社會福利及衛生環境委員會第10次全體委員會議,繼續審查中華民國107年度中央政府總預算案有關衛生福利部主管預算案。（公務及基金預算處理),,
106/11/09,紅樓202會議室,內政委員會,無,立法院第9屆第4會期內政委員會第14次全體委員會議,邀請原住民族委員會主任委員針對原住民族基本法公布施行１２餘年，相關部會落實原住民族基本法概況進行專題報告並備質詢；另請行政院副秘書長、原住民族委員會主任委員夷將‧拔路兒Icyang Parod、司法院副秘書長、考試院副秘書長、行政院主計總處副主計長、內政部次長、教育部次長、法務部次長、經濟部次長、交通部次長、勞動部次長、衛生福利部次長、行政院農業委員會副主任委員、國軍退除役官兵輔導委員會副主任委員列席並備質詢。,曾銘宗;陳怡潔;林麗蟬;張宏陸;洪宗熠;鄭天財Sra．Kacaw;賴瑞隆;陳其邁;谷辣斯．尤達卡Kolas Yotaka;蘇巧慧;孔文吉;姚文智;趙天麟;吳琪銘;林俊憲;黃國書;陳歐珀;黃昭順;葉宜津;鍾佳濱;高金素梅;鍾孔炤;蔣乃辛;劉世芳;陳賴素美;林德福;呂孫綾;徐榛蔚;呂玉玲;高潞．以用．巴魕剌Kawlo．Iyun．Pacidal,
106/11/09,紅樓201會議室,交通委員會,無,立法院第9屆第4會期交通委員會第8次全體委員會議,審查107年度中央政府總預算案關於行政院公共工程委員會單位預算。(詢答及處理)(11月6日、8日及9日三天一次會),鄭寶清;林俊憲;陳歐珀;趙正宇;洪慈庸;黃國書;鍾佳濱;周春米;徐榛蔚;陳雪生;李昆澤;鄭運鵬;葉宜津;江啟臣;劉世芳;林德福;吳焜裕;高金素梅;林麗蟬;蔣乃辛;鍾孔炤;陳賴素美;孔文吉;呂孫綾;黃昭順;呂玉玲;陳素月,
106/11/09,群賢樓101會議室,教育及文化委員會,無,立法院第9屆第4會期教育及文化委員會第8次全體委員會議, 一、審查(一）行政院函請審議「學校型態實驗教育實施條例修正草案」案。(二）委員蘇治芬等19人擬具「學校型態實驗教育實施條例部分條文修正草案」案。(三）委員張廖萬堅等18人擬具「學校型態實驗教育實施條例第十九條條文修正草案」案。(四）委員蘇巧慧等30人擬具「學校型態實驗教育實施條例部分條文修正草案」案。(五）委員蘇治芬等26人擬具「學校型態實驗教育實施條例第八條條文修正草案」案。(六）委員林俊憲等16人擬具「學校型態實驗教育實施條例第十二條條文修正草案」案。(七）委員張廖萬堅等18人擬具「學校型態實驗教育實施條例修正草案」案。(八）委員許智傑等24人擬具「學校型態實驗教育實施條例部分條文修正草案」案（本案如經院會復議，則不予審查）。（僅進行詢答）二、審查(一）行政院函請審議「高級中等以下教育階段非學校型態實驗教育實施條例修正草案」案。(二）委員吳思瑤等16人擬具「高級中等以下教育階段非學校型態實驗教育實施條例部分條文修正草案」案。(三）委員蘇治芬等24人擬具「高級中等以下教育階段非學校型態實驗教育實施條例第八條條文修正草案」案。(四）委員黃秀芳等24人擬具「高級中等以下教育階段非學校型態實驗教育實施條例第六條條文修正草案」案。（僅進行詢答）三、審查(一）行政院函請審議「公立國民小學及國民中學委託私人辦理條例修正草案」案。(二）委員蘇巧慧等29人擬具「公立國民小學及國民中學委託私人辦理條例第一條、第四條及第十七條條文修正草案」案。(三）委員蘇治芬等23人擬具「公立國民小學及國民中學委託私人辦理條例第十六條條文修正草案」案。(四）委員吳思瑤等21人擬具「公立國民小學及國民中學委託私人辦理條例修正草案」案（本案如經院會復議，則不予審查）。（僅進行詢答）四、審查(一）委員張廖萬堅等20人擬具「技術及職業教育法第二十五條及第二十六條條文修正草案」案。(二）委員柯志恩等17人擬具「技術及職業教育法第十七條條文修正草案」案。(三）委員呂玉玲等21人擬具「技術及職業教育法第十七條條文修正草案」案。(四）委員張廖萬堅等17人擬具「技術及職業教育法第十七條條文修正草案」案。（僅進行詢答） (11月6日及9日二天一次會）,陳亭妃;柯志恩;張廖萬堅;蘇巧慧;吳思瑤;蔣乃辛;何欣純;李麗芬;蔡培慧;高金素梅;林麗蟬;林德福;曾銘宗;黃國書;劉世芳;吳焜裕;鍾孔炤;陳賴素美;鍾佳濱;孔文吉;徐榛蔚;呂玉玲;許智傑;羅明才;高潞．以用．巴魕剌Kawlo．Iyun．Pacidal;陳學聖;林俊憲,
106/11/10,群賢樓502會議室,朝野黨團協商(內政委員會),無,立法院朝野黨團協商,本院內政委員會報告併案審查行政院函請審議「二二八事件處理及賠償條例第二條及第八條條文修正草案」及委員廖國棟等17人擬具「二二八事件處理及賠償條例部分條文修正草案」案。,,
106/11/13,紅樓202會議室,內政委員會,無,立法院第9屆第4會期內政委員會第15次全體委員會議,一、審查107年度中央政府總預算案關於客家委員會及所屬主管收支部分。二、審查客家委員會及所屬「補、捐（獎）助其他政府機關、團體或個人經費報告表」共3案。三、審查客家委員會及所屬「辦理政策宣導相關之廣告彙整表」共2案。(委員如有相關提案請於11月13日中午11時前送至內政委員會，並將電子檔傳至lyic5502@gmail.com，俾利彙整。),曾銘宗;黃昭順;陳怡潔;鄭天財Sra．Kacaw;林麗蟬;洪宗熠;賴瑞隆;吳琪銘;顏寬恒;趙天麟;陳其邁;谷辣斯．尤達卡Kolas Yotaka;蕭美琴;姚文智;張宏陸;林德福;鄭運鵬;何欣純;周春米;徐榛蔚;陳雪生;陳歐珀;林俊憲;劉櫂豪;鍾佳濱;陳賴素美;呂玉玲;葉宜津,
106/11/13,群賢樓801會議室,社會福利及衛生環境委員會,無,立法院第9屆第4會期社會福利及衛生環境委員會第11次全體委員會議,邀請衛生福利部部長、勞動部次長、銓敘部部長及行政院人事行政總處人事長就「民國108年9月醫師納入適用勞動基準法具體時程及進度說明、如何確保輪班制適用勞動基準法醫護人員享有至少間隔11小時休息時間以及如何保障全體住院醫師及護理人員防止過勞」進行專案報告，並備質詢。,林靜儀;陳曼麗;李彥秀;吳玉琴;徐志榮;邱泰源;蔣萬安;黃秀芳;黃國昌;楊曜;黃昭順;陳瑩;鄭天財Sra．Kacaw;鍾佳濱;洪慈庸;許淑華;何欣純;許毓仁;林德福;陳賴素美;盧秀燕;張麗善;林淑芬;李昆澤;劉建國;徐榛蔚;徐永明,
106/11/13,九樓大禮堂,財政委員會,無,立法院第9屆第4會期財政委員會「獵雷艦採購案財政部所屬公股行庫等聯貸案真相調閱專案小組」第1次全體委員會議,討論調閱文件之清單及相關事宜。,,
106/11/13,群賢樓101會議室,教育及文化委員會,無,立法院第9屆第4會期教育及文化委員會第9次全體委員會議,一、繼續處理106年度中央政府總預算案有關科技部主管預算（公務預算）解凍案1案。 二、處理106年度中央政府總預算有關文化部主管預算（公務預算）解凍案7案。,陳亭妃;何欣純;許智傑;柯志恩;黃昭順;黃國書;鄭天財Sra．Kacaw;李昆澤;鍾佳濱;蔣萬安;陳賴素美;張麗善,
106/11/13,紅樓201會議室,交通委員會,無,立法院第9屆第4會期交通委員會第9次全體委員會議,上午：一、審查107年度中央政府總預算案關於交通部觀光局及所屬單位預算。二、審查107年度中央政府總預算案附屬單位預算非營業部分關於交通部主管交通作業基金－觀光發展基金分預算。(以上2案合併詢答，星期三進行處理)下午：繼續審查107年度中央政府總預算案關於交通部運輸研究所單位預算。(業已詢答完畢，進行處理)（11月13日及15日二天一次會） ,陳歐珀;鄭寶清;李昆澤;趙正宇;鍾佳濱;林俊憲;鄭運鵬;洪慈庸;黃國書;周春米;徐榛蔚;葉宜津;陳雪生;陳素月;蕭美琴;鄭天財Sra．Kacaw;李鴻鈞;陳怡潔;余宛如;曾銘宗;黃昭順;顏寬恒;何欣純;陳賴素美;林德福;劉櫂豪;呂玉玲,
106/11/14,議場三樓會議室,朝野黨團協商,無,立法院黨團協商,繼續研商「106年度中央政府總預算案附屬單位預算及綜計表-營業及非營業部分」案相關事宜。,,
106/11/14,紅樓201會議室,程序委員會,無,第9屆第4會期程序委員會第9次會議, 審定本院第9屆第4會期第9次會議議事日程及  人民請願案,谷辣斯．尤達卡Kolas Yotaka;李彥秀;王育敏;林德福;谷辣斯．尤達卡Kolas Yotaka;李彥秀;高潞．以用．巴魕剌Kawlo．Iyun．Pacidal,
106/11/15,紅樓301會議室,外交及國防委員會,無,立法院第9屆第4會期外交及國防委員會第14次全體委員會議【含秘密會議】,審查107年度中央政府總預算案關於僑務委員會主管收支機密及公開部分。（詢答及處理）(11月15日及16日二天一次會),蔡適應;羅致政;林昶佐;江啟臣;劉世芳;莊瑞雄;王定宇;許毓仁;馬文君;呂玉玲;吳志揚;葉宜津;鍾佳濱;鄭天財Sra．Kacaw;孔文吉;蔣萬安;陳賴素美;顏寬恒;陳明文,
106/11/15,紅樓202會議室,內政委員會,無,立法院第9屆第4會期內政委員會第16次全體委員會議,繼續處理106年度中央政府總預算有關行政院大陸委員會預算凍結書面報告案計9案(含報告事項1案)備註:本次會議必要時得延長開會時間,,
106/11/15,紅樓202會議室,內政委員會,無,立法院第9屆第4會期內政委員會第16次全體委員會議,一、「國家安全法」：(一)繼續審查行政院函請審議「國家安全法第五條及第七條條文修正草案」案。(二)審查本院時代力量黨團擬具「國家安全法第九條條文修正草案」案。(三)審查本院委員顧立雄、鄭麗君、尤美女等21人擬具「國家安全法第九條條文修正草案」案。(四)審查本院委員姚文智等19人擬具「國家安全法第九條條文修正草案」案。(五)審查本院委員羅致政等16人擬具「國家安全法第九條條文修正草案」案。(六)審查本院委員莊瑞雄等21人擬具「國家安全法第三條條文修正草案」案。(七)審查本院委員KolasYotaka等16人擬具「國家安全法第二條之一及第五條條文修正草案」案。(八)審查本院委員鄭天財Srakacaw等18人擬具「國家安全法第五條條文修正草案」案。(九)審查本院委員孔文吉等18人「國家安全法第五條條文修正草案」案。(十)審查本院委員林俊憲等17人擬具「國家安全法第五條之一條文修正草案」案。(十一)審查本院委員陳其邁等29人擬具「國家安全法增訂第五條之二條文草案」案。(十二)審查本院委員王定宇等18人擬具「國家安全法第二條之一及第五條之一條文修正草案」案。(十三)審查本院委員葉宜津等17人擬具「國家安全法增訂第二條之二條文草案」案。(十四)審查本院委員劉世芳等16人擬具「國家安全法第二條之一及第五條之一條文修正草案」案。(十五)審查請願文書1案。二、審查「政治獻金法」：(一)本院委員莊瑞雄等21人擬具「政治獻金法第十五條條文修正草案」案。(二)本院委員趙天麟等16人擬具「政治獻金法第十八條條文修正草案」案。(三)本院委員高志鵬等23人擬具「政治獻金法部分條文修正草案」案(四)本院委員陳其邁等18人擬具「政治獻金法第二十一條條文修正草案」案。(五)本院委員陳其邁等18人擬具「政治獻金法第十八條及第二十九條條文修正草案」案。(六)本院委員孔文吉等18人「政治獻金法第十二條條文修正草案」案。(七)本院委員羅致政等16人擬具「政治獻金法第十五條及第三十條條文修正草案」案。(八)本院委員林德福等23人擬具「政治獻金法第七條及第十五條條文修正草案」案。,林麗蟬;陳怡潔;張宏陸;曾銘宗;黃昭順;顏寬恒;鄭天財Sra．Kacaw;姚文智;陳其邁;吳琪銘;鍾佳濱;谷辣斯．尤達卡Kolas Yotaka;賴瑞隆;吳志揚;洪宗熠;孔文吉;李彥秀;蔣萬安;徐永明;劉世芳;羅致政;陳賴素美;高金素梅;呂玉玲;王定宇;劉櫂豪;黃國昌;葉宜津;林俊憲;陳明文;周春米;尤美女,
106/11/15,紅樓302會議室,司法及法制委員會,無,立法院第9屆第4會期司法及法制委員會第14次全體委員會議（兩天一次會）,一、邀請司法院秘書長、法務部部長列席就「法警體制現況之檢討」進行專題報告，並備質詢。二、審查委員許淑華等21人擬具「法警職權行使法草案」案。（11月15日及16日兩天一次會）,柯建銘;吳志揚;葉宜津;段宜康;林為洲;王育敏;尤美女;楊鎮浯;劉櫂豪;王惠美;許淑華;鄭天財Sra．Kacaw;周春米;顏寬恒;陳明文;呂玉玲;孔文吉;蔣萬安;江啟臣;鍾佳濱;李俊俋,
106/11/15,群賢樓101會議室,教育及文化委員會,無,立法院第9屆第4會期教育及文化委員會第9次全體委員會議,繼續處理106年度中央政府總預算有關國立故宮博物院主管預算（公務預算）解凍案3案。（11月13日及15日二天一次會）,,
106/11/15,九樓大禮堂,財政委員會,無,立法院第9屆第4會期財政委員會第13次全體委員會議,(已詢答，繼續處理)一、繼續審查行政院函請審議「所得稅法部分條文修正草案」案。二、繼續審查本院委員林德福等23人、委員徐志榮等18人、委員費鴻泰等23人、委員柯志恩等17人、委員陳怡潔等16人、委員黃昭順等20人、委員王育敏等18人、委員賴士葆等23人、委員王惠美等21人、委員吳琪銘等16人、委員呂玉玲等21人、委員吳志揚等16人、委員吳志揚等18人、委員許毓仁等17人、委員邱志偉等16人、委員邱志偉等16人、委員陳超明等19人、委員林德福等17人、委員邱志偉等18人、委員林德福等20人、委員蔣萬安等23人、委員余宛如等18人、委員蔣乃辛等21人、委員趙天麟等18人、委員蔣乃辛等16人、委員許毓仁等20人、委員賴士葆等19人、委員余宛如等22人、委員邱泰源等24人、委員賴士葆等23人、委員余宛如等19人、委員盧秀燕等21人、委員盧秀燕等19人、委員賴士葆等22人、委員費鴻泰等17人、本院親民黨黨團及委員郭正亮等17人分別擬具「所得稅法第十七條條文修正草案」案計37案。三、繼續審查本院委員王定宇等20人擬具「所得稅法第十四條及第十七條條文修正草案」案。四、繼續審查本院委員何欣純等17人擬具「所得稅法第九十二條條文修正草案」案。五、繼續審查本院委員羅明才等18人、委員羅明才等21人、本院時代力量黨團、本院國民黨黨團、委員曾銘宗等16人、委員王榮璋等17人及委員江永昌等16人分別擬具「所得稅法部分條文修正草案」案計7案。六、審查本院親民黨黨團擬具「所得稅法部分條文修正草案」案。七、審查本院委員吳秉叡等21人擬具「所得稅法第十七條條文修正草案」案。八、審查本院委員陳學聖等20人擬具「所得稅法第十七條條文修正草案」案。九、審查本院委員余宛如等22人擬具「所得稅法部分條文修正草案」案。 (以上第七至九案如經院會復議，則不予審查)(11月15日及11月16日兩天一次會) ,,
106/11/15,群賢樓801會議室,社會福利及衛生環境委員會,無,立法院第9屆第4會期社會福利及衛生環境委員會第12次全體委員會議,邀請勞動部部長就「『放寬七休一限制』、『延長工時帳戶制』及『縮短輪班休息間隔11小時』對勞工過勞及身心健康之影響評估、勞動基準法部分修正草案提報行政院院會審議程序是否合法、如何防止勞工過勞」進行專案報告，並備質詢。,李彥秀;陳曼麗;蔣萬安;林靜儀;徐志榮;陳瑩;許淑華;邱泰源;吳玉琴;黃秀芳;徐永明;林昶佐;高金素梅;黃國昌;鄭天財Sra．Kacaw;許毓仁;吳志揚;楊曜;江啟臣;王惠美;洪慈庸;江永昌;高潞．以用．巴魕剌Kawlo．Iyun．Pacidal;呂玉玲;林德福;陳賴素美;鍾佳濱;劉建國;林淑芬,
106/11/15,紅樓301會議室,外交及國防委員會,無,立法院外交及國防委員會獵雷艦調閱專案小組第2次全體委員會議,研商調閱專案小組相關事項,,
106/11/15,紅樓101會議室,經濟委員會,無,立法院第9屆第4會期經濟委員會第13次全體委員會議,繼續審查107年度中央政府總預算案關於經濟部及所屬單位預算部分。(處理)(11月15日、16日二天一次會),,
106/11/15,紅樓301會議室,外交及國防委員會,無,立法院第9屆第4會期外交及國防委員會第14次全體委員會議【含秘密會議】,審查107年度中央政府總預算案關於僑務委員會主管收支機密及公開部分。（詢答及處理）(11月15日及16日二天一次會),,
106/11/15,紅樓201會議室,交通委員會,無,立法院第9屆第4會期交通委員會第9次全體委員會議,一、繼續審查107年度中央政府總預算案關於交通部中央氣象局單位預算。二、審查107年度中央政府總預算案關於交通部觀光局及所屬單位預算。三、審查107年度中央政府總預算案附屬單位預算非營業部分關於交通部主管交通作業基金－觀光發展基金分預算。(以上3案進行處理)（11月13日及15日二天一次會）,,
106/11/16,九樓大禮堂,財政委員會,無,立法院第9屆第4會期財政委員會第13次全體委員會議,邀請財政部許部長虞哲率所屬機關首長暨國營事業董事長、總經理(含各轉投資事業機構公股代表之董、監事)列席業務報告，並備質詢。(11月15日及11月16日兩天一次會) ,黃國昌;吳秉叡;盧秀燕;林德福;賴士葆;施義芳;王榮璋;郭正亮;余宛如;江永昌;羅明才;費鴻泰;邱志偉;鄭天財Sra．Kacaw;吳志揚;曾銘宗;李昆澤;鍾佳濱;蔡易餘,
106/11/16,群賢樓101會議室,司法及法制委員會,無,立法院第9屆第4會期司法及法制委員會第14次全體委員會議（兩天一次會）,審查107年度中央政府總預算案關於法務部及所屬主管收支部分。（僅進行詢答）（11月15日及16日兩天一次會）,段宜康;吳志揚;柯建銘;楊鎮浯;葉宜津;王育敏;林為洲;鄭天財Sra．Kacaw;曾銘宗;林德福;尤美女;陳明文;柯志恩;李俊俋;羅明才;劉櫂豪;邱志偉;蔡易餘;李昆澤,
106/11/16,紅樓301會議室,外交及國防委員會,無,立法院第9屆第4會期外交及國防委員會第14次全體委員會議,繼續審查107年度中央政府總預算案關於僑務委員會主管收支機密及公開部分。（處理））(11月15日及16日二天一次會),,
106/11/16,紅樓202會議室,內政委員會,無,立法院第9屆第4會期內政委員會第17次全體委員會議,一、審查107年度中央政府總預算案關於行政院主管收支部分。二、審查行政院「辦理政策宣導相關之廣告彙整表」共3案。(委員如有相關提案請於11月15日下午6時前送至內政委員會，並將電子檔傳至lyic5502@gmail.com，俾利彙整。),曾銘宗;陳怡潔;林麗蟬;張宏陸;趙天麟;洪宗熠;賴瑞隆;谷辣斯．尤達卡Kolas Yotaka;邱志偉;吳琪銘;羅明才;鍾佳濱;鄭天財Sra．Kacaw;吳志揚;陳明文;黃昭順;姚文智;陳其邁;徐榛蔚,
106/11/16,紅樓101會議室,經濟委員會,無,立法院第9屆第4會期經濟委員會第13次全體委員會議,繼續審查107年度中央政府總預算案關於經濟部及所屬單位預算部分。(處理)(11月15日、16日二天一次會),,
106/11/16,群賢樓801會議室,社會福利及衛生環境委員會,無,立法院第9屆第4會期社會福利及衛生環境委員會第12次全體委員會議,一、邀請勞動部部長就「監察院糾正勞動部我國勞動檢查人力長期不足等問題、現行工會組織率涵蓋率過低以及勞資會議形同虛設等問題提出具體改善建議與措施」進行專案報告，並備質詢。二、審查（一）本院委員鄭天財Sra Kacaw等17人擬具「勞動基準法增訂第三十七條之一條文草案」、（二）委員李彥秀等16人擬具「勞動基準法第五十九條條文修正草案」、（三）親民黨黨團擬具「勞動基準法第六十一條條文修正草案」及（四）委員蔣萬安等20人擬具「勞動基準法第六十一條條文修正草案」等4案。(詢答),李彥秀;陳曼麗;林靜儀;楊曜;陳瑩;邱泰源;吳玉琴;黃秀芳;徐永明;鄭天財Sra．Kacaw;鍾佳濱;蔣萬安;吳志揚;許淑華;邱志偉;羅明才;李昆澤;江永昌;劉建國;林淑芬,
106/11/17,群賢樓101會議室,經費稽核委員會,無,立法院第122屆經費稽核委員會第5次會議,一、宣讀上次會議議事錄二、報告本院106年度預算執行情形(截至106年10月止),,
106/11/17,紅樓301會議室,朝野黨團協商(司法及法制委員會),無,立法院朝野黨團協商,協商委員劉世芳等28人擬具「卸任總統副總統禮遇條例第二條及第三條條文修正草案」案。 ,,
106/11/20,九樓大禮堂,財政委員會,無,立法院第9屆第4會期財政委員會第14次全體委員會議,審查行政院函請審議「證券投資信託及顧問法部分條文修正草案」案。(11月20日及11月22日兩天一次會) ,黃國昌;吳秉叡;賴士葆;林德福;余宛如;盧秀燕;王榮璋;施義芳;郭正亮;鍾孔炤;陳賴素美;費鴻泰;徐榛蔚;邱志偉;蔣乃辛;陳亭妃;李昆澤;蕭美琴;鄭天財Sra．Kacaw;林俊憲;黃昭順;王惠美;蘇震清;曾銘宗;江永昌;呂玉玲;張麗善;羅明才;周陳秀霞;劉世芳,
106/11/20,紅樓201會議室,交通委員會,無,立法院第9屆第4會期交通委員會第10次全體委員會議,審查107年度中央政府總預算案附屬單位預算營業部分關於交通部主管桃園國際機場股份有限公司營業預算。(詢答)(11月20日、22日及23日三天一次會),鄭寶清;趙正宇;李昆澤;陳歐珀;洪慈庸;葉宜津;林俊憲;黃國書;鍾佳濱;周春米;徐榛蔚;陳雪生;李鴻鈞;陳素月;鄭運鵬;江啟臣;施義芳;林德福;黃偉哲;鄭天財Sra．Kacaw;劉世芳;李彥秀;蕭美琴;陳怡潔;黃昭順;王惠美;鍾孔炤;蔣乃辛;呂玉玲;陳明文;張麗善;顏寬恒;邱志偉;羅明才,
106/11/20,紅樓101會議室,經濟委員會,無,立法院第9屆第4會期經濟委員會第14次全體委員會議,審查107年度中央政府總預算案附屬單位預算非營業部分關於行政院主管：行政院國家發展基金、離島建設基金及花東地區永續發展基金。(詢答),林岱樺;邱議瑩;黃偉哲;蕭美琴;高志鵬;陳明文;徐永明;管碧玲;王惠美;邱志偉;孔文吉;蘇震清;張麗善;蘇治芬;鍾佳濱;余宛如;鄭天財Sra．Kacaw;林德福;陳亭妃;曾銘宗;李昆澤;江啟臣;林俊憲;陳怡潔;黃昭順;吳思瑤;呂玉玲;鍾孔炤;吳玉琴;蔣乃辛;葉宜津;徐榛蔚;吳焜裕;劉櫂豪;劉世芳;周陳秀霞;陳賴素美;羅明才;陳超明,
106/11/20,紅樓301會議室,外交及國防委員會,無,立法院第9屆第4會期外交及國防委員會第15次全體委員會議,一、審查107年度中央政府總預算案關於國軍退除役官兵輔導委員會主管收支部分。（詢答）二、處理院會交付國軍退除役官兵輔導委員會106年度中央政府總預算決議凍結案等3案。,羅致政;蔡適應;林昶佐;馬文君;江啟臣;王定宇;呂玉玲;莊瑞雄;吳焜裕;許毓仁;劉世芳;呂孫綾;鍾佳濱;林俊憲;林德福;黃偉哲;邱志偉;鄭天財Sra．Kacaw;蕭美琴;李彥秀;王惠美;鍾孔炤;蔣乃辛;葉宜津;張麗善;徐榛蔚;顏寬恒;周陳秀霞;羅明才,
106/11/20,群賢樓101會議室,教育及文化委員會,無,立法院第9屆第4會期教育及文化委員會第10次全體委員會議,一、邀請中央研究院院長列席報告業務概況，並備質詢。二、審查107年度中央政府總預算案有關中央研究院公務預算案。三、審查107年度中央政府總預算案有關中央研究院科學研究基金附屬單位預算案。（詢答及審查；相關提案請於11月20日上午10時前提出） （11月20日、22日及23日三天一次會）,李麗芬;陳亭妃;柯志恩;蘇巧慧;許智傑;吳思瑤;蔣乃辛;高潞．以用．巴魕剌Kawlo．Iyun．Pacidal;張廖萬堅;李彥秀;林德福;何欣純;盧秀燕;鄭天財Sra．Kacaw;邱志偉;林俊憲;蕭美琴;李昆澤;江啟臣;鍾佳濱;孔文吉;王惠美;蘇震清;鍾孔炤;張麗善;呂玉玲;吳焜裕;周春米;劉世芳;周陳秀霞;陳賴素美;羅明才;黃偉哲;陳學聖,
106/11/20,議場三樓會議室,朝野黨團協商,無,立法院黨團協商,研商本院第9次院會有關「勞動基準法部分條文修正草案」等案付委審查程序及應先召開公聽會相關事宜。(國民黨黨團提議),,
106/11/20,紅樓202會議室,內政委員會,無,立法院第9屆第4會期內政委員會第18次全體委員會議,一、審查107年度中央政府總預算案關於內政部收支部分。二、審查107年度中央政府總預算案關於內政部營建署及所屬、建築研究所收支部分。三、審查107年度中央政府總預算案（含附屬單位預算及綜計表─非營業部分）關於內政部主管「營建建設基金」、「國土永續發展基金」收支部分。四、審查107年度中央政府總預算案（含附屬單位預算及綜計表─非營業部分）關於內政部主管「黃瑞景先生獎學基金」、「胡原洲女士獎(助)學基金」、「內政部空勤三勇士子女生活照顧基金」收支部分。五、審查107年度財團法人預算案關於內政部函送「財團法人二二八事件紀念基金會」、「財團法人台灣建築中心」、「財團法人臺灣營建研究院」、「財團法人國土規劃及不動產資訊中心」、「財團法人中央營建技術顧問研究社」預算書案。六、審查內政部「補、捐（獎）助其他政府機關、團體或個人經費報告表」共3案。七、審查內政部「辦理政策宣導相關之廣告彙整表」共3案。八、審查內政部函為104年度中央政府總預算該部主管「住宅基金」凍結項目報告案計1案。,顏寬恒;張宏陸;陳怡潔;黃昭順;林麗蟬;賴瑞隆;洪宗熠;曾銘宗;陳明文;吳琪銘;趙天麟;鄭天財Sra．Kacaw;谷辣斯．尤達卡Kolas Yotaka;邱志偉;陳其邁;鍾佳濱;江啟臣;林德福;黃偉哲;李昆澤;李彥秀;蕭美琴;王惠美;鍾孔炤;蔣乃辛;呂玉玲;葉宜津;張麗善;周春米;徐榛蔚;劉世芳;陳雪生;呂孫綾;周陳秀霞;林俊憲;羅明才;趙正宇;姚文智;陳歐珀;蔡易餘,
106/11/20,群賢樓801會議室,社會福利及衛生環境委員會,無,立法院第9屆第4會期社會福利及衛生環境及經濟二委員會第1次聯席會議,併案審查（一）行政院函請審議「勞動基準法部分條文修正草案」。（二）本院國民黨黨團擬具「勞動基準法第三十二條之一、第三十四條及第三十八條條文修正草案」。（三）委員林為洲等16人擬具「勞動基準法第三十八條條文修正草案」。（四）委員陳宜民等19人擬具「勞動基準法第二十四條及第三十八條條文修正草案」。（五）委員黃昭順等16人擬具「勞動基準法第二十四條及第三十八條條文修正草案」。（六）委員李彥秀等17人擬具「勞動基準法部分條文修正草案」等6案。（本日會議只進行詢答）,黃偉哲;吳玉琴;黃秀芳;邱泰源;陳曼麗;徐永明;林靜儀;陳宜民;邱議瑩;邱志偉;蕭美琴;陳明文;李彥秀;陳瑩;蔣萬安;蘇震清;劉建國;張麗善;徐志榮;蘇治芬;許淑華;周陳秀霞;吳秉叡;林德福;盧秀燕;黃國昌;林昶佐;陳亭妃;李昆澤;鄭天財Sra．Kacaw;林岱樺;曾銘宗;何欣純;江啟臣;鍾佳濱;林俊憲;黃昭順;蔣乃辛;林麗蟬;呂玉玲;鍾孔炤;許毓仁;徐榛蔚;周春米;高潞．以用．巴魕剌Kawlo．Iyun．Pacidal;吳焜裕;陳賴素美;陳雪生;羅明才;洪慈庸;柯志恩;林為洲;李鴻鈞;王惠美;林淑芬;王育敏;顏寬恒;劉世芳;陳超明;管碧玲;江永昌;楊曜,
106/11/20,紅樓302會議室,司法及法制委員會,內政委員會,立法院第9屆第4會期司法及法制、內政委員會第2次聯席會議,繼續審查行政院函請審議「國家住宅及都市更新中心設置條例草案」案。（11月20日及23日上午為一次會）,,
106/11/21,紅樓201會議室,程序委員會,無,第9屆第4會期程序委員會第10次會議, 審定本院第9屆第4會期第10次會議議事日程及  人民請願案,谷辣斯．尤達卡Kolas Yotaka;曾銘宗;高潞．以用．巴魕剌Kawlo．Iyun．Pacidal;陳怡潔,
106/11/21,群賢樓502會議室,朝野黨團協商(內政委員會),無,立法院朝野黨團協商,本院內政委員會報告審查委員王育敏等19人擬具「公寓大廈管理條例第十六條及第二十三條條文修正草案」案。 ,,
106/11/22,九樓大禮堂,財政委員會,無,立法院第9屆第4會期財政委員會第14次全體委員會議,一、審查行政院函請審議「海關進口稅則部分稅則修正草案」案。二、審查行政院函請審議「菸酒管理法第五十七條及第五十九條條文修正草案」案。三、審查本院委員曾銘宗等17人擬具「菸酒管理法第五十七條及第五十九條條文修正草案」案。四、審查行政院函請審議「臺灣金融控股股份有限公司條例第十二條之一條文修正草案」案。(11月20日及11月22日兩天一次會) ,黃國昌;吳秉叡;林德福;王榮璋;賴士葆;施義芳;余宛如;陳賴素美;郭正亮;江永昌;費鴻泰;呂玉玲;曾銘宗;鄭天財Sra．Kacaw;何欣純;陳明文;張麗善;鍾孔炤;黃昭順;吳志揚;廖國棟Sufin．Siluko;顏寬恒;羅明才,
106/11/22,紅樓202會議室,內政委員會,無,立法院第9屆第4會期內政委員會第19次全體委員會議,一、審查107年度中央政府總預算案關於行政院海岸巡防署主管─海岸巡防署、海洋巡防總局、海岸巡防總局及所屬收支部分。二、審查行政院海岸巡防署及所屬「辦理政策宣導相關之廣告彙整表」共2案。(本次會議僅進行詢答，不處理提案),曾銘宗;洪宗熠;陳怡潔;張宏陸;黃昭順;顏寬恒;林麗蟬;趙天麟;鄭天財Sra．Kacaw;賴瑞隆;陳賴素美;葉宜津;江啟臣;呂玉玲;黃偉哲;陳明文;蔡易餘;鍾孔炤;何欣純;姚文智;羅明才;吳志揚;張麗善;廖國棟Sufin．Siluko;吳琪銘;蔣萬安;蕭美琴;谷辣斯．尤達卡Kolas Yotaka;邱志偉;江啟臣,
106/11/22,紅樓301會議室,外交及國防委員會,無,立法院第9屆第4會期外交及國防委員會第16次全體委員會議,邀請國防部部長、外交部次長、金融監督管理委員會副主任委員、行政院公共工程委員會副主任委員、行政院農業委員會漁業署副署長報告「慶富造船股份有限公司相關政府標案（獵雷艦、海巡艇、海科館、吐瓦魯漁船）之後續檢討與因應作為」，併請國家安全局副局長、財政部次長、經濟部次長、教育部次長、法務部次長、行政院海岸巡防署副署長列席，並備質詢。,呂玉玲;蔡適應;莊瑞雄;江啟臣;羅致政;王定宇;劉世芳;馬文君;林昶佐;呂孫綾;吳焜裕;林德福;王育敏;曾銘宗;黃國昌;賴士葆;趙天麟;林為洲;鄭天財Sra．Kacaw;陳明文;蔡易餘;鍾孔炤;何欣純;黃昭順;羅明才;張麗善;吳志揚;廖國棟Sufin．Siluko;顏寬恒;陳賴素美;蔣萬安;李彥秀;黃偉哲;林俊憲;王惠美;費鴻泰;邱志偉,
106/11/22,紅樓101會議室,經濟委員會,無,立法院第9屆第4會期經濟委員會第15次全體委員會議,審查107年度中央政府總預算案附屬單位預算非營業部分關於行政院農業委員會主管：農業作業基金、農業特別收入基金。(詢答),黃偉哲;徐永明;陳明文;蘇震清;蕭美琴;邱志偉;張麗善;管碧玲;孔文吉;高志鵬;蘇治芬;王惠美;葉宜津;曾銘宗;鄭天財Sra．Kacaw;劉世芳;江啟臣;何欣純;蔡易餘;鍾孔炤;羅明才;黃昭順;吳志揚;廖國棟Sufin．Siluko;吳焜裕;賴瑞隆;徐榛蔚;陳賴素美;蔣萬安;顏寬恒;陳曼麗;邱議瑩;陳怡潔,
106/11/22,紅樓302會議室,司法及法制委員會,無,立法院第9屆第4會期司法及法制委員會,「政治檔案法制化」公聽會,,
106/11/22,議場三樓會議室,朝野黨團協商,無,立法院黨團協商,一、研商處理「國家文化藝術基金會設置條例修正草案」、「租賃住宅市場發展條例草案」、「香港澳門關係條例增訂第二十九條之一條文草案」、「國家人權博物館組織法草案」及廢止「蒙藏委員會組織法」等案相關事宜。(民進黨黨團提案)二、繼續研商本院第9次院會有關「勞動基準法部分條文修正草案」等案付委審查程序及應先召開公聽會相關事宜。(國民黨黨團提議),,
106/11/22,紅樓201會議室,交通委員會,無,立法院第9屆第4會期交通委員會第10次全體委員會議,審查107年度中央政府總預算案附屬單位預算營業部分關於交通部主管桃園國際機場股份有限公司營業預算。(進行處理)(11月20日、22日及23日三天一次會),,
106/11/22,群賢樓101會議室,教育及文化委員會,無,立法院第9屆第4會期教育及文化委員會第10次全體委員會議,繼續審查107年度中央政府總預算案有關教育部及所屬單位預算案。 （11月20日、22日及23日三天一次會） ,,
106/11/23,紅樓101會議室,經濟委員會,無,立法院第9屆第4會期經濟委員會第16次全體委員會議,一、繼續審查行政院函請審議「有機農業促進法草案」案。二、繼續審查本院委員蕭美琴等22人擬具「有機農糧產業促進條例草案」案。三、繼續審查本院委員陳亭妃等20人擬具「有機農業促進條例草案」案。四、繼續審查本院委員蔡培慧等23人擬具「有機農業促進法草案」案。五、繼續審查本院委員吳焜裕等30人擬具「有機農業促進法草案」案。(逐條討論),,
106/11/23,九樓大禮堂,財政委員會,經濟委員會、內政委員會,立法院第9屆第4會期財政、內政、經濟委員會第1次聯席會議,審查「107年度至108年度中央政府流域綜合治理計畫第3期特別預算案」。,黃國昌;吳秉叡;賴士葆;林德福;孔文吉;黃偉哲;張宏陸;施義芳;蕭美琴;蘇治芬;王榮璋;陳明文;余宛如;蘇震清;郭正亮;陳賴素美;吳琪銘;曾銘宗;賴瑞隆;徐榛蔚;李昆澤;費鴻泰;林麗蟬;鄭天財Sra．Kacaw;張麗善;吳志揚;羅明才;林俊憲;陳瑩;鍾孔炤;江永昌;洪宗熠;陳超明,
106/11/23,紅樓201會議室,交通委員會,無,立法院第9屆第4會期交通委員會第10次全體委員會議,一、審查行政院函請審議「民用航空法部分條文修正草案」案。二、審查親民黨黨團擬具「民用航空法部分條文修正草案」案。三、審查委員李昆澤等23人擬具「民用航空法部分條文修正草案」案。四、審查委員邱志偉等23人擬具「民用航空法部分條文修正草案」案。五、審查委員楊鎮浯等17人擬具「民用航空法部分條文修正草案」案。六、審查委員邱志偉等18人擬具「民用航空法第二條及第一百十二條條文修正草案」案。七、審查委員葉宜津等19人擬具「民用航空法增訂第六條之一條文草案」案。八、審查委員鄭寶清等21人擬具「民用航空法增訂第七條之二及第一百十九條之五條文草案」案。九、審查委員黃國書等18人擬具「民用航空法第三十四條條文修正草案」案。十、審查委員黃國書等19人擬具「民用航空法增訂第三十七條之一條文草案」案。十一、審查委員陳素月等17人擬具「民用航空法第四十條條文修正草案」案。十二、審查委員邱志偉等20人擬具「民用航空法第四十一條之一、第一百十一條及第一百十二條條文修正草案」案。十三、審查委員蘇震清等23人擬具「民用航空法第四十三條之三、第一百零一條及第一百零二條條文修正草案」案。十四、審查委員李昆澤等21人擬具「民用航空法增訂第四十三條之三及第一百零一條之一條文草案」案。十五、審查委員鄭運鵬等25人擬具「民用航空法增訂第四十九條之一條文草案」案。十六、審查委員趙正宇等17人擬具「民用航空法第五十八條之一及第九十三條條文修正草案」案。十七、審查委員鄭寶清等17人擬具「民用航空法第五十九條及第一百十二條之九條文修正草案」案。十八、審查委員王育敏等16人擬具「民用航空法增訂第一百零一條之一條文草案」案。十九、審查委員李昆澤等17人擬具「民用航空法第一百十九條之二條文修正草案」案。(以上第1案及第4案如經院會復議，則不予審查)(以上19案於詢答時合併進行)(11月20日、22日及23日三天一次會),鄭寶清;陳歐珀;趙正宇;李昆澤;周春米;洪慈庸;陳素月;鍾佳濱;黃國書;林俊憲;李鴻鈞;陳雪生;葉宜津;楊鎮浯;鄭運鵬;陳明文;徐榛蔚;鍾孔炤;林德福;鄭天財Sra．Kacaw;羅明才;劉世芳;吳志揚,
106/11/23,紅樓302會議室,司法及法制委員會,無,立法院第9屆第4會期司法及法制委員會第15次全體委員會議,一、審查行政院、考試院函請審議「行政院功能業務與組織調整暫行條例第二十一條條文修正草案」案。【本案如經院會復議，則不予審查。】 二、審查行政院函請審議廢止「行政院人事行政總處公務人力發展中心組織法」及「行政院人事行政總處地方行政研習中心組織法」案。 三、審查行政院函請審議「總統副總統文物管理條例增訂第六條之一、第六條之二及第七條之一條文草案」案。 四、審查委員鄭運鵬等18人擬具「破產法第十三條條文修正草案」案。 五、審查委員鄭運鵬等18人擬具「破產法施行法第六條條文修正草案」案。 六、審查委員鄭運鵬等18人擬具「強制執行法第六十五條及第八十四條條文修正草案」案。 七、審查委員鄭運鵬等18人擬具「強制執行法第一百四十二條條文修正草案」案。 八、審查委員鄭運鵬等17人擬具「非訟事件法第九十三條及第一百八十七條條文修正草案」案。 九、審查委員鄭運鵬等18人擬具「非訟事件法第一百九十八條條文修正草案」案。 十、審查委員鄭運鵬等18人擬具「民事訴訟法部分條文修正草案」案。 十一、審查委員鄭運鵬等18人擬具「民事訴訟法施行法第十二條條文修正草案」案。 十二、審查委員鄭運鵬等18人擬具「消費者債務清理條例第十四條條文修正草案」案。 十三、審查委員鄭運鵬等18人擬具「家事事件法第一百三十條條文修正草案」案。 十四、審查委員鄭運鵬等18人擬具「行政訴訟法第八十二條及第九十八條之六條文修正草案」案。,吳志揚;葉宜津;段宜康;鍾孔炤;李俊俋;尤美女;黃昭順;林德福;羅明才;鍾佳濱;林麗蟬;鄭運鵬;劉世芳;蔡易餘;楊鎮浯;劉櫂豪,
106/11/23,紅樓202會議室,內政委員會,無,立法院第9屆第4會期內政委員會第20次全體委員會議一、「公職人員選舉罷免法」部分：,（一）繼續審查本院委員廖國棟等17人擬具「公職人員選舉罷免法增訂部分條文草案」案。 （二）繼續審查本院委員鄭天財Sra Kacaw等16人擬具「公職人員選舉罷免法第十七條條文修正草案」案。 二、繼續審查本院委員鄭天財Sra Kacaw等17人擬具「總統副總統選舉罷免法第十三條條文修正草案」案。 三、「原住民族基本法」部分： (一) 繼續審查本院委員鄭天財Sra Kacaw等20人擬具「原住民族基本法第十八條條文修正草案」案。 (二) 繼續審查本院委員鄭天財Sra Kacaw等19人擬具「原住民族基本法增訂第二十八條之一條文草案」案。 (三) 繼續審查本院委員陳瑩等22人擬具「原住民族基本法第三十一條條文修正草案」案。 (四) 繼續審查本院委員廖國棟等18人擬具「原住民族基本法第十五條條文修正草案」案。 (五) 繼續審查本院委員廖國棟等16人擬具「原住民族基本法第十九條條文修正草案」案。,,
106/11/23,紅樓101會議室,社會福利及衛生環境委員會,法院第9屆第4會期社會福利及衛生環境及經濟委員會,立法院第9屆第4會期社會福利及衛生環境及經濟二委員會第2次聯席會議,繼續併案審查（一）行政院函請審議「勞動基準法部分條文修正草案」。（二）本院國民黨黨團擬具「勞動基準法第三十二條之一、第三十四條及第三十八條條文修正草案」。（三）委員林為洲等16人擬具「勞動基準法第三十八條條文修正草案」。（四）委員陳宜民等19人擬具「勞動基準法第二十四條及第三十八條條文修正草案」。（五）委員黃昭順等16人擬具「勞動基準法第二十四條及第三十八條條文修正草案」。（六）委員李彥秀等17人擬具「勞動基準法部分條文修正草案」等6案。,,
106/11/23,群賢樓101會議室,教育及文化委員會,無,立法院第9屆第4會期教育及文化委員會第10次全體委員會議,繼續審查107年度中央政府總預算案有關行政院原子能委員會及所屬單位預算案。（11月20日、22日及23日三天一次會）,,
106/11/27,紅樓202會議室,內政委員會,無,立法院第9屆第4會期內政委員會第21次全體委員會議,上午繼續審查一、107年度中央政府總預算案關於內政部消防署及所屬、移民署收支部分。二、107年度中央政府總預算案（含附屬單位預算及綜計表─非營業部分）關於內政部主管「新住民發展基金」收支部分。(僅處理提案),,
106/11/27,九樓大禮堂,財政委員會,無,立法院第9屆第4會期財政委員會第15次全體委員會議,邀請財政部許部長虞哲、金融監督管理委員會顧主任委員立雄針對「財政部所屬公股行庫及農業金庫，就追討慶富集團為履行國防部『康平專案』相關之所有聯貸、自貸等資金借償情形提出檢討」進行專題報告，並備質詢。,黃國昌;吳秉叡;曾銘宗;賴士葆;費鴻泰;盧秀燕;郭正亮;施義芳;林德福;羅明才;江永昌;陳賴素美;王榮璋;余宛如;馬文君;吳志揚;黃偉哲;鍾孔炤;張麗善;周陳秀霞;邱志偉;許毓仁,
106/11/27,紅樓302會議室,司法及法制委員會,無,立法院第9屆第4會期司法及法制委員會第16次全體委員會議,審查107年度中央政府總預算案關於立法院主管收支部分。（僅進行詢答）,吳志揚;葉宜津;李俊俋;廖國棟Sufin．Siluko;鍾孔炤;段宜康;王育敏;黃偉哲;林為洲;楊鎮浯;蕭美琴;羅明才;李彥秀;李麗芬;劉世芳;徐永明;陳賴素美;徐榛蔚;林德福;尤美女;周陳秀霞;鄭天財Sra．Kacaw;蔡易餘;劉櫂豪,
106/11/27,紅樓202會議室,內政委員會,無,立法院第9屆第4會期內政委員會第21次全體委員會議,下午繼續併案審查一、行政院函請審議「社會團體法草案」案。二、本院委員賴瑞隆等16人擬具「社會團體法草案」案。三、本院委員洪宗熠等25人 擬具「社會團體法草案」案。(不再辦理發言登記),,
106/11/27,紅樓301會議室,外交及國防委員會,無,立法院第9屆第4會期外交及國防委員會第17次全體委員會議【含秘密會議】,繼續審查107年度中央政府總預算案關於國家安全局收支機密及公開部分。【處理先秘密、後公開】(11月27日、29日及30日三天一次會),,
106/11/27,紅樓101會議室,經濟委員會,無,立法院第9屆第4會期經濟委員會第17次全體委員會議,邀請經濟部部長率國際貿易局局長、中華民國對外貿易發展協會董事長及行政院經貿談判辦公室主任針對1.「經濟部及其駐外單位執行招商業務及促進雙邊經貿關係之具體成果」2.「透過新南向政策強化與東南亞16國雙邊關係及經貿合作之執行情形及成果」3.「推動我國加入CPTPP之經貿戰略規劃」進行報告，並備質詢。(11月27日、29日、30日三天一次會),黃偉哲;高志鵬;徐永明;陳明文;蕭美琴;蘇治芬;陳超明;張麗善;管碧玲;邱志偉;林岱樺;林德福;江啟臣;吳志揚;劉世芳;施義芳;葉宜津;羅明才;黃昭順;賴瑞隆;陳曼麗;吳焜裕;徐榛蔚;陳賴素美;周陳秀霞;鍾孔炤;鄭天財Sra．Kacaw;徐榛蔚,
106/11/27,群賢樓101會議室,教育及文化委員會,無,立法院第9屆第4會期教育及文化委員會第11次全體委員會議,邀請教育部部長列席就「107年度原住民、新住民預算編列」進行專題報告，並備質詢。另邀請原住民族委員會、內政部就上述相關主管業務派員列席備詢。 （11月27、29及30日三天一次會）,柯志恩;何欣純;蔣乃辛;張廖萬堅;蘇巧慧;高金素梅;許智傑;李麗芬;陳學聖;吳焜裕;鄭天財Sra．Kacaw;陳瑩;林麗蟬;陳亭妃;徐榛蔚,
106/11/27,群賢樓801會議室,社會福利及衛生環境委員會,無,立法院社會福利及衛生環境委員會13次全體委員會議,邀請衛生福利部部長及勞動部次長就「如何解決照顧服務員面臨勞動條件惡劣、低薪及人力不足的困境」進行專案報告，並備質詢。,陳宜民;李彥秀;吳玉琴;陳曼麗;徐志榮;邱泰源;周陳秀霞;黃秀芳;蔣萬安;許淑華;黃國昌;林德福;楊曜;鄭天財Sra．Kacaw;陳瑩;許毓仁;劉建國;羅明才;鍾孔炤;林為洲;徐榛蔚;黃昭順;林靜儀;陳賴素美;張麗善;吳焜裕;林淑芬;江啟臣;吳志揚;黃偉哲;吳秉叡;賴瑞隆;邱志偉,
106/11/28,群賢樓802會議室,朝野黨團協商(內政委員會),無,立法院朝野黨團協商,公民投票法修正草案,,
106/11/28,紅樓201會議室,程序委員會,無,第9屆第4會期程序委員會第11次會議, 審定本院第9屆第4會期第11次會議議事日程及  人民請願案,谷辣斯．尤達卡Kolas Yotaka;江啟臣;高潞．以用．巴魕剌Kawlo．Iyun．Pacidal,
106/11/28,群賢樓101會議室,朝野黨團協商(社會福利及衛生環境委員會),無,立法院朝野黨團協商,協商本院委員李彥秀等18人和委員邱泰源等22人分別擬具「醫療法第八十二條條文修正草案」案。,,
106/11/29,紅樓302會議室,司法及法制委員會,無,立法院第9屆第4會期司法及法制委員會第17次全體委員會議,一、邀請法務部部長率相關人員列席就「特偵組廢除後之現行檢察體制運作檢討」進行專題報告，並備質詢。二、繼續審查107年度中央政府總預算案關於法務部及所屬主管收支部分。（11月29日及30日兩天一次會）,段宜康;吳志揚;葉宜津;李俊俋;鍾孔炤;林為洲;林德福;王育敏;賴士葆;曾銘宗;蔡適應;楊鎮浯;蔡易餘;李彥秀;高金素梅;馬文君;江啟臣;尤美女;周春米;邱志偉;陳明文;蔣乃辛;呂玉玲;羅明才;張麗善;陳賴素美;何欣純;劉世芳;鄭天財Sra．Kacaw;鍾佳濱;廖國棟Sufin．Siluko,
106/11/29,紅樓301會議室,外交及國防委員會,無,立法院第9屆第4會期外交及國防委員會第17次全體委員會議【含秘密會議】,一、審查107年度中央政府總預算案關於外交部主管收支機密及公開部分。【報告（先公開、後秘密），詢答及處理（先秘密、後公開）】二、處理院會交付外交部106年度中央政府總預算決議凍結案等4案。(11月27日、29日及30日三天一次會),,
106/11/29,紅樓202會議室,內政委員會,無,立法院第9屆第4會期內政委員會第22次全體委員會議,下午繼續併案審查一、行政院函請審議「社會團體法草案」案。二、本院委員賴瑞隆等16人擬具「社會團體法草案」案。三、本院委員洪宗熠等25人擬具「社會團體法草案」案。(不再辦理發言登記),,
106/11/29,紅樓101會議室,經濟委員會,無,立法院第9屆第4會期經濟委員會第17次全體委員會議,邀請經濟部部長率台灣中油股份有限公司董事長針對油氣輸儲暨相關費用、工安問題改善及油源探勘業務問題進行報告，並備質詢。(11月27日、29日、30日三天一次會),林岱樺;徐永明;邱議瑩;黃偉哲;陳明文;蘇震清;葉宜津;管碧玲;張麗善;陳超明;高志鵬;蘇治芬;邱志偉;陳歐珀;林俊憲;吳志揚;鍾孔炤;高金素梅;林德福;施義芳;劉世芳;周春米;黃昭順;鍾佳濱;蔣乃辛;吳焜裕;賴瑞隆;呂玉玲;陳賴素美;羅明才;何欣純;蔡適應;江啟臣;蔡易餘,
106/11/29,議場三樓會議室,朝野黨團協商,無,立法院黨團協商,研商「促進轉型正義條例草案」及「公民投票法修正草案」相關事宜。(民進黨黨團提議),,
106/11/29,九樓大禮堂,教育及文化委員會,無,立法院第9屆第4會期教育及文化委員會第11次全體委員會議,一、審查107年度中央政府總預算案有關文化部及所屬單位預算案。二、審查107年度行政法人國家表演藝術中心預算案。三、審查107年度中央政府總預算案有關文化部主管國立文化機構作業基金附屬單位預算案。四、審查107年度文化部主管政府捐助基金累計超過50%之財團法人等12家財團法人預算案。（僅進行詢答） （11月27、29及30日三天一次會）,蘇巧慧;陳亭妃;吳思瑤;張廖萬堅;高金素梅;蔣乃辛;李麗芬;許智傑;蔡培慧;何欣純;陳學聖;李昆澤;黃國書;高潞．以用．巴魕剌Kawlo．Iyun．Pacidal;鄭天財Sra．Kacaw;林德福;陳歐珀;鍾佳濱;吳志揚;劉世芳;邱志偉;鍾孔炤;黃昭順;陳賴素美;呂玉玲;羅明才;張麗善,
106/11/29,紅樓201會議室,交通委員會,無,立法院第9屆第4會期交通委員會第11次全體委員會議,一、審查107年度中央政府總預算案附屬單位預算非營業部分關於交通部主管交通作業基金－國道公路建設管理基金分預算。二、審查107年度中央政府總預算案附屬單位預算非營業部分關於交通部主管交通作業基金－高速鐵路相關建設基金分預算。(以上2案合併詢答)(11月29日及30日二天一次會),鄭寶清;趙正宇;李昆澤;洪慈庸;鍾佳濱;陳歐珀;林俊憲;周春米;黃國書;鄭運鵬;陳素月;陳雪生;葉宜津;李鴻鈞;徐榛蔚;高金素梅;施義芳;李彥秀;劉世芳;邱志偉;陳明文;鍾孔炤;蔣乃辛;呂玉玲;羅明才;陳賴素美;張麗善;何欣純;吳志揚;賴士葆;蔡易餘,
106/11/29,紅樓301會議室,外交及國防委員會,無,立法院第9屆第4會期外交及國防委員會第17次全體委員會議【含秘密會議】,一、審查107年度中央政府總預算案關於外交部主管收支機密及公開部分。【報告（先公開、後秘密），詢答及處理（先秘密、後公開）】二、處理院會交付外交部106年度中央政府總預算決議凍結案等4案。(11月27日、29日及30日三天一次會),劉世芳;許毓仁;莊瑞雄;蔡適應;江啟臣;林昶佐;王定宇;馬文君;劉世芳;羅致政;吳焜裕;呂玉玲;許毓仁;吳志揚;鍾佳濱;林德福;賴士葆;鄭天財Sra．Kacaw;高金素梅;李彥秀;周春米;邱志偉;陳明文;鍾孔炤;蔣乃辛;張麗善;羅明才;陳賴素美;何欣純;陳雪生,
106/11/29,紅樓301會議室,外交及國防委員會,無,立法院外交及國防委員會獵雷艦調閱專案小組第3次全體委員會議,研商調閱處理終結日及相關事項,,
106/11/29,群賢樓101會議室,財政委員會,無,立法院第9屆第4會期財政委員會第16次全體委員會議,審查中華民國107年度中央政府總預算案有關財政部、國庫署、財政資訊中心收支部分。（僅進行詢答）,吳秉叡;黃國昌;賴士葆;林德福;余宛如;盧秀燕;王榮璋;施義芳;費鴻泰;郭正亮;陳賴素美;羅明才;許智傑;曾銘宗;鄭天財Sra．Kacaw;黃國書;鍾佳濱;吳志揚;張廖萬堅;陳歐珀;李彥秀;劉世芳;邱志偉;蔣乃辛;陳明文;鍾孔炤;黃昭順;張麗善;呂玉玲;江永昌;何欣純;高潞．以用．巴魕剌Kawlo．Iyun．Pacidal,
106/11/29,紅樓202會議室,內政委員會,無,立法院第9屆第4會期內政委員會第22次全體委員會議,上午繼續審查107年度中央政府總預算案關於不當黨產處理委員會收支部分。(僅處理提案),,
106/11/30,群賢樓801會議室,社會福利及衛生環境委員會,無,立法院第9屆第4會期社會福利及衛生環境委員會第14次全體委員會議,一、審查中華民國107年度中央政府總預算案有關行政院環境保護署主管預算（公務及基金預算)案。(預算詢答)二、邀請行政院環境保護署李應元署長就「赴德國波昂參加聯合國氣候變化綱要公約第23次締約國會議(the 23rd Conference of the Parties COP23)之成果」進行專案報告，並備質詢。,楊曜;陳宜民;許淑華;徐志榮;周陳秀霞;林德福;邱泰源;吳玉琴;黃秀芳;蘇治芬;陳瑩;李彥秀;賴瑞隆;洪慈庸;林淑芬;陳曼麗;蔣萬安;劉建國,
106/11/30,群賢樓101會議室,教育及文化委員會,無,立法院第9屆第4會期教育及文化委員會第11次全體委員會議,一、審查107年度中央政府總預算案有關科技部及所屬單位預算案。二、審查107年度行政法人國家災害防救科技中心預算案。三、審查107年度行政院主管行政院國家科學技術發展基金附屬單位預算案。四、審查107年度科技部主管科學工業園區管理局作業基金附屬單位預算案。(僅進行詢答) （11月27、29及30日三天一次會）,陳亭妃;蘇巧慧;張廖萬堅;蔣乃辛;李麗芬;許智傑;賴瑞隆;何欣純;羅明才;陳學聖;吳思瑤;鄭天財Sra．Kacaw;黃昭順;張麗善;王惠美;蔡培慧;吳焜裕;高潞．以用．巴魕剌Kawlo．Iyun．Pacidal;黃偉哲;高金素梅,
106/11/30,紅樓101會議室,經濟委員會,無,立法院第9屆第4會期經濟委員會第17次全體委員會議,審查107年度中央政府總預算案附屬單位預算營業部分關於經濟部主管：台灣中油股份有限公司、台灣自來水股份有限公司。(詢答)(11月27日、29日、30日三天一次會),黃偉哲;徐永明;陳明文;蘇治芬;王惠美;張麗善;蘇震清;邱志偉;黃昭順;鄭天財Sra．Kacaw;管碧玲;陳超明;羅明才;劉世芳;吳焜裕;賴瑞隆;何欣純;鍾孔炤;徐榛蔚;蔡適應;蔡易餘;葉宜津,
106/11/30,紅樓201會議室,交通委員會,無,立法院第9屆第4會期交通委員會第11次全體委員會議,一、審查107年度中央政府總預算案附屬單位預算非營業部分關於交通部主管交通作業基金－國道公路建設管理基金分預算。二、審查107年度中央政府總預算案附屬單位預算非營業部分關於交通部主管交通作業基金－高速鐵路相關建設基金分預算。(以上2案進行處理)(11月29日及30日二天一次會),,
106/11/30,紅樓302會議室,司法及法制委員會,無,立法院第9屆第4會期司法及法制委員會第17次全體委員會議,三、繼續審查107年度中央政府總預算案關於法務部及所屬主管收支部分。（11月29日及30日兩天一次會）,,
106/11/30,紅樓301會議室,外交及國防委員會,無,立法院第9屆第4會期外交及國防委員會第17次全體委員會議【含秘密會議】,繼續審查107年度中央政府總預算案關於外交部主管收支機密及公開部分。（處理)(11月27日、29日及30日三天一次會),,
106/11/30,議場三樓會議室,朝野黨團協商,無,立法院黨團協商,繼續研商「促進轉型正義條例草案」及「公民投票法修正草案」相關事宜。(民進黨黨團提議),,
106/11/30,紅樓202會議室,內政委員會,無,立法院第9屆第4會期內政委員會第23次全體委員會議,繼續併案審查一、行政院函請審議「客家基本法修正草案」案。二、委員林為洲等18人擬具「客家基本法修正草案」案。（不再辦理發言登記）,,
106/11/30,九樓大禮堂,財政委員會,無,立法院第9屆第4會期財政委員會第17次全體委員會議,一、繼續審查行政院函請審議「所得稅法部分條文修正草案」案。二、繼續審查本院委員林德福等23人、委員徐志榮等18人、委員費鴻泰等23人、委員柯志恩等17人、委員陳怡潔等16人、委員黃昭順等20人、委員王育敏等18人、委員賴士葆等23人、委員王惠美等21人、委員吳琪銘等16人、委員呂玉玲等21人、委員吳志揚等16人、委員吳志揚等18人、委員許毓仁等17人、委員邱志偉等16人、委員邱志偉等16人、委員陳超明等19人、委員林德福等17人、委員邱志偉等18人、委員林德福等20人、委員蔣萬安等23人、委員余宛如等18人、委員蔣乃辛等21人、委員趙天麟等18人、委員蔣乃辛等16人、委員許毓仁等20人、委員賴士葆等19人、委員余宛如等22人、委員邱泰源等24人、委員賴士葆等23人、委員余宛如等19人、本院親民黨黨團、委員盧秀燕等21人、委員盧秀燕等19人、委員賴士葆等22人、委員費鴻泰等17人、委員郭正亮等17人、委員吳秉叡等21人及委員陳學聖等20人分別擬具「所得稅法第十七條條文修正草案」案計39案。三、繼續審查本院委員王定宇等20人擬具「所得稅法第十四條及第十七條條文修正草案」案。四、繼續審查本院委員何欣純等17人擬具「所得稅法第九十二條條文修正草案」案。五、繼續審查本院委員羅明才等18人、委員羅明才等21人、本院時代力量黨團、委員王榮璋等17人、委員江永昌等16人、委員曾銘宗等16人、本院國民黨黨團、本院親民黨黨團及委員余宛如等22人分別擬具「所得稅法部分條文修正草案」案計9案。六、審查本院委員黃昭順等17人擬具「所得稅法第十七條條文修正草案」案。,,
106/11/30,紅樓201會議室,朝野黨團協商(交通委員會),無,立法院朝野黨團協商,併案審查行政院函請審議「道路交通管理處罰條例第三十七條、第六十七條及第八十七條條文修正草案」、委員曾銘宗等16人擬具「道路交通管理處罰條例第九條、第三十五條及第六十七條條文修正草案」、親民黨黨團、委員李鴻鈞等17人、委員郭正亮等17人、委員趙正宇等16人、委員陳曼麗等19人、委員黃偉哲等17人、委員賴瑞隆等17人分別擬具「道路交通管理處罰條例第三十五條條文修正草案」、委員邱志偉等22人擬具「道路交通管理處罰條例第三十五條及第六十七條條文修正草案」、時代力量黨團擬具「道路交通管理處罰條例第三十五條、第三十五條之一及第三十五條之二條文修正草案」、委員鄭寶清等18人擬具「道路交通管理處罰條例第三十五條及第三十五條之一條文修正草案」、委員盧秀燕等34人擬具「道路交通管理處罰條例第三十七條條文修正草案」、委員蕭美琴等19人擬具「道路交通管理處罰條例第四十五條條文修正草案」及委員蕭美琴等19人擬具「道路交通管理處罰條例第六十七條條文修正草案」案。,,
106/12/01,議場三樓會議室,朝野黨團協商,無,立法院黨團協商,繼續研商「促進轉型正義條例草案」及「公民投票法修正草案」相關事宜。(民進黨黨團提議),,
106/12/04,紅樓301會議室,外交及國防委員會,無,立法院第9屆第4會期外交及國防委員會第18次全體委員會議【含秘密會議】,一、審查107年度中央政府總預算案關於國防部主管收支機密及公開部分(不含國家安全局部分)。（詢答）二、處理院會交付國防部105及106年度中央政府總預算決議凍結案等3案。,劉世芳;羅致政;王定宇;蔡適應;江啟臣;林昶佐;馬文君;呂玉玲;呂孫綾;莊瑞雄;劉世芳;吳焜裕;許毓仁;曾銘宗;葉宜津;吳志揚;林德福;林俊憲;蔡易餘;羅明才;洪慈庸;周陳秀霞;李彥秀,
106/12/04,紅樓202會議室,朝野黨團協商(中國國民黨黨團),無,立法院朝野黨團協商(因故取消),1.審查行政院函請審議「國家安全法第五條及第七條條文修正草案」案。2.審查委員Kolas Yotaka等16人擬具「國家安全法第二條之一及第五條條文修正草案」案。3.審查委員鄭天財Sra Kacaw等18人擬具「國家安全法第五條條文修正草案」案。4.審查委員孔文吉等18人擬具「國家安全法第五條條文修正草案」案。5.審查本院委員鄭天財Sra Kacaw等20人擬具「原住民族基本法第十八條條文修正草案」案。6.審查本院委員鄭天財Sra Kacaw等19人擬具「原住民族基本法增訂第二十八條之一條文草案」案。7.審查本院委員陳瑩等22人擬具「原住民族基本法第三十一條條文修正草案」案。8.審查本院委員廖國棟等18人擬具「原住民族基本法第十五條條文修正草案」案。9.審查本院委員廖國棟等16人擬具「原住民族基本法第十九條條文修正草案」案。,,
106/12/04,紅樓302會議室,司法及法制委員會,無,立法院第9屆第4會期司法及法制委員會第18次全體委員會議,一、審查委員王定宇等18人擬具「中華民國刑法部分條文修正草案」案。二、審查委員邱議瑩等17人擬具「組織犯罪防制條例部分條文修正草案」案。三、審查委員王定宇等18人擬具「組織犯罪防制條例第二條條文修正草案」案。四、審查委員何欣純等16人擬具「組織犯罪防制條例第二條條文修正草案」案。五、審查委員林俊憲等16人擬具「組織犯罪防制條例第二條及第三條條文修正草案」案。六、審查委員王定宇等17人擬具「組織犯罪防制條例第二條、第三條及第十二條條文修正草案」案。七、審查委員許淑華等17人擬具「組織犯罪防制條例第二條、第三條及第十二條條文修正草案」案。八、審查委員王定宇等16人擬具「證人保護法第二條條文修正草案」案。九、審查委員許淑華等16人擬具「證人保護法第二條條文修正草案」案。,劉世芳;林德福;葉宜津;蔡易餘;李俊俋;鍾孔炤;尤美女;王育敏;段宜康;羅致政;呂玉玲;王定宇;鄭天財Sra．Kacaw;吳志揚;林俊憲;羅明才;周陳秀霞;廖國棟Sufin．Siluko,
106/12/04,紅樓202會議室,內政委員會,無,立法院第9屆第4會期內政委員會第24次全體委員會議,一、邀請中央選舉委員會主任委員陳英鈐列席報告業務概況（含上會期臨時提案辦理情形），並備質詢。二、審查107年度中央政府總預算案關於中央選舉委員會及所屬收支部分。三、審查中央選舉委員會及所屬「辦理政策宣導相關廣告執行情形」共4案。,曾銘宗;洪宗熠;張宏陸;賴瑞隆;林麗蟬;吳琪銘;陳其邁;呂玉玲;谷辣斯．尤達卡Kolas Yotaka;鄭天財Sra．Kacaw;姚文智;李昆澤;江啟臣;黃昭順;吳志揚;林德福;葉宜津;劉世芳;趙天麟;林俊憲;羅明才;孔文吉;周陳秀霞,
106/12/04,紅樓101會議室,社會福利及衛生環境委員會,法院第9屆第4會期社會福利及衛生環境及經濟委員會,立法院第9屆第4會期社會福利及衛生環境及經濟二委員會第3次聯席會議,繼續併案審查（一）行政院函請審議「勞動基準法部分條文修正草案」。（二）本院國民黨黨團擬具「勞動基準法第三十二條之一、第三十四條及第三十八條條文修正草案」。（三）委員林為洲等16人擬具「勞動基準法第三十八條條文修正草案」。（四）委員陳宜民等19人擬具「勞動基準法第二十四條及第三十八條條文修正草案」。（五）委員黃昭順等16人擬具「勞動基準法第二十四條及第三十八條條文修正草案」。（六）委員李彥秀等17人擬具「勞動基準法部分條文修正草案」等6案。,,
106/12/04,紅樓201會議室,交通委員會,無,立法院第9屆第4會期交通委員會第12次全體委員會議,一、繼續審查行政院函請審議「民用航空法部分條文修正草案」案。二、繼續審查親民黨黨團擬具「民用航空法部分條文修正草案」案。三、繼續審查委員李昆澤等23人擬具「民用航空法部分條文修正草案」案。四、繼續審查委員邱志偉等23人擬具「民用航空法部分條文修正草案」案。五、繼續審查委員楊鎮浯等17人擬具「民用航空法部分條文修正草案」案。六、繼續審查委員邱志偉等18人擬具「民用航空法第二條及第一百十二條條文修正草案」案。七、繼續審查委員葉宜津等19人擬具「民用航空法增訂第六條之一條文草案」案。八、繼續審查委員鄭寶清等21人擬具「民用航空法增訂第七條之二及第一百十九條之五條文草案」案。九、繼續審查委員黃國書等18人擬具「民用航空法第三十四條條文修正草案」案。十、繼續審查委員黃國書等19人擬具「民用航空法增訂第三十七條之一條文草案」案。十一、繼續審查委員陳素月等17人擬具「民用航空法第四十條條文修正草案」案。十二、繼續審查委員邱志偉等20人擬具「民用航空法第四十一條之一、第一百十一條及第一百十二條條文修正草案」案。十三、繼續審查委員蘇震清等23人擬具「民用航空法第四十三條之三、第一百零一條及第一百零二條條文修正草案」案。十四、繼續審查委員李昆澤等21人擬具「民用航空法增訂第四十三條之三及第一百零一條之一條文草案」案。十五、繼續審查委員鄭運鵬等25人擬具「民用航空法增訂第四十九條之一條文草案」案。十六、繼續審查委員趙正宇等17人擬具「民用航空法第五十八條之一及第九十三條條文修正草案」案。十七、繼續審查委員鄭寶清等17人擬具「民用航空法第五十九條及第一百十二條之九條文修正草案」案。十八、繼續審查委員王育敏等16人擬具「民用航空法增訂第一百零一條之一條文草案」案。十九、繼續審查委員李昆澤等17人擬具「民用航空法第一百十九條之二條文修正草案」案。（以上19案進行逐條審查）(12月4日、6日、7日三天一次會),,
106/12/04,九樓大禮堂,財政委員會,無,立法院第9屆第4會期財政委員會第18次全體委員會議,一、彙總整理提出「中華民國107年度中央政府總預算案審查總報告草案」提報院會案。二、審查中華民國107年度中央政府總預算案附屬單位預算營業部分有關中國輸出入銀行、臺灣金融控股股份有限公司（含臺灣銀行股份有限公司、臺銀人壽保險股份有限公司、臺銀綜合證券股份有限公司）、臺灣土地銀行股份有限公司（含土銀保險經紀人股份有限公司）、財政部印刷廠。(詢答及處理)(12月4日、12月6日及12月7日三天一次會) ,吳秉叡;黃國昌;陳賴素美;林德福;賴士葆;余宛如;王榮璋;施義芳;李昆澤;鄭天財Sra．Kacaw;郭正亮;周陳秀霞;曾銘宗;呂玉玲;吳志揚;劉世芳;林俊憲;江永昌;羅明才;費鴻泰,
106/12/04,群賢樓101會議室,教育及文化委員會,無,立法院第9屆第4會期教育及文化委員會第12次全體委員會議,繼續審查107年度中央政府總預算案有關教育部及所屬單位預算案。） （12月4、6及7日三天一次會）  ,,
106/12/05,紅樓201會議室,程序委員會,無,第9屆第4會期程序委員會第12次會議, 審定本院第9屆第4會期第12次會議議事日程及  人民請願案,谷辣斯．尤達卡Kolas Yotaka;高潞．以用．巴魕剌Kawlo．Iyun．Pacidal,
106/12/06,紅樓302會議室,司法及法制委員會,外交及國防委員會,立法院第9屆第4會期司法及法制、外交及國防委員會第1次聯席會議,審查行政院函請審議「駐外機構組織通則部分條文修正草案」案。,吳志揚;葉宜津;江啟臣;劉世芳;王育敏;吳焜裕;李俊俋;許毓仁;王定宇;羅致政;段宜康;孔文吉;廖國棟Sufin．Siluko;尤美女;楊鎮浯;蔡適應;鍾孔炤;徐榛蔚;呂孫綾;蔡易餘;鍾佳濱;林為洲;莊瑞雄;鄭天財Sra．Kacaw;林為洲,
106/12/06,紅樓202會議室,內政委員會,無,立法院第9屆第4會期內政委員會第25次全體委員會議,一、審查107年度中央政府總預算案關於行政院大陸委員會收支部分。二、審查行政院大陸委員會函送財團法人海峽交流基金會107年度預算書及相關資料案。三、審查行政院大陸委員會函送財團法人臺港經濟文化合作策進會107年度預算書案。四、審查行政院大陸委員會「補、捐（獎）助其他政府機關、團體或個人經費報告表」共2案。五、審查行政院大陸委員會「辦理政策宣導相關之廣告彙整表」共4案。【本次議程僅進行詢答，不處理提案】,曾銘宗;陳怡潔;賴瑞隆;洪宗熠;張宏陸;林麗蟬;黃昭順;鄭天財Sra．Kacaw;趙天麟;吳琪銘;李昆澤;葉宜津;林德福;陳歐珀;吳志揚;林俊憲;劉世芳;周春米;江啟臣;鍾孔炤;鍾佳濱;徐榛蔚;谷辣斯．尤達卡Kolas Yotaka;陳其邁;孔文吉,
106/12/06,群賢樓101會議室,教育及文化委員會,無,立法院第9屆第4會期教育及文化委員會第12次全體委員會議, 一、繼續審查107年度教育部主管50所國立大學校院校務基金、國立臺灣大學附設醫院作業基金、國立成功大學附設醫院作業基金、國立陽明大學附設醫院作業基金、國立社教機構作業基金、國立高級中等學校校務基金、學產基金、運動發展基金、大專校院轉型及退場基金。 二、繼續審查107年度中央政府總預算案有關教育部及所屬單位預算案。 三、繼續審查107年度行政法人國家運動訓練中心預算案。 四、繼續處理106年度中央政府總預算案有關教育部主管預算（公務預算）解凍案4案。 五、處理106年度中央政府總預算有關教育部主管預算（公務預算）解凍案6案。 六、處理105年度中央政府總預算有關教育部主管預算（公務預算）解凍案1案。 （繼續審查及處理） （12月4、6及7日三天一次會） ,,
106/12/06,九樓大禮堂,財政委員會,無,立法院第9屆第4會期財政委員會第18次全體委員會議,繼續審查中華民國107年度中央政府總預算案附屬單位預算營業部分有關中國輸出入銀行、臺灣金融控股股份有限公司（含臺灣銀行股份有限公司、臺銀人壽保險股份有限公司、臺銀綜合證券股份有限公司）、臺灣土地銀行股份有限公司（含土銀保險經紀人股份有限公司）、財政部印刷廠。(處理)(12月4日、12月6日及12月7日三天一次會),,
106/12/06,紅樓201會議室,交通委員會,無,立法院第9屆第4會期交通委員會第12次全體委員會議,一、審查107年度中央政府總預算案附屬單位預算營業部分關於交通部主管臺灣港務股份有限公司營業預算。二、審查107年度中央政府總預算案附屬單位預算非營業部分關於交通部主管航港建設基金非營業預算。(以上2案合併詢答)(12月4日、6日、7日三天一次會),陳歐珀;鄭寶清;李昆澤;洪慈庸;趙正宇;林俊憲;陳素月;黃國書;葉宜津;周春米;徐榛蔚;鍾佳濱;鄭運鵬;陳宜民;陳雪生;賴瑞隆;吳志揚;孔文吉;張宏陸;劉世芳;黃昭順;鄭天財Sra．Kacaw;江啟臣;鍾孔炤;林德福,
106/12/06,紅樓301會議室,外交及國防委員會,無,立法院第9屆第4會期外交及國防委員會第19次全體委員,繼續審查107年度中央政府總預算案關於國軍退除役官兵輔導委員會主管收支部分。(12月6日及7日二天一次會),,
106/12/06,紅樓202會議室,朝野黨團協商(內政委員會),無,立法院朝野黨團協商,1.審查行政院函請審議「國家安全法第五條及第七條條文修正草案」案。2.審查委員Kolas Yotaka等16人擬具「國家安全法第二條之一及第五條條文修正草案」案。3.審查委員鄭天財Sra Kacaw等18人擬具「國家安全法第五條條文修正草案」案。4.審查委員孔文吉等18人擬具「國家安全法第五條條文修正草案」案。5.審查本院委員鄭天財Sra Kacaw等20人擬具「原住民族基本法第十八條條文修正草案」案。6.審查本院委員鄭天財Sra Kacaw等19人擬具「原住民族基本法增訂第二十八條之一條文草案」案。7.審查本院委員陳瑩等22人擬具「原住民族基本法第三十一條條文修正草案」案。8.審查本院委員廖國棟等18人擬具「原住民族基本法第十五條條文修正草案」案。9.審查本院委員廖國棟等16人擬具「原住民族基本法第十九條條文修正草案」案。,,
106/12/06,紅樓202會議室,內政委員會,無,立法院第9屆第4會期內政委員會,「原住民身分法修正草案」公聽會（第1場）,,
106/12/07,紅樓202會議室,內政委員會,無,立法院第9屆第4會期內政委員會「新住民基本法草案」公聽會, ,,
106/12/07,群賢樓101會議室,教育及文化委員會,無,立法院第9屆第4會期教育及文化委員會第12次全體委員會議, 一、「學校型態實驗教育實施條例」等修正草案，共11案：（一）繼續審查行政院函請審議「學校型態實驗教育實施條例修正草案」案。（二）繼續審查委員張廖萬堅等18人擬具「學校型態實驗教育實施條例修正草案」案。（三）繼續審查委員蘇治芬等19 人擬具「學校型態實驗教育實施條例部分條文修正草案」案。（四）繼續審查委員蘇巧慧等30人擬具「學校型態實驗教育實施條例部分條文修正草案」案。（五）繼續審查委員張廖萬堅等18人擬具「學校型態實驗教育實施條例第十九條條文修正草案」案。（六）繼續審查委員林俊憲等16人擬具「學校型態實驗教育實施條例第十二條條文修正草案」案。（七）繼續審查委員蘇治芬等26人擬具「學校型態實驗教育實施條例第八條條文修正草案」案。（八）繼續審查委員許智傑等24人擬具「學校型態實驗教育實施條例部分條文修正草案」案。（九）審查委員蔡培慧等23人擬具「學校型態實驗教育實施條例部分條文修正草案」案。（十）審查委員柯志恩等16人擬具「學校型態實驗教育實施條例部分條文修正草案」案。（十一）審查委員陳亭妃等18人擬具「學校型態實驗教育實施條例第三條及第五條條文修正草案」案。 二、「公立國民小學及國民中學委託私人辦理條例」等修正草案，共5案：（一）繼續審查行政院函請審議「公立國民小學及國民中學委託私人辦理條例修正草案」案。（二）繼續審查委員吳思瑤等21人擬具「公立國民小學及國民中學委託私人辦理條例修正草案」案。（三）繼續審查委員蘇巧慧等29人擬具「公立國民小學及國民中學委託私人辦理條例第一條、第四條及第十七條條文修正草案」案。（四）繼續審查委員蘇治芬等23人擬具「公立國民小學及國民中學委託私人辦理條例第十六條條文修正草案」案。（五）審查委員陳亭妃等18人擬具「公立國民小學及國民中學委託私人辦理條例第一條及第四條條文修正草案」案。 三、「高級中等以下教育階段非學校型態實驗教育實施條例」等修正草案，共5案：（一）繼續審查行政院函請審議「高級中等以下教育階段非學校型態實驗教育實施條例修正草案」案。（二）繼續審查委員吳思瑤等1... （12月4、6及7日三天一次會） ,,
106/12/07,群賢樓801會議室,社會福利及衛生環境委員會,司法及法制委員會,立法院第9屆第4會期社會福利及衛生環境、司法及法制二委員會第1次聯席會議,一、審查(一)行政院函請審議「人工生殖法第三十一條及第三十六條條文修正草案」(二)本院委員蔡適應等25人擬具「人工生殖法第三條條文修正草案」等2案。二、審查(一)本院委員李麗芬等23人擬具「兒童及少年性剝削防制條例部分條文修正草案」(二)委員陳亭妃等16人擬具「兒童及少年性剝削防制條例第七條條文修正草案」等2案。,陳宜民;王育敏;李俊俋;邱泰源;徐志榮;李彥秀;李麗芬;周陳秀霞;許淑華;蔣萬安;吳玉琴;尤美女;楊曜;劉建國;黃昭順;黃秀芳;陳曼麗;林靜儀;徐榛蔚;鍾孔炤;林淑芬;黃偉哲;林為洲;陳瑩;羅明才;吳志揚;吳秉叡,
106/12/07,紅樓101會議室,經濟委員會,無,立法院第9屆第4會期經濟委員會第18次全體委員會議,邀請經濟部部長率能源局局長與台灣電力股份有限公司董事長及行政院環境保護署首長針對1.能源轉型期間造成二氧化碳排放量居高不下，又雲林麥寮電廠及台中火力發電廠面臨用煤量、空氣污染以及操作許可證申請展延等問題」2.「能源轉型期間之電力供應、二氧化碳減排短中長期方案」3.「能源轉型尤其是各種再生能源的推動成效以及未來規劃」進行報告，並備質詢。,林岱樺;徐永明;高志鵬;蘇震清;陳明文;黃偉哲;蕭美琴;江啟臣;邱志偉;管碧玲;呂孫綾;盧秀燕;蘇治芬;何欣純;張麗善;陳超明;陳曼麗;林德福;曾銘宗;陳賴素美;徐榛蔚;鍾孔炤;羅明才;廖國棟Sufin．Siluko;周春米;賴瑞隆;黃昭順;陳宜民;洪慈庸;葉宜津;陳亭妃;周陳秀霞;吳焜裕;余宛如,
106/12/07,紅樓202會議室,內政委員會,無,立法院第9屆第4會期內政委員會第26次全體委員會議,一、「公職人員選舉罷免法」部分：（一）繼續審查本院委員廖國棟等17人擬具「公職人員選舉罷免法增訂部分條文草案」案。（二）繼續審查本院委員鄭天財Sra Kacaw等16人擬具「公職人員選舉罷免法第十七條條文修正草案」案。二、繼續審查本院委員鄭天財Sra Kacaw等17人擬具「總統副總統選舉罷免法第十三條條文修正草案」案。三、繼續審查107年度中央政府總預算案關於內政部收支部分。,,
106/12/07,紅樓301會議室,外交及國防委員會,無,立法院第9屆第4會期外交及國防委員會第19次全體委員,繼續審查107年度中央政府總預算案關於國軍退除役官兵輔導委員會主管收支部分。(12月6日及7日二天一次會),,
106/12/07,九樓大禮堂,財政委員會,無,立法院第9屆第4會期財政委員會第18次全體委員會議,一、審查行政院函請審議「海關緝私條例部分條文修正草案」案。二、審查本院委員顏寬恒等17人擬具「海關緝私條例部分條文修正草案」案。三、審查本院委員羅致政等20人擬具「海關緝私條例部分條文修正草案」案。(本案如經院會復議，則不予審查)四、審查行政院函請審議「關稅法第十七條、第八十四條及第九十六條條文修正草案」案。(12月4日、12月6日及12月7日三天一次會) ,黃國昌;吳秉叡;林德福;賴士葆;盧秀燕;余宛如;陳賴素美;羅明才;施義芳;王榮璋;李昆澤;郭正亮;曾銘宗;黃偉哲;周陳秀霞;鍾孔炤;江永昌;費鴻泰,
106/12/07,紅樓302會議室,司法及法制委員會,無,立法院第9屆第4會期司法及法制委員會,「限制出境法制化」公聽會,吳志揚,
106/12/07,紅樓201會議室,交通委員會,無,立法院第9屆第4會期交通委員會第12次全體委員會議,一、審查107年度中央政府總預算案附屬單位預算營業部分關於交通部主管臺灣港務股份有限公司營業預算。二、審查107年度中央政府總預算案附屬單位預算非營業部分關於交通部主管航港建設基金非營業預算。(以上2案進行處理)(12月4日、6日、7日三天一次會),,
106/12/08,議場三樓會議室,朝野黨團協商,無,立法院黨團協商,繼續研商「公民投票法修正草案」相關事宜。(民進黨黨團提議),,
106/12/11,九樓大禮堂,財政委員會,無,立法院第9屆第4會期財政委員會第19次全體委員會議,一、繼續審查行政院函請審議「所得稅法部分條文修正草案」案。二、繼續審查本院委員林德福等23人、委員徐志榮等18人、委員費鴻泰等23人、委員柯志恩等17人、委員陳怡潔等16人、委員黃昭順等20人、委員王育敏等18人、委員賴士葆等23人、委員王惠美等21人、委員吳琪銘等16人、委員呂玉玲等21人、委員吳志揚等16人、委員吳志揚等18人、委員許毓仁等17人、委員邱志偉等16人、委員邱志偉等16人、委員陳超明等19人、委員林德福等17人、委員邱志偉等18人、委員林德福等20人、委員蔣萬安等23人、委員余宛如等18人、委員蔣乃辛等21人、委員趙天麟等18人、委員蔣乃辛等16人、委員許毓仁等20人、委員賴士葆等19人、委員余宛如等22人、委員邱泰源等24人、委員賴士葆等23人、委員余宛如等19人、本院親民黨黨團、委員盧秀燕等21人、委員盧秀燕等19人、委員賴士葆等22人、委員費鴻泰等17人、委員郭正亮等17人、委員吳秉叡等21人、委員陳學聖等20人及委員黃昭順等17人分別擬具「所得稅法第十七條條文修正草案」案計40案。三、繼續審查本院委員王定宇等20人擬具「所得稅法第十四條及第十七條條文修正草案」案。四、繼續審查本院委員何欣純等17人擬具「所得稅法第九十二條條文修正草案」案。五、繼續審查本院委員羅明才等18人、委員羅明才等21人、本院時代力量黨團、委員王榮璋等17人、委員江永昌等16人、委員曾銘宗等16人、本院國民黨黨團、本院親民黨黨團及委員余宛如等22人分別擬具「所得稅法部分條文修正草案」案計9案。,,
106/12/11,紅樓101會議室,經濟委員會,無,立法院第9屆第4會期經濟委員會第19次全體委員會議,邀請經濟部部長率工業局局長、台灣中油股份有限公司、台灣電力股份有限公司、中國鋼鐵股份有限公司董事長及行政院環境保護署署長、勞動部職業安全衛生署署長針對「大型重工業製程安全管理以及如何落實改善方案」進行報告，並備質詢。(14:30開始)(12月11日、13日及14日三天一次會),徐永明;陳明文;高志鵬;黃偉哲;蕭美琴;孔文吉;王惠美;陳超明;管碧玲;張麗善;蘇治芬;徐榛蔚;廖國棟Sufin．Siluko;鍾孔炤;江永昌;蘇震清;羅明才,
106/12/11,紅樓201會議室,交通委員會,無,立法院第9屆第4會期交通委員會第13次全體委員會議,審查一、委員葉宜津等22人擬具「道路交通管理處罰條例第十八條之一條文修正草案」。二、委員黃國書等16人擬具「道路交通管理處罰條例第十八條之一條文修正草案」。三、委員吳志揚等16人擬具「道路交通管理處罰條例第十八條之一及第十八條之二條文修正草案」。四、委員賴瑞隆等18人擬具「道路交通管理處罰條例增訂第十八條之二條文草案」。五、委員許毓仁等21人擬具「道路交通管理處罰條例增訂第十八條之二條文草案」。六、委員盧秀燕等16人擬具「道路交通管理處罰條例增訂第十八條之二條文草案」。七、委員柯志恩等18人擬具「道路交通管理處罰條例增訂第十八條之二條文草案」。八、委員蔣萬安等17人擬具「道路交通管理處罰條例增訂第十八條之二條文草案」。九、委員趙正宇等19人擬具「道路交通管理處罰條例增訂第十八條之二條文草案」。十、委員邱議瑩等18人擬具「道路交通管理處罰條例增訂第十八條之二條文草案」。十一、委員徐永明等17人擬具「道路交通管理處罰條例增訂第十八條之二條文草案」。十二、委員李鴻鈞等19人擬具「道路交通管理處罰條例部分條文修正草案」。十三、委員趙正宇等18人擬具「道路交通管理處罰條例第三十一條條文修正草案」。十四、委員林俊憲等16人擬具「道路交通管理處罰條例第三十一條條文修正草案」。十五、委員羅致政等16人擬具「道路交通管理處罰條例第三十一條條文修正草案」。十六、委員蔣乃辛等19人擬具「道路交通管理處罰條例第三十一條條文修正草案」。十七、委員許毓仁等18人擬具「道路交通管理處罰條例第三十一條條文修正草案」。十八、委員黃偉哲等16人擬具「道路交通管理處罰條例第三十一條條文修正草案」。十九、委員林為洲等17人擬具「道路交通管理處罰條例第三十一條條文修正草案」。二十、委員陳素月等17人擬具「道路交通管理處罰條例第三十三條及第四十二條條文修正草案」。二十一、委員林岱樺等17人擬具「道路交通管理處罰條例第三十六條及第三十七條條文修正草案」。二十二、委員鍾佳濱等20人擬具「道路交通管理處罰條例第三十七條及第六十七條條文修正草案」。二十三、委員陳素月等17人擬具「道路交通管理處罰條例第三十七條、第六十七條及第九十三條條文修正草案」。二十四、委員鄭運鵬等20人擬具「道路交通管理處罰條例第八十二條條文修正草案」。二十五、委員王榮璋等17人擬具「道路交通管理處罰條例部分條文修正草案」等25案。（以上25案合併詢答，並進行逐條審查）(12月11日及14日二天一次會),鄭寶清;趙正宇;洪慈庸;李昆澤;葉宜津;鄭運鵬;林俊憲;周春米;黃國書;徐榛蔚;陳素月;李鴻鈞;陳雪生;王榮璋;吳志揚;蕭美琴;黃偉哲;林德福;孔文吉;鄭天財Sra．Kacaw;張麗善;黃昭順;蔣乃辛;羅致政;顏寬恒;陳歐珀;施義芳;何欣純;賴瑞隆;陳賴素美;蘇震清;鍾孔炤;徐永明;許毓仁,
106/12/11,群賢樓101會議室,教育及文化委員會,無,立法院第9屆第4會期教育及文化委員會第13次全體委員會議,邀請教育部部長、文化部部長、國立故宮博物院院長列席就「如何面對促進轉型正義條例制定後的因應政策」進行專題報告，並備質詢。另邀請司法院、法務部就上述相關主管業務派員列席備詢。 （12月11日及13日二天一次會）,陳亭妃;吳思瑤;陳學聖;柯志恩;蔣乃辛;李麗芬;何欣純;許智傑;林俊憲;張廖萬堅;林德福;高金素梅;吳志揚;顏寬恒;李昆澤;黃偉哲;鄭天財Sra．Kacaw;蘇治芬;張麗善;鍾孔炤;黃昭順;羅致政;黃國書;蕭美琴;孔文吉;陳賴素美;蘇巧慧;高潞．以用．巴魕剌Kawlo．Iyun．Pacidal,
106/12/11,紅樓302會議室,司法及法制委員會,無,立法院第9屆第4會期司法及法制委員會第19次全體委員會議,一、繼續審查委員鄭天財等23人擬具「促進轉型正義回復原住民族傳統領域土地條例草案」案。二、繼續審查委員廖國棟等27人擬具「促進轉型正義外來政權統治原住民族時期原住民受損權利回復及補償條例草案」案。三、繼續審查委員陳瑩等17人擬具「促進轉型正義條例草案」案。四、繼續審查親民黨黨團擬具「原住民族歷史正義及尊嚴恢復條例草案」案。五、審查時代力量黨團擬具「原住民族歷史正義與權利回復法草案」案。六、審查委員孔文吉等32人擬具「促進轉型正義原住民族權利回復及補償條例草案」案。七、審查委員陳雪生等16人擬具「促進轉型正義金門馬祖人民權利回復與補償條例草案」案。八、審查委員廖國棟等17人擬具「恢復慰安婦名譽及賠償條例草案」案。,,
106/12/11,紅樓202會議室,內政委員會,無,立法院第9屆第4會期內政委員會第27次全體委員會議,一、「姓名條例」：(一)審查本院委員Kolas Yotaka等21人擬具「姓名條例第二條及第四條條文修正草案」案。(二)本院委員林岱樺等18人擬具「姓名條例第十五條條文修正草案」案。          二、「殯葬管理條例」：(一) 繼續審查本院委員邱志偉等16人擬具「殯葬管理條例第六十四條及第六十五條條文修正草案」案。(二) 繼續審查本院委員趙天麟等19人擬具「殯葬管理條例部分條文修正草案」案。(三) 審查本院委員鄭天財Sra Kacaw等16人擬具「殯葬管理條例第十二條條文修正草案」案。(四) 審查本院委員廖國棟等20人擬具「殯葬管理條例第二十一條之一條文修正草案」案。(五) 審查本院委員張麗善等22人擬具「殯葬管理條例第六十一條條文修正草案」案。三、「社會秩序維護法」： (一) 繼續審查本院委員羅致政等18人擬具「社會秩序維護法增訂第六十三條之一條文草案」案。 (二) 繼續審查本院委員賴瑞隆等17人擬具「社會秩序維護法第六十四條條文修正草案」案。 (三) 繼續審查本院委員邱泰源等29人擬具「社會秩序維護法第六十四條條文修正草案」案。 (四) 繼續審查本院委員何欣純等22人擬具「社會秩序維護法第八十九條、第八十九條之一及第八十九條之二條文修正草案」案。 (五) 審查本院委員王定宇等22人擬具「社會秩序維護法第九條條文修正草案」案。 (六) 審查本院委員王育敏等16人擬具「社會秩序維護法第十九條、第六十四條及第六十四條之一條文修正草案」案。 (七) 審查本院委員徐榛蔚等18人擬具「社會秩序維護法第八十九條條文修正草案」案。 (八) 審查本院委員吳志揚等16人擬具「社會秩序維護法第八十九條條文修正草案」案。,曾銘宗;張宏陸;洪宗熠;顏寬恒;黃昭順;賴瑞隆;谷辣斯．尤達卡Kolas Yotaka;姚文智;鄭天財Sra．Kacaw;吳志揚;吳琪銘;陳其邁;蘇震清;陳歐珀;黃偉哲;林俊憲;徐榛蔚;孔文吉;周春米;鍾孔炤;張麗善;林德福;李彥秀;蔣乃辛;蕭美琴;何欣純;葉宜津;陳賴素美;尤美女;羅致政;鄭運鵬;李昆澤,
106/12/11,紅樓101會議室,經濟委員會,無,立法院第9屆第4會期經濟委員會第19次全體委員會議,審查107年度中央政府總預算案附屬單位預算營業部分關於經濟部主管：台灣電力股份有限公司、台灣糖業股份有限公司。(09:00-14:00；詢答)(12月11日、13日及14日三天一次會),林岱樺;高志鵬;黃偉哲;徐永明;蘇治芬;吳志揚;張麗善;蘇震清;管碧玲;蕭美琴;葉宜津;陳歐珀;孔文吉;陳亭妃;林俊憲;鄭運鵬;林德福;李昆澤;鄭天財Sra．Kacaw;鍾孔炤;徐榛蔚;黃昭順;李彥秀;蔣乃辛;何欣純;顏寬恒;陳賴素美;賴瑞隆;廖國棟Sufin．Siluko;周春米;劉櫂豪,
106/12/12,群賢樓801會議室,朝野黨團協商(社會福利及衛生環境委員會),無,立法院朝野黨團協商,協商本院委員邱泰源等22人及委員李彥秀等18人分別擬具「醫療法第八十二條條文修正草案」案。,,
106/12/12,紅樓201會議室,程序委員會,無,第9屆第4會期程序委員會第13次會議, 審定本院第9屆第4會期第13次會議議事日程及  人民請願案,谷辣斯．尤達卡Kolas Yotaka;李彥秀;高潞．以用．巴魕剌Kawlo．Iyun．Pacidal,
106/12/13,九樓大禮堂,財政委員會,無,立法院第9屆第4會期財政委員會第20次全體委員會議,一、邀請金融監督管理委員會顧主任委員立雄就「金融科技(FinTech)現況應用與周邊發展」進行專題報告，並備質詢。二、審查行政院函請審議「會計師法部分條文修正草案」案。三、審查本院委員許淑華等17人擬具「會計師法第六條條文修正草案」案。,林德福;黃國昌;吳秉叡;賴士葆;余宛如;王榮璋;盧秀燕;羅明才;施義芳;郭正亮;陳賴素美;費鴻泰;曾銘宗;鄭天財Sra．Kacaw;吳志揚;鍾孔炤;許毓仁;周陳秀霞;江永昌,
106/12/13,群賢樓801會議室,社會福利及衛生環境委員會,無,立法院第9屆第4會期社會福利及衛生環境委員會第15次全體委員會議,繼續審查中華民國107年度中央政府總預算案有關行政院環境保護署主管預算(公務及基金)案。（預算處理)。,,
106/12/13,紅樓301會議室,外交及國防委員會,無,立法院第9屆第4會期外交及國防委員會第20次全體委員會議,審查行政院函請審議「中華民國政府與巴拉圭共和國政府免除外國公文書重複驗證協定」案。,莊瑞雄;林昶佐;王定宇;蔡適應;許毓仁;劉世芳;馬文君;呂孫綾;江啟臣;羅致政;吳志揚;鄭天財Sra．Kacaw;鍾孔炤;周陳秀霞;羅明才;陳賴素美,
106/12/13,紅樓302會議室,司法及法制委員會,無,立法院第9屆第4會期司法及法制委員會第20次全體委員會議,一、繼續審查委員鄭天財等23人擬具「促進轉型正義回復原住民族傳統領域土地條例草案」案。二、繼續審查委員廖國棟等27人擬具「促進轉型正義外來政權統治原住民族時期原住民受損權利回復及補償條例草案」案。三、繼續審查委員陳瑩等17人擬具「促進轉型正義條例草案」案。四、繼續審查親民黨黨團擬具「原住民族歷史正義及尊嚴恢復條例草案」案。五、繼續審查時代力量黨團擬具「原住民族歷史正義與權利回復法草案」案。六、繼續審查委員孔文吉等32人擬具「促進轉型正義原住民族權利回復及補償條例草案」案。七、繼續審查委員陳雪生等16人擬具「促進轉型正義金門馬祖人民權利回復與補償條例草案」案。八、繼續審查委員廖國棟等17人擬具「恢復慰安婦名譽及賠償條例草案」案。（12月13日及14日兩天一次會）,,
106/12/13,紅樓202會議室,內政委員會,無,立法院第9屆第4會期內政委員會第28次全體委員會議,一、審查本院委員賴瑞隆等23 人擬具「海洋基本法草案」案。二、審查本院委員楊曜等17人擬具「海岸巡防法第五條條文修正草案」案。,曾銘宗;張宏陸;林麗蟬;賴瑞隆;洪宗熠;吳琪銘;趙天麟;鄭天財Sra．Kacaw;林德福;吳志揚;江啟臣;鍾孔炤;劉世芳;羅明才;周陳秀霞;姚文智;孔文吉;陳其邁;陳賴素美;谷辣斯．尤達卡Kolas Yotaka;黃昭順,
106/12/13,群賢樓101會議室,教育及文化委員會,無,立法院第9屆第4會期教育及文化委員會第13次全體委員會議,一、審查107年度中央政府總預算案有關國立故宮博物院單位預算案。二、審查107年度中央政府總預算案有關國立故宮博物院主管故宮文物藝術發展基金附屬單位預算案。（僅進行詢答） （12月11日及13日二天一次會）,張廖萬堅;柯志恩;蘇巧慧;吳思瑤;蔣乃辛;蔡培慧;許智傑;李麗芬;鄭天財Sra．Kacaw;羅明才;周陳秀霞;何欣純;陳學聖;蔡易餘,
106/12/13,紅樓101會議室,經濟委員會,無,立法院第9屆第4會期經濟委員會第19次全體委員會議,繼續審查107年度中央政府總預算案附屬單位預算營業部分關於經濟部主管：台灣電力股份有限公司、台灣糖業股份有限公司。(處理)(12月11日、13日及14日三天一次會),,
106/12/14,紅樓202會議室,內政委員會,無,立法院第9屆第4會期內政委員會第29次全體委員會議,一、審查委員洪宗熠等18人擬具「下水道法部分條文修正草案」案。二、審查「人民團體法」：（一）委員賴瑞隆等18人擬具「人民團體法第四十六條之一及第四十九條條文修正草案」案。（二）委員賴瑞隆等21人擬具「人民團體法增訂第四十九條之一條文草案」案。（三）委員陳其邁等30人擬具「人民團體法增訂第五十九條之一條文草案」案。三、審查「合作社法」：（一）委員蘇治芬等22人擬具「合作社法第三十三條條文修正草案」案。（二）請願文書2案。四、審查委員羅致政等21人擬具「民防法第六條及第十六條條文修正草案」案。五、審查「地政士法」：（一）委員王榮璋等17人擬具「地政士法第十一條條文修正草案」案。（二）委員洪宗熠等18人擬具「地政士法部分條文修正草案」案。（三）委員洪宗熠等20人擬具「地政士法第四十九條及第五十條條文修正草案」案。（四）請願文書2案。六、審查「警察法」：（一）委員吳琪銘等18人擬具「警察法第五條條文修正草案」案。（二）委員羅致政等20人擬具「警察法第五條及第九條條文修正草案」案。七、審查「替代役實施條例」：（一）委員賴瑞隆等26人擬具「替代役實施條例部分條文修正草案」案。（二）委員陳瑩等16人擬具「替代役實施條例第四條及第五條條文修正草案」案。（三）委員高潞．以用．巴魕剌等16人擬具「替代役實施條例第四條、第五條及第十七條條文修正草案」案。（四）委員馬文君等16人擬具「替代役實施條例第二十條條文修正草案」案。（五）委員馬文君等17人擬具「替代役實施條例第三十八條條文修正草案」案。（六）委員吳琪銘等16人擬具「替代役實施條例第四十一條條文修正草案」案。（七）委員馬文君等18人擬具「替代役實施條例第四十三條及第四十五條之一條文修正草案」案。（八）委員陳怡潔等21人擬具「替代役實施條例增訂第五十五條之四條文草案」案。,曾銘宗;黃昭順;張宏陸;洪宗熠;賴瑞隆;吳琪銘;顏寬恒;吳志揚;趙天麟;王榮璋;林德福;蘇治芬;鄭天財Sra．Kacaw;鍾孔炤;羅致政;張麗善;谷辣斯．尤達卡Kolas Yotaka;周陳秀霞;陳瑩;劉世芳;羅明才;李彥秀;姚文智;陳賴素美;陳其邁;林麗蟬,
106/12/14,紅樓101會議室,經濟委員會,無,立法院第9屆第4會期經濟委員會第19次全體委員會議,繼續審查107年度中央政府總預算案附屬單位預算營業部分關於經濟部主管：台灣電力股份有限公司、台灣糖業股份有限公司。(09:00-14:00；處理)(12月11日、13日及14日三天一次會),,
106/12/14,群賢樓101會議室,司法及法制委員會,無,立法院第9屆第4會期司法及法制委員會第20次全體委員會議,九、邀請總統府秘書長列席就「總統府原住民族歷史正義與轉型正義委員會之任務及各任務編組相關預算執行情形」進行專題報告，並備質詢。十、審查107年度中央政府總預算案關於總統府主管（不含中央研究院）收支部分（僅進行詢答）。（12月13日及14日兩天一次會）,吳志揚;王育敏;葉宜津;李俊俋;蔡易餘;鍾孔炤;孔文吉;鄭天財Sra．Kacaw;劉世芳;尤美女;段宜康;高金素梅;賴瑞隆;陳賴素美;楊鎮浯;林為洲;劉櫂豪;陳瑩;李昆澤;周陳秀霞;顏寬恒;谷辣斯．尤達卡Kolas Yotaka,
106/12/14,紅樓201會議室,交通委員會,無,立法院第9屆第4會期交通委員會第13次全體委員會議,審查一、委員葉宜津等22人擬具「道路交通管理處罰條例第十八條之一條文修正草案」。二、委員黃國書等16人擬具「道路交通管理處罰條例第十八條之一條文修正草案」。三、委員吳志揚等16人擬具「道路交通管理處罰條例第十八條之一及第十八條之二條文修正草案」。四、委員賴瑞隆等18人擬具「道路交通管理處罰條例增訂第十八條之二條文草案」。五、委員許毓仁等21人擬具「道路交通管理處罰條例增訂第十八條之二條文草案」。六、委員盧秀燕等16人擬具「道路交通管理處罰條例增訂第十八條之二條文草案」。七、委員柯志恩等18人擬具「道路交通管理處罰條例增訂第十八條之二條文草案」。八、委員蔣萬安等17人擬具「道路交通管理處罰條例增訂第十八條之二條文草案」。九、委員趙正宇等19人擬具「道路交通管理處罰條例增訂第十八條之二條文草案」。十、委員邱議瑩等18人擬具「道路交通管理處罰條例增訂第十八條之二條文草案」。十一、委員徐永明等17人擬具「道路交通管理處罰條例增訂第十八條之二條文草案」。十二、委員李鴻鈞等19人擬具「道路交通管理處罰條例部分條文修正草案」。十三、委員趙正宇等18人擬具「道路交通管理處罰條例第三十一條條文修正草案」。十四、委員林俊憲等16人擬具「道路交通管理處罰條例第三十一條條文修正草案」。十五、委員羅致政等16人擬具「道路交通管理處罰條例第三十一條條文修正草案」。十六、委員蔣乃辛等19人擬具「道路交通管理處罰條例第三十一條條文修正草案」。十七、委員許毓仁等18人擬具「道路交通管理處罰條例第三十一條條文修正草案」。十八、委員黃偉哲等16人擬具「道路交通管理處罰條例第三十一條條文修正草案」。十九、委員林為洲等17人擬具「道路交通管理處罰條例第三十一條條文修正草案」。二十、委員陳素月等17人擬具「道路交通管理處罰條例第三十三條及第四十二條條文修正草案」。二十一、委員林岱樺等17人擬具「道路交通管理處罰條例第三十六條及第三十七條條文修正草案」。二十二、委員鍾佳濱等20人擬具「道路交通管理處罰條例第三十七條及第六十七條條文修正草案」。二十三、委員陳素月等17人擬具「道路交通管理處罰條例第三十七條、第六十七條及第九十三條條文修正草案」。二十四、委員鄭運鵬等20人擬具「道路交通管理處罰條例第八十二條條文修正草案」。二十五、委員王榮璋等17人擬具「道路交通管理處罰條例部分條文修正草案」等25案。（進行逐條審查）(12月11日及14日二天一次會),,
106/12/14,九樓大禮堂,財政委員會,無,立法院第9屆第4會期財政委員會第21次全體委員會議,審查中華民國107年度中央政府總預算案有關財政部賦稅署、臺北國稅局、高雄國稅局、北區國稅局及所屬、中區國稅局及所屬、南區國稅局及所屬收支部分。（僅進行詢答）,吳秉叡;黃國昌;林德福;賴士葆;盧秀燕;王榮璋;余宛如;施義芳;曾銘宗;費鴻泰;羅明才;陳賴素美;郭正亮;吳志揚;李昆澤;鍾孔炤;鄭天財Sra．Kacaw;江永昌;高金素梅;周陳秀霞;顏寬恒,
106/12/14,紅樓101會議室,經濟委員會,無,立法院第9屆第4會期經濟委員會第19次全體委員會議,邀請經濟部部長率水利署署長、台灣自來水股份有限公司董事長及行政院農業委員會主任委員率農田水利處處長針對「全國水資源運用以及民生用水、各級產業用水調配現況與未來規劃」進行報告，並備質詢。(14:30開始)(12月11日、13日及14日三天一次會),徐永明;黃偉哲;張麗善;孔文吉;蕭美琴;蘇治芬;柯志恩;曾銘宗;王育敏;王惠美;顏寬恒;林為洲;許毓仁;楊鎮浯;李彥秀;林麗蟬;陳宜民;黃昭順;盧秀燕;高志鵬;管碧玲;吳志揚;陳曼麗;林德福,
106/12/14,紅樓301會議室,外交及國防委員會,無,立法院第9屆第4會期外交及國防委員會第21次全體委員會議,審查外交部主管「財團法人國際合作發展基金會、財團法人臺灣民主基金會及財團法人太平洋經濟合作理事會中華民國委員會」107年度預算書案。,蔡適應;林昶佐;呂孫綾;莊瑞雄;劉世芳;許毓仁;馬文君;江啟臣;王定宇;高金素梅;顏寬恒;陳賴素美;羅明才;吳志揚;羅致政,
106/12/14,群賢樓801會議室,社會福利及衛生環境委員會,無,立法院第9屆第4會期社會福利及衛生環境委員會第15次全體委員會議,一、邀請勞動部部長、內政部營建署副署長、行政院公共工程委員會副主任委員就「調整《危險性工作場所審查及檢查辦法》丁類審查標準原因與理由以及政府如何加強防範工安意外造成勞工傷亡及減少職災黑數之具體措施」列席報告，並備質詢。二、審查中華民國107年度中央政府總預算案有關勞動部主管預算(公務預算及基金)案。(預算詢答)三、審查：(一)本院委員蔣萬安等18人擬具「勞動基準法第三十二條之一及第三十八條條文修正草案」。(二)委員徐志榮等17人擬具「勞動基準法第三十八條條文修正草案」。(三)委員盧秀燕等16人擬具「勞動基準法第三十八條條文修正草案」。,陳宜民;陳曼麗;楊曜;李彥秀;黃秀芳;林靜儀;邱泰源;吳玉琴;許淑華;周陳秀霞;林淑芬;蔣萬安;吳志揚;鍾孔炤;鄭天財Sra．Kacaw;李麗芬;李昆澤;高金素梅;顏寬恒;陳賴素美;劉建國;盧秀燕;陳瑩,
106/12/15,群賢樓101會議室,經費稽核委員會,無,立法院第122屆經費稽核委員會第6次會議,一、宣讀上次會議議事錄二、報告本院106年度預算執行情形(截至106年11月止),,
106/12/18,紅樓301會議室,外交及國防委員會,無,立法院第9屆第4會期外交及國防委員會第22次全體委員會議【含秘密會議】,繼續審查107年度中央政府總預算案關於國防部主管收支機密及公開部分(不含國家安全局部分)。（12月18日、20日及21日三天一次會﹚,,
106/12/18,紅樓101會議室,經濟委員會,無,立法院第9屆第4會期經濟委員會第20次全體委員會議,邀請經濟部部長、國家發展委員會主任委員、行政院農業委員會主任委員及行政院環境保護署首長針對「為解決企業所面臨之五缺問題及如何促進台灣經濟轉型與發展，目前法規鬆綁盤點成果及下一階段執行策略及辦理期程」進行報告，並備質詢。,林岱樺;高志鵬;黃偉哲;徐永明;陳明文;蘇震清;蘇治芬;王惠美;管碧玲;蕭美琴;吳志揚;陳超明;邱志偉;鍾佳濱;張麗善;葉宜津;林德福;陳曼麗;吳焜裕;陳亭妃;邱議瑩;孔文吉;賴瑞隆;李昆澤;劉世芳;莊瑞雄;蔡易餘;陳歐珀;周陳秀霞;羅明才;呂玉玲;蔣乃辛;徐榛蔚;鍾孔炤,
106/12/18,紅樓201會議室,交通委員會,無,立法院第9屆第4會期交通委員會第14次全體委員會議,繼續審查107年度中央政府總預算案附屬單位預算營業部分關於交通部主管桃園國際機場股份有限公司營業預算(進行處理)(12月18、20及21日三天一次會),,
106/12/18,九樓大禮堂,朝野黨團協商(財政委員會),無,立法院朝野黨團協商,一、行政院函請審議「金融科技創新實驗條例草案」、委員曾銘宗等16人擬具「金融創新實驗條例草案」、時代力量黨團擬具「金融科技發展與創新實驗條例草案」、委員陳賴素美等21人擬具「金融科技創新發展條例草案」、委員余宛如等18人及委員許毓仁等29人分別擬具「金融科技創新實驗條例草案」案二、委員曾銘宗等17人、委員賴士葆等20人分別擬具「保險法增訂第一百三十六條之一條文草案」及委員余宛如等17人擬具「保險法增訂部分條文草案」案。親民黨黨團擬具「保險法增訂第一百三十七條之二條文草案」案。三、委員曾銘宗等17人、委員賴士葆等20人分別擬具「證券交易法增訂第四十四條之一條文草案」及委員余宛如等16人擬具「證券交易法增訂部分條文草案」。.親民黨黨團擬具「證券交易法增訂第四十四條之一條文草案」。四、委員曾銘宗等17人、委員賴士葆等20人分別擬具「銀行法增訂第二十二條之一條文草案」、委員余宛如等16人擬具「銀行法增訂部分條文草案」及委員許毓仁等17人擬具「銀行法部分條文修正草案」案。親民黨黨團擬具「銀行法增訂第二十二條之一條文草案」案五、委員曾銘宗等17人、委員賴士葆等20人分別擬具「期貨交易法增訂第五十六條之一條文草案」及委員余宛如等16人擬具「期貨交易法增訂部分條文草案」案。親民黨黨團擬具「期貨交易法增訂第五十六條之一條文草案」。六、委員余宛如等16人擬具「信託業法增訂部分條文草案」及委員賴士葆等20人擬具「信託業法增訂第三條之一條文草案」案。親民黨黨團擬具「信託業法增訂第三條之一條文草案」。七、委員曾銘宗等17人、委員賴士葆等20人分別擬具「證券投資信託及顧問法增訂第三條之一條文草案」及委員余宛如等16人擬具「證券投資信託及顧問法增訂部分條文草案」案。親民黨黨團擬具「證券投資信託及顧問法增訂第三條之一條文草案」。八、委員曾銘宗等17人、委員賴士葆等20人分別擬具「電子票證發行管理條例增訂第五條之二條文草案」及委員余宛如等16人擬具「電子票證發行管理條例增訂部分條文草案」案。親民黨黨團擬具「電子票證發行管理條例增訂第五條之二條文草案」案。九、委員曾銘宗等17人、委員賴士葆等20人分別擬具「電子支付機構管理條例增訂第三條之一條文草案」及委員余宛如等16人擬具「電子支付機構管理條例增訂部分條文草案」案。親民黨黨團擬具「電子支付機構管理條例增訂第三條之一條文草案」案。,,
106/12/18,九樓大禮堂,財政委員會,無,立法院第9屆第4會期財政委員會第22次全體委員會議,審查行政院函請審議「銀行法部分條文修正草案」、「金融控股公司法部分條文修正草案」、「信用合作社法部分條文修正草案」、「信託業法部分條文修正草案」、「票券金融管理法部分條文修正草案」、「證券交易法第一百七十一條、第一百七十二條及第一百七十四條之二條文修正草案」、「證券投資信託及顧問法第一百零五條及第一百零八條條文修正草案」及「保險法部分條文修正草案」案，計8案。,黃國昌;吳秉叡;賴士葆;盧秀燕;王榮璋;余宛如;林德福;施義芳;郭正亮;費鴻泰;陳賴素美;周陳秀霞;曾銘宗;吳志揚;黃偉哲;鍾孔炤;蔣乃辛;張麗善;蕭美琴;李昆澤;羅明才;江永昌,
106/12/18,紅樓302會議室,司法及法制委員會,無,立法院第9屆第4會期司法及法制委員會第21次全體委員會議,一、審查司法院、行政院函請審議「消費者債務清理條例部分條文修正草案」案。 二、審查委員吳玉琴等20人擬具「消費者債務清理條例部分條文修正草案」案。 三、審查委員蔡易餘等16人擬具「消費者債務清理條例部分條文修正草案」案。 四、審查委員張廖萬堅等19人擬具「消費者債務清理條例第七十五條條文修正草案」案。,吳志揚;葉宜津;李俊俋;王育敏;鍾孔炤;蔡易餘;段宜康;尤美女;林德福;吳玉琴;蕭美琴;孔文吉;林為洲;楊鎮浯;劉世芳;周陳秀霞;張廖萬堅;張麗善;羅明才;黃偉哲;劉櫂豪;蔣乃辛,
106/12/18,群賢樓801會議室,社會福利及衛生環境委員會,無,立法院第9屆第4會期社會福利及衛生環境委員會第16次全體委員會議,審查本院委員劉建國等17人擬具「口腔衛生人員法草案」。,林靜儀;吳玉琴;陳曼麗;許淑華;劉建國;邱泰源;黃秀芳;周陳秀霞;蔣萬安;徐志榮;李彥秀;王榮璋;吳志揚;林德福;林淑芬;管碧玲;陳瑩;蔣乃辛;蕭美琴;張麗善;李昆澤;羅明才;黃偉哲;王惠美;鍾孔炤,
106/12/18,群賢樓101會議室,教育及文化委員會,無,立法院第9屆第4會期教育及文化委員會第14次全體委員會議,一、繼續審查「學校型態實驗教育實施條例」等修正草案，共11案：（一）行政院函請審議「學校型態實驗教育實施條例修正草案」案。（二）委員張廖萬堅等18人擬具「學校型態實驗教育實施條例修正草案」案。（三）委員蘇治芬等19 人擬具「學校型態實驗教育實施條例部分條文修正草案」案。（四）委員蘇巧慧等30人擬具「學校型態實驗教育實施條例部分條文修正草案」案。（五）委員張廖萬堅等18人擬具「學校型態實驗教育實施條例第十九條條文修正草案」案。（六）委員林俊憲等16人擬具「學校型態實驗教育實施條例第十二條條文修正草案」案。（七）委員蘇治芬等26人擬具「學校型態實驗教育實施條例第八條條文修正草案」案。（八）委員許智傑等24人擬具「學校型態實驗教育實施條例部分條文修正草案」案。（九）委員蔡培慧等23人擬具「學校型態實驗教育實施條例部分條文修正草案」案。（十）委員柯志恩等16人擬具「學校型態實驗教育實施條例部分條文修正草案」案。（十一）委員陳亭妃等18人擬具「學校型態實驗教育實施條例第三條及第五條條文修正草案」案。 二、繼續審查「公立國民小學及國民中學委託私人辦理條例」等修正草案，共5案：（一）行政院函請審議「公立國民小學及國民中學委託私人辦理條例修正草案」案。（二）委員吳思瑤等21人擬具「公立國民小學及國民中學委託私人辦理條例修正草案」案。（三）委員蘇巧慧等29人擬具「公立國民小學及國民中學委託私人辦理條例第一條、第四條及第十七條條文修正草案」案。（四）委員蘇治芬等23人擬具「公立國民小學及國民中學委託私人辦理條例第十六條條文修正草案」案。（五）委員陳亭妃等18人擬具「公立國民小學及國民中學委託私人辦理條例第一條及第四條條文修正草案」案。 三、繼續審查「高級中等以下教育階段非學校型態實驗教育實施條例」等修正草案，共6案：（一）行政院函請審議「高級中等以下教育階段非學校型態實驗教育實施條例修正草案」案。（二）委員吳思瑤等16人擬具「高級中等以下教育階段非學校型態實驗教育實施條例部分條文修正草案」案。（三）委員黃秀芳等24人擬具「高級中等以下教育階段非學校型態實驗教育實施條例第六條條文修正草案」案。（四）委員蘇治芬等24人擬具「高級中等以下教育階段非學校型態實驗教育實施條例第八條條文修正草案」案。（五）委員陳亭妃等18人擬具「高級中等以下教育階段非學校型態實驗教育實施條例第六條條文修正草案」案。（六）委員柯志恩等18人擬具「高級中等以下教育階段非學校型態實驗教育實施條例部分條文修正草案」案。 （繼續審查）（12月18日及20日二天一次會）,,
106/12/18,紅樓202會議室,內政委員會,無,立法院第9屆第4會期內政委員會第30次全體委員會議,一、繼續審查107年度中央政府總預算案關於行政院海岸巡防署主管─海岸巡防署、海洋巡防總局、海岸巡防總局及所屬部分。二、繼續審查行政院海岸巡防署及所屬「辦理政策宣導相關之廣告彙整表」共2案。三、繼續審查「政治獻金法」：(一)本院委員莊瑞雄等21人擬具「政治獻金法第十五條條文修正草案」案。(二)本院委員趙天麟等16人擬具「政治獻金法第十八條條文修正草案	」案。	(三)本院委員高志鵬等23人擬具「政治獻金法部分條文修正草案」案。(四)本院委員陳其邁等18人擬具「政治獻金法第二十一條條文修正草案」案。	(五)本院委員陳其邁等18人擬具「政治獻金法第十八條及第二十九條條文修正草案」案。		(六)本院委員孔文吉等18人擬具「政治獻金法第十二條條文修正草案」案。(七)本院委員羅致政等16 人擬具「政治獻金法第十五條及第三十條條文修正草案」案。(八)本院委員林德福等23 人擬具「政治獻金法第七條及第十五條條文修正草案」案。四、繼續審查107年度中央政府總預算案關於內政部部分。五、繼續審查107年度中央政府總預算案關於內政部營建署及所屬、建築研究所部分。六、繼續審查107年度中央政府總預算案附屬單位預算非營業部分關於內政部主管「營建建設基金」、「國土永續發展基金」。七、繼續審查107年度中央政府總預算案附屬單位預算非營業部分關於內政部主管「黃瑞景先生獎學基金」、「胡原洲女士獎(助)學基金」、「內政部空勤三勇士子女生活照顧基金」。八、繼續審查107年度財團法人預算案關於內政部函送「財團法人二二八事件紀念基金會」、「財團法人台灣建築中心」、「財團法人臺灣營建研究院」、「財團法人國土規劃及不動產資訊中心」、「財團法人中央營建技術顧問研究社」預算書案。九、繼續審查內政部「補、捐（獎）助其他政府機關、團體或個人經費報告表」共3案。十、繼續審查內政部「辦理政策宣導相關之廣告彙整表」共3案。{一、本次議程，不再辦理詢答。二、預算提案截止時間:(一)議程一：12月15日下午6時。(二)議程四：不再受理提案。(三)議程五至八：12月18日上午9時。},,
106/12/19,紅樓201會議室,程序委員會,無,第9屆第4會期程序委員會第14次會議, 審定本院第9屆第4會期第14次會議議事日程及  人民請願案,谷辣斯．尤達卡Kolas Yotaka;曾銘宗;高潞．以用．巴魕剌Kawlo．Iyun．Pacidal,
106/12/20,紅樓302會議室,朝野黨團協商(司法及法制委員會),無,立法院朝野黨團協商,1.協商委員段宜康等16人擬具「駐外外交領事人員任用條例第二條條文修正草案」案2.協商行政院函請審議「駐外機構組織通則部分條文修正草案」案,,
106/12/20,群賢樓801會議室,社會福利及衛生環境委員會,無,立法院第9屆第4會期社會福利及衛生環境委員會第17次全體委員會議,一、審查本院委員林靜儀等17人擬具「藥事法第六條之一及第九十二條條文修正草案」。二、審查本院委員林靜儀等18人擬具「食品安全衛生管理法第二十八條條文修正草案」。三、審查(一)本院委員林靜儀等17人擬具「健康食品管理法第十二條、第十三條及第十五條條文修正草案」。(二)委員王育敏等17人擬具「健康食品管理法第十三條條文修正草案」等2案。四、審查(一)行政院函請審議「化粧品衛生管理條例條文修正草案」。(二)本院委員蕭美琴等25人擬具「化粧品衛生管理條例部分條文修正草案」。(三)委員盧秀燕等16人擬具「化粧品衛生管理條例部分條文修正草案」。(四)委員林俊憲等21人擬具「化粧品衛生管理條例第九條及第十五條條文修正草案」。(五)委員王育敏等18人擬具「化粧品衛生管理條例第十八條條文修正草案」等4案。,陳曼麗;許淑華;周陳秀霞;吳玉琴;黃秀芳;徐志榮;邱泰源;林靜儀;蔣萬安;王育敏;蕭美琴;黃國昌;陳瑩;黃昭順;李彥秀;鍾佳濱;劉建國;林淑芬;蔣乃辛;鍾孔炤;林俊憲;楊曜,
106/12/20,紅樓302會議室,司法及法制委員會,無,立法院第9屆第4會期司法及法制委員會第22次全體委員會議,繼續併案審查（一）行政院函請審議「資通安全管理法草案」、（二）時代力量黨團擬具「資通安全管理法草案」、（三）委員陳亭妃等23人擬具「資通安全管理法草案」、（四）委員許毓仁等17人擬具「資通安全管理法草案」、（五）委員余宛如等18人擬具「資通安全法草案」及（六）親民黨黨團擬具「資通安全管理法草案」案。,,
106/12/20,紅樓101會議室,經濟委員會,無,立法院第9屆第4會期經濟委員會第21次全體委員會議,繼續審查107年度中央政府總預算案附屬單位預算營業部分關於經濟部主管：台灣自來水股份有限公司、台灣中油股份有限公司。(處理)(12月20日上午9時至下午1時、12月21日)(二天一次會),,
106/12/20,紅樓202會議室,內政委員會,無,立法院第9屆第4會期內政委員會第31次全體委員會議,一、繼續審查「原住民身分法修正草案」案(一)行政院函請審議「原住民身分法修正草案」案。(二)本院委員李俊俋等21人擬具「原住民身分法部分條文修正草案」案。(三)本院委員陳瑩等18人擬具「原住民身分法第八條條文修正草案」案。(四)本院委員鄭天財Sra Kacaw等18人擬具「原住民身分法部分條文修正草案」案(五)本院委員林俊憲等21人擬具「原住民身分法修正草案」案。(六)本院委員Kolas Yotaka等19人擬具「原住民身分法修正草案」案。【依內政委員會106年10月11日決議，有關平埔族群之原住民身分法修正條文(第2條及第10條)，待公聽會召開完成後，另定期審查】二、處理106年度中央政府總預算有關財團法人原住民族文化事業基金會預算凍結項目報告案計1案。三、審查107年度中央政府總預算案關於原住民族委員會部分。四、審查107年度中央政府總預算案關於原住民族文化發展中心部分。五、審查107年度中央政府總預算案附屬單位預算非營業部分關於原住民族委員會主管「原住民族綜合發展基金」。六、審查原住民族委員會函送「財團法人原住民族文化事業基金會107年度預算書及相關資料案」案。七、審查原住民族委員會及所屬「補、捐（獎）助其他政府機關、團體或個人經費報告表」共5案。八、審查原住民族委員會及所屬「辦理政策宣導相關之廣告彙整表」共4案。。,黃昭順;林麗蟬;陳其邁;曾銘宗;張宏陸;陳怡潔;趙天麟;鄭天財Sra．Kacaw;賴瑞隆;吳琪銘;高金素梅;孔文吉;蕭美琴;鍾孔炤;蔣乃辛;谷辣斯．尤達卡Kolas Yotaka;洪宗熠;顏寬恒;陳歐珀;姚文智;徐榛蔚;陳瑩;高潞．以用．巴魕剌Kawlo．Iyun．Pacidal,
106/12/20,紅樓301會議室,外交及國防委員會,無,立法院第9屆第4會期外交及國防委員會第22次全體委員會議【含秘密會議】,繼續審查107年度中央政府總預算案關於國防部主管收支機密及公開部分(不含國家安全局部分)。（12月18日、20日及21日三天一次會﹚,,
106/12/20,紅樓101會議室,經濟委員會,無,立法院第9屆第4會期經濟委員會公聽會,審查「公司法修正草案」等案公聽會,高志鵬;黃國昌;黃國昌,
106/12/20,紅樓302會議室,朝野黨團協商(司法及法制委員會),無,立法院朝野黨團協商,協商行政院函請審議「國家住宅及都市更新中心設置條例草案」案。,,
106/12/20,群賢樓101會議室,教育及文化委員會,無,立法院第9屆第4會期教育及文化委員會第14次全體委員會議,一、繼續審查「學校型態實驗教育實施條例」等修正草案，共11案：（一）行政院函請審議「學校型態實驗教育實施條例修正草案」案。（二）委員張廖萬堅等18人擬具「學校型態實驗教育實施條例修正草案」案。（三）委員蘇治芬等19 人擬具「學校型態實驗教育實施條例部分條文修正草案」案。（四）委員蘇巧慧等30人擬具「學校型態實驗教育實施條例部分條文修正草案」案。（五）委員張廖萬堅等18人擬具「學校型態實驗教育實施條例第十九條條文修正草案」案。（六）委員林俊憲等16人擬具「學校型態實驗教育實施條例第十二條條文修正草案」案。（七）委員蘇治芬等26人擬具「學校型態實驗教育實施條例第八條條文修正草案」案。（八）委員許智傑等24人擬具「學校型態實驗教育實施條例部分條文修正草案」案。（九）委員蔡培慧等23人擬具「學校型態實驗教育實施條例部分條文修正草案」案。（十）委員柯志恩等16人擬具「學校型態實驗教育實施條例部分條文修正草案」案。（十一）委員陳亭妃等18人擬具「學校型態實驗教育實施條例第三條及第五條條文修正草案」案。 二、繼續審查「公立國民小學及國民中學委託私人辦理條例」等修正草案，共5案：（一）行政院函請審議「公立國民小學及國民中學委託私人辦理條例修正草案」案。（二）委員吳思瑤等21人擬具「公立國民小學及國民中學委託私人辦理條例修正草案」案。（三）委員蘇巧慧等29人擬具「公立國民小學及國民中學委託私人辦理條例第一條、第四條及第十七條條文修正草案」案。（四）委員蘇治芬等23人擬具「公立國民小學及國民中學委託私人辦理條例第十六條條文修正草案」案。（五）委員陳亭妃等18人擬具「公立國民小學及國民中學委託私人辦理條例第一條及第四條條文修正草案」案。 三、繼續審查「高級中等以下教育階段非學校型態實驗教育實施條例」等修正草案，共6案：（一）行政院函請審議「高級中等以下教育階段非學校型態實驗教育實施條例修正草案」案。（二）委員吳思瑤等16人擬具「高級中等以下教育階段非學校型態實驗教育實施條例部分條文修正草案」案。（三）委員黃秀芳等24人擬具「高級中等以下教育階段非學校型態實驗教育實施條例第六條條文修正草案」案。（四）委員蘇治芬等24人擬具「高級中等以下教育階段非學校型態實驗教育實施條例第八條條文修正草案」案。（五）委員陳亭妃等18人擬具「高級中等以下教育階段非學校型態實驗教育實施條例第六條條文修正草案」案。（六）委員柯志恩等18人擬具「高級中等以下教育階段非學校型態實驗教育實施條例部分條文修正草案」案。 （繼續審查）（12月18日及20日二天一次會）,,
106/12/20,紅樓201會議室,交通委員會,無,立法院第9屆第4會期交通委員會第14次全體委員會議,繼續審查一、行政院函請審議「民用航空法部分條文修正草案」案。二、親民黨黨團擬具「民用航空法部分條文修正草案」案。三、委員李昆澤等23人擬具「民用航空法部分條文修正草案」案。四、委員邱志偉等23人擬具「民用航空法部分條文修正草案」案。五、委員楊鎮浯等17人擬具「民用航空法部分條文修正草案」案。六、委員邱志偉等18人擬具「民用航空法第二條及第一百十二條條文修正草案」案。七、委員葉宜津等19人擬具「民用航空法增訂第六條之一條文草案」案。八、委員鄭寶清等21人擬具「民用航空法增訂第七條之二及第一百十九條之五條文草案」案。九、委員黃國書等18人擬具「民用航空法第三十四條條文修正草案」案。十、委員黃國書等19人擬具「民用航空法增訂第三十七條之一條文草案」案。十一、委員陳素月等17人擬具「民用航空法第四十條條文修正草案」案。十二、委員邱志偉等20人擬具「民用航空法第四十一條之一、第一百十一條及第一百十二條條文修正草案」案。十三、委員蘇震清等23人擬具「民用航空法第四十三條之三、第一百零一條及第一百零二條條文修正草案」案。十四、委員李昆澤等21人擬具「民用航空法增訂第四十三條之三及第一百零一條之一條文草案」案。十五、委員鄭運鵬等25人擬具「民用航空法增訂第四十九條之一條文草案」案。十六、委員趙正宇等17人擬具「民用航空法第五十八條之一及第九十三條條文修正草案」案。十七、委員鄭寶清等17人擬具「民用航空法第五十九條及第一百十二條之九條文修正草案」案。十八、委員王育敏等16人擬具「民用航空法增訂第一百零一條之一條文草案」案。十九、委員李昆澤等17人擬具「民用航空法第一百十九條之二條文修正草案」案。（以上19案進行逐條審查）(12月18、20及21日三天一次會),,
106/12/21,紅樓301會議室,外交及國防委員會,無,立法院第9屆第4會期外交及國防委員會第22次全體委員會議【含秘密會議】,繼續審查107年度中央政府總預算案關於國防部主管收支機密及公開部分(不含國家安全局部分)。（12月18日、20日及21日三天一次會﹚,,
106/12/21,紅樓201會議室,朝野黨團協商(交通委員會),無,立法院朝野黨團協商,併案審查委員盧秀燕等16人擬具「發展觀光條例部分條文修正草案」、委員黃國書等19人擬具「發展觀光條例第六條條文修正草案」、委員陳歐珀等18人擬具「發展觀光條例第二十九條條文修正草案」、委員鄭運鵬等20人擬具「發展觀光條例第三十二條條文修正草案」、委員陳歐珀等18人擬具「發展觀光條例第五十三條條文修正草案」及委員陳素月等16人擬具「發展觀光條例第六十五條條文修正草案」案。,,
106/12/21,紅樓101會議室,經濟委員會,無,立法院第9屆第4會期經濟委員會第21次全體委員會議議程,繼續審查107年度中央政府總預算案附屬單位預算營業部分關於經濟部主管：台灣自來水股份有限公司、台灣中油股份有限公司。(處理)(12月20日上午9時至下午1時、12月21日)(二天一次會),,
106/12/21,紅樓302會議室,司法及法制委員會,無,立法院第9屆第4會期司法及法制委員會 ,「法庭安全」公聽會 ,,
106/12/21,紅樓201會議室,交通委員會,無,立法院第9屆第4會期交通委員會第14次全體委員會議,繼續審查一、行政院函請審議「民用航空法部分條文修正草案」案。二、親民黨黨團擬具「民用航空法部分條文修正草案」案。三、委員李昆澤等23人擬具「民用航空法部分條文修正草案」案。四、委員邱志偉等23人擬具「民用航空法部分條文修正草案」案。五、委員楊鎮浯等17人擬具「民用航空法部分條文修正草案」案。六、委員邱志偉等18人擬具「民用航空法第二條及第一百十二條條文修正草案」案。七、委員葉宜津等19人擬具「民用航空法增訂第六條之一條文草案」案。八、委員鄭寶清等21人擬具「民用航空法增訂第七條之二及第一百十九條之五條文草案」案。九、委員黃國書等18人擬具「民用航空法第三十四條條文修正草案」案。十、委員黃國書等19人擬具「民用航空法增訂第三十七條之一條文草案」案。十一、委員陳素月等17人擬具「民用航空法第四十條條文修正草案」案。十二、委員邱志偉等20人擬具「民用航空法第四十一條之一、第一百十一條及第一百十二條條文修正草案」案。十三、委員蘇震清等23人擬具「民用航空法第四十三條之三、第一百零一條及第一百零二條條文修正草案」案。十四、委員李昆澤等21人擬具「民用航空法增訂第四十三條之三及第一百零一條之一條文草案」案。十五、委員鄭運鵬等25人擬具「民用航空法增訂第四十九條之一條文草案」案。十六、委員趙正宇等17人擬具「民用航空法第五十八條之一及第九十三條條文修正草案」案。十七、委員鄭寶清等17人擬具「民用航空法第五十九條及第一百十二條之九條文修正草案」案。十八、委員王育敏等16人擬具「民用航空法增訂第一百零一條之一條文草案」案。十九、委員李昆澤等17人擬具「民用航空法第一百十九條之二條文修正草案」案。（以上19案進行逐條審查）(12月18、20及21日三天一次會),,
106/12/21,群賢樓801會議室,社會福利及衛生環境委員會,無,立法院第9屆第4會期社會福利及衛生環境委員會第17次全體委員會議,一、審查本院委員林靜儀等17人擬具「藥事法第六條之一及第九十二條條文修正草案」。二、審查本院委員林靜儀等18人擬具「食品安全衛生管理法第二十八條條文修正草案」。三、審查(一)本院委員林靜儀等17人擬具「健康食品管理法第十二條、第十三條及第十五條條文修正草案」。(二)委員王育敏等17人擬具「健康食品管理法第十三條條文修正草案」等2案。四、審查(一)行政院函請審議「化粧品衛生管理條例條文修正草案」。(二)本院委員蕭美琴等25人擬具「化粧品衛生管理條例部分條文修正草案」。(三)委員盧秀燕等16人擬具「化粧品衛生管理條例部分條文修正草案」。(四)委員林俊憲等21人擬具「化粧品衛生管理條例第九條及第十五條條文修正草案」。(五)委員王育敏等18人擬具「化粧品衛生管理條例第十八條條文修正草案」等4案。,,
106/12/21,紅樓202會議室,內政委員會,無,立法院第9屆第4會期內政委員會第31次全體委員會議,一、審查「國籍法」：（一）本院委員何欣純等17人擬具「國籍法部分條文修正草案」案。（二）本院委員蔡培慧等22人擬具「國籍法部分條文修正草案」案。（三）本院委員陳宜民等18人擬具「國籍法第三條條文修正草案」案。（四）本院委員許淑華等16人擬具「國籍法第三條條文修正草案」案。（五）請願文書2案。二、審查「地方民意代表費用支給及村里長事務補助費補助條例」：（一）本院委員鄭寶清等21人擬具「地方民意代表費用支給及村里長事務補助費補助條例第七條及第八條條文修正草案」案。（二）本院委員陳瑩等16 人擬具「地方民意代表費用支給及村里長事務補助費補助條例第七條條文修正草案」案。（三）本院委員陳超明等16人擬具「地方民意代表費用支給及村里長事務補助費補助條例第七條條文修正草案」案。（四）審查本院委員黃昭順等16 人擬具「地方民意代表費用支給及村里長事務補助費補助條例第七條條文修正草案」案。（五）審查本院委員顏寬恒等16 人擬具「地方民意代表費用支給及村里長事務補助費補助條例第七條及第十條條文修正草案」案。（六）審查本院委員曾銘宗等16 人擬具「地方民意代表費用支給及村里長事務補助費補助條例第七條及第九條條文修正草案」案。（七）審查本院委員陳超明等16人擬具「地方民意代表費用支給及村里長事務補助費補助條例第七條條文修正草案」案。（八）審查本院委員鄭天財Sra Kacaw等16人擬具「地方民意代表費用支給及村里長事務補助費補助條例第七條、第九條及第十條條文修正草案」案。（九）請願文書1案。三、繼續審查107年度中央政府總預算案關於行政院大陸委員會收支部分。四、繼續審查行政院大陸委員會函送財團法人海峽交流基金會107年度預算書及相關資料案。五、繼續審查行政院大陸委員會函送財團法人臺港經濟文化合作策進會107年度預算書案。六、繼續審查行政院大陸委員會「補、捐（獎）助其他政府機關、團體或個人經費報告表」共2案。(一)行政院大陸委員會函送105年度第4季該會補（捐）助經費一覽表，請查照案。(二)行政院大陸委員會函送106年度第1季「行政院大陸委員會補（捐）助經費一覽表」，請查照案。七、繼續審查行政院大陸委員會「辦理政策宣導相關之廣告彙整表」共4案。(一)行政院大陸委員會函送該會及海基會104年第4季辦理政策溝通說明相關廣告彙整更正表，請查照案。(二)行政院大陸委員會函送該會及海基會105年第4季辦理政策溝通說明相關廣告彙整表，請查照案。(三)行政院大陸委員會函送該會及海基會106年第1季（1－3月）辦理政策溝通說明相關廣告彙整表，請查照案。(四)行政院大陸委員會函送該會及海基會106年第2季辦理政策溝通說明相關廣告彙整表，請查照案。（預算提案截止時間:12月21日上午10時）(12月20日及21日二天一次會),曾銘宗;黃昭順;張宏陸;陳怡潔;吳琪銘;洪宗熠;林麗蟬;孔文吉;賴瑞隆;李彥秀;李麗芬;趙天麟;顏寬恒;尤美女;鄭天財Sra．Kacaw;姚文智;鍾孔炤;陳其邁;廖國棟Sufin．Siluko;谷辣斯．尤達卡Kolas．Yotaka;葉宜津;蔡易餘,
106/12/22,群賢樓502會議室,朝野黨團協商(內政委員會),無,立法院朝野黨團協商,本院內政委員會報告併案審查行政院函請審議及委員林為洲等18人擬具「客家基本法修正草案」案。,,
106/12/25,群賢樓801會議室,社會福利及衛生環境委員會,無,立法院社會福利及衛生環境委員會,舉行「天然災害發生時勞工權益保障法制化」公聽會,,
106/12/25,紅樓302會議室,司法及法制委員會,無,立法院第9屆第4會期司法及法制委員會,「如何落實刑事訴訟程序之公平正義與人權保障」公聽會,,
106/12/25,紅樓202會議室,內政委員會,無,立法院第9屆第4會期內政委員會「都市更新條例修正草案」公聽會, ,,
106/12/25,紅樓201會議室,交通委員會,無,立法院第9屆第4會期交通委員會第15次全體委員會議,審查107年度中央政府總預算案附屬單位預算營業部分關於交通部主管交通部臺灣鐵路管理局營業預算。(詢答)(12月25日及28日二天一次會),鄭寶清;趙正宇;李昆澤;洪慈庸;陳歐珀;鄭運鵬;葉宜津;陳雪生;林俊憲;黃國書;周春米;鍾佳濱;劉櫂豪;林德福;孔文吉;徐榛蔚;高金素梅;鄭天財Sra．Kacaw;陳素月;廖國棟Sufin．Siluko;陳賴素美;蕭美琴;顏寬恒;何欣純;賴瑞隆;鍾孔炤;黃昭順;陳怡潔,
106/12/25,議場三樓會議室,朝野黨團協商,無,立法院黨團協商,一、研商有關本院社福、經濟二委員會於12月4日審查勞基法(一例一休)議案會議程序及進行過程之爭議相關事宜。(時代力量黨團提議)二、研商「二二八事件處理及賠償條例部分條文修正草案」、「駐外外交領事人員任用條例部分條文修正草案」、「證人保護法部分條文修正草案」、「洗錢防制法部分條文修正草案」、「交通部鐵道局組織法草案」、「國家住宅及都市更新設置條例草案」等六案相關事宜。(民進黨黨團提議),,
106/12/25,群賢樓802會議室,朝野黨團協商(社會福利及衛生環境委員會),無,立法院朝野黨團協商,協商取消-協商本院委員黃秀芳等19人擬具「水污染防治法第三十二條及第五十三條條文修正草案」、委員黃秀芳等22人擬具「水污染防治法部分條文修正草案」及委員吳玉琴等21人擬具「水污染防治法第十一條及第四十四條條文修正草案」案。,,
106/12/25,紅樓202會議室,內政委員會,無,立法院第9屆第4會期內政委員會第32次全體委員會議,一、都市更新條例：（一）審查行政院函請審議「都市更新條例修正草案」案。（二）繼續審查委員許淑華等16人擬具「都市更新條例修正草案」案。（三）繼續審查委員姚文智等17人擬具「都市更新條例修正草案」案。（四）繼續審查委員江永昌等18人擬具「都市更新條例部分條文修正草案」案。（五）繼續審查委員黃昭順等16人擬具「都市更新條例部分條文修正草案」案。（六）繼續審查親民黨黨團擬具「都市更新條例部分條文修正草案」案。（七）繼續審查委員李俊俋等26人擬具「都市更新條例第十六條及第三十六條條文修正草案」案。（八）繼續審查委員江永昌等20人擬具「都市更新條例第十八條、第五章章名及第五十二條之一條文修正草案」案。（九）審查委員尤美女等20人擬具「都市更新條例修正草案」案。（十）審查委員吳玉琴等22人擬具「都市更新條例部分條文修正草案」案。二、公職人員選舉罷免法：（一）審查委員陳其邁等16人擬具「公職人員選舉罷免法第二十六條條文修正草案」案。（二）審查委員劉世芳等17人擬具「公職人員選舉罷免法第二十六條條文修正草案」案。（三）審查委員蔡易餘等19人擬具「公職人員選舉罷免法第二十六條條文修正草案」案。（四）審查請願文書5案。三、審查委員王榮璋等17人擬具「建築師法第四條條文修正草案」案。四、審查委員王榮璋等17人擬具「不動產估價師法第八條條文修正草案」案。,曾銘宗;陳怡潔;黃昭順;鄭天財Sra．Kacaw;賴瑞隆;顏寬恒;趙天麟;吳琪銘;蔡易餘;王榮璋;林德福;姚文智;谷辣斯．尤達卡Kolas．Yotaka;鄭運鵬;孔文吉;高金素梅;廖國棟Sufin．Siluko;洪宗熠;陳雪生;周春米;陳賴素美;鍾孔炤;何欣純;葉宜津;吳玉琴;尤美女;陳歐珀;陳其邁;羅明才;張宏陸,
106/12/25,群賢樓101會議室,教育及文化委員會,無,立法院第9屆第4會期教育及文化委員會第15次全體委員會議,一、繼續審查107年度中央政府總預算案有關文化部及所屬單位預算案。 二、繼續審查107年度行政法人國家表演藝術中心預算案。 三、繼續審查107年度中央政府總預算案有關科技部及所屬單位預算案。 四、繼續審查107年度行政法人國家災害防救科技中心預算案。 五、繼續審查107年度中央政府總預算案有關國立故宮博物院單位預算案。(12月25、27及28日三天一次會)（必要時延長開會時間）,,
106/12/25,紅樓101會議室,經濟委員會,無,立法院第9屆第4會期經濟委員會第22次全體委員會議,一、繼續審查本院委員林淑芬等24人擬具「礦業法修正草案」案。二、繼續審查本院委員蕭美琴等23人擬具「礦業法修正草案」案。三、繼續審查本院委員孔文吉等19人擬具「礦業法部分條文修正草案」案。四、繼續審查本院委員周春米等21人擬具「礦業法部分條文修正草案」案。五、繼續審查本院時代力量黨團擬具「礦業法部分條文修正草案」案。六、繼續審查本院委員Kolas Yotaka等17人擬具「礦業法部分條文修正草案」案。七、繼續審查本院委員鄭天財Sra Kacaw等17人擬具「礦業法部分條文修正草案」案。八、繼續審查本院親民黨黨團擬具「礦業法部分條文修正草案」案。九、審查本院委員蘇震清等25人擬具「礦業法部分條文修正草案」案。(宣讀本案條文)十、審查本院委員陳亭妃等17人擬具「礦業法部分條文修正草案」案。(宣讀本案條文)十一、審查本院委員陳瑩等23人擬具「礦業法增訂第六條之一及第七十二條之一條文草案」案。(宣讀本案條文)十二、審查行政院函請審議「礦業法部分條文修正草案」案。(宣讀本案條文)(12月25日、27日二天一次會),,
106/12/25,九樓大禮堂,財政委員會,無,立法院第9屆第4會期財政委員會第23次全體委員會議,審查本院委員賴士葆等18人擬具「保險法增訂第十六條之一條文草案」案、委員賴士葆等18人擬具「保險法第一百三十八條之二條文修正草案」案、委員賴士葆等21人擬具「保險法增訂第一百六十三條之一條文草案」案及委員賴士葆等23人擬具「證券交易法第十四條之二及第一百七十八條條文修正草案」案，計4案。,黃國昌;吳秉叡;賴士葆;林德福;余宛如;盧秀燕;王榮璋;施義芳;郭正亮;陳賴素美;何欣純;顏寬恒;羅明才;李昆澤;高金素梅;廖國棟Sufin．Siluko;費鴻泰;鍾孔炤;江永昌;曾銘宗,
106/12/25,群賢樓801會議室,社會福利及衛生環境委員會,無,立法院第9屆第4會期社會福利及衛生環境委員會第18次全體委員會議,一、繼續審查：(一)本院委員蔣萬安等16人擬具「勞動基準法增訂第四十條之一條文草案」。(二)委員陳怡潔等17人擬具「勞動基準法增訂第四十條之一條文草案」。(三)委員林為洲等18人擬具「勞動基準法增訂第四十條之一條文草案」。(四)委員林靜儀等22人擬具「勞動基準法第四十條及增訂第四十條之一條文修正草案」。(五)委員李俊俋等22人擬具「勞動基準法第三十九條條文修正草案」。(六)委員鍾孔炤等35人擬具「勞動基準法增訂第四十條之一條文草案」。(七)委員劉建國等16人擬具「勞動基準法增訂第四十條之一條文草案」等7案。(不詢答，直接處理)二、繼續審查中華民國107年度中央政府總預算案有關行政院環境保護署主管預算(基金)案。（預算處理)三、繼續審查中華民國107年度中央政府總預算案有關勞動部主管預算(公務預算及基金)案。(預算處理),,
106/12/26,紅樓201會議室,程序委員會,無,第9屆第4會期程序委員會第15次會議, 審定本院第9屆第4會期第15次會議議事日程及  人民請願案,谷辣斯．尤達卡Kolas．Yotaka;江啟臣;高潞．以用．巴魕剌Kawlo．Iyun．Pacidal,
106/12/26,群賢樓101會議室,朝野黨團協商(社會福利及衛生環境委員會),無,立法院朝野黨團協商,協商行政院函請審議「長期照顧服務機構法人條例草案」案。,,
106/12/27,紅樓301會議室,外交及國防委員會,無,立法院第9屆第4會期外交及國防委員會第23次全體委員會議【含秘密會議】,繼續審查107年度中央政府總預算案關於國防部主管收支機密及公開部分(不含國家安全局部分)。（處理）（12月27日及28日二天一次會﹚,,
106/12/27,紅樓301會議室,外交及國防委員會,無,立法院外交及國防委員會獵雷艦調閱專案小組第4次全,研商調閱專案小組相關事項,,
106/12/27,紅樓302會議室,司法及法制委員會,無,立法院第9屆第4會期司法及法制委員會第23次全體委員會議,上午9時至12時 一、繼續審查107年度中央政府總預算案關於立法院主管收支部分。 下午2時至5時30分 二、繼續審查107年度中央政府總預算案關於總統府主管（不含中央研究院）收支部分。（12月27日及28日兩天一次會）,,
106/12/27,九樓大禮堂,朝野黨團協商(財政委員會),無,立法院朝野黨團協商,一、行政院函請審議「證券投資信託及顧問法部分條文修正草案」案 二、行政院函請審議「銀行法部分條文修正草案」、「金融控股公司法部分條文修正草案」、「信用合作社法部分條文修正草案」、「信託業法部分條文修正草案」、「票券金融管理法部分條文修正草案」、「證券交易法第一百七十一條、第一百七十二條及第一百七十四條之二條文修正草案」、「證券投資信託及顧問法第一百零五條及第一百零八條條文修正草案」及「保險法部分條文修正草案」案三、行政院函請審議「臺灣金融控股股份有限公司條例第十二條之一條文修正草案」案,,
106/12/27,紅樓202會議室,內政委員會,無,立法院第9屆第4會期內政委員會第33次全體委員會議,一、繼續審查委員王榮璋等17人擬具「建築師法第四條條文修正草案」案。二、繼續審查委員王榮璋等17人擬具「不動產估價師法第八條條文修正草案」案。三、繼續審查「人民團體法」：（一）委員賴瑞隆等18人擬具「人民團體法第四十六條之一及第四十九條條文修正草案」案。（二）委員賴瑞隆等21人擬具「人民團體法增訂第四十九條之一條文草案」案。（三）委員陳其邁等30人擬具「人民團體法增訂第五十九條之一條文草案」案。四、繼續審查「公職人員選舉罷免法」：（一）委員陳其邁等16人擬具「公職人員選舉罷免法第二十六條條文修正草案」案。（二）委員劉世芳等17人擬具「公職人員選舉罷免法第二十六條條文修正草案」案。（三）委員蔡易餘等19人擬具「公職人員選舉罷免法第二十六條條文修正草案」案。五、繼續審查委員邱志偉等16人擬具「殯葬管理條例第六十四條及第六十五條條文修正草案」案。六、繼續審查委員洪宗熠等18人擬具「下水道法部分條文修正草案」案。七、繼續審查「替代役實施條例」：（一）委員陳怡潔等21人擬具「替代役實施條例增訂第五十五條之四條文草案」案。（二）委員陳瑩等16人擬具「替代役實施條例第四條及第五條條文修正草案」案。（三）委員高潞．以用．巴魕剌Kawlo．Iyun．Pacidal等16人擬具「替代役實施條例第四條、第五條及第十七條條文修正草案」案。八、繼續審查「都市更新條例」：（一）行政院函請審議「都市更新條例修正草案」案。（二）委員許淑華等16人擬具「都市更新條例修正草案」案。（三）委員姚文智等17人擬具「都市更新條例修正草案」案。（四）委員江永昌等18人擬具「都市更新條例部分條文修正草案」案。（五）委員黃昭順等16人擬具「都市更新條例部分條文修正草案」案。（六）親民黨黨團擬具「都市更新條例部分條文修正草案」案。（七）委員李俊俋等26人擬具「都市更新條例第十六條及第三十六條條文修正草案」案。（八）委員江永昌等20人擬具「都市更新條例第十八條、第五章章名及第五十二條之一條文修正草案」案。（九）委員尤美女等20人擬具「都市更新條例修正草案」案。（十）委員吳玉琴等22人擬具「都市更新條例部分條文修正草案」案。九、繼續審查委員姚文智等17人擬具「都市再生特別條例草案」案。,,
106/12/27,九樓大禮堂,財政委員會,無,立法院第9屆第4會期財政委員會第24次全體委員會議,一、審查中華民國107年度中央政府總預算案行政院歲入預算有關中央銀行股息紅利繳庫部分。二、審查中華民國107年度中央政府總預算案有關財政部關務署及所屬、國有財產署及所屬收支部分。融資財源調度。(12月27日及12月28日兩天一次會) ,黃國昌;吳秉叡;賴士葆;林德福;盧秀燕;余宛如;施義芳;郭正亮;李昆澤;王榮璋;陳賴素美;費鴻泰;曾銘宗;鄭天財Sra．Kacaw;羅明才;鍾孔炤;江永昌,
106/12/27,群賢樓801會議室,社會福利及衛生環境委員會,無,立法院第9屆第4會期社會福利及衛生環境委員會第18次全體委員會議,一、繼續審查：(一)本院委員蔣萬安等16人擬具「勞動基準法增訂第四十條之一條文草案」。(二)委員陳怡潔等17人擬具「勞動基準法增訂第四十條之一條文草案」。(三)委員林為洲等18人擬具「勞動基準法增訂第四十條之一條文草案」。(四)委員林靜儀等22人擬具「勞動基準法第四十條及增訂第四十條之一條文修正草案」。(五)委員李俊俋等22人擬具「勞動基準法第三十九條條文修正草案」。(六)委員鍾孔炤等35人擬具「勞動基準法增訂第四十條之一條文草案」。(七)委員劉建國等16人擬具「勞動基準法增訂第四十條之一條文草案」等7案。(不詢答，直接處理)二、繼續審查中華民國107年度中央政府總預算案有關行政院環境保護署主管預算(基金)案。（預算處理)三、繼續審查中華民國107年度中央政府總預算案有關勞動部主管預算(公務預算及基金)案。(預算處理),,
106/12/27,群賢樓802會議室,朝野黨團協商(社會福利及衛生環境委員會),無,立法院朝野黨團協商,一、協商本院委員邱泰源等22人及委員李彥秀等18人分別擬具「醫療法第八十二條條文修正草案」案。二、協商行政院函請審議「藥事法部分條文修正草案」案。,,
106/12/27,紅樓101會議室,經濟委員會,無,立法院第9屆第4會期經濟委員會第22次全體委員會議,一、繼續審查本院委員林淑芬等24人擬具「礦業法修正草案」案。二、繼續審查本院委員蕭美琴等23人擬具「礦業法修正草案」案。三、繼續審查本院委員孔文吉等19人擬具「礦業法部分條文修正草案」案。四、繼續審查本院委員周春米等21人擬具「礦業法部分條文修正草案」案。五、繼續審查本院時代力量黨團擬具「礦業法部分條文修正草案」案。六、繼續審查本院委員Kolas Yotaka等17人擬具「礦業法部分條文修正草案」案。七、繼續審查本院委員鄭天財Sra Kacaw等17人擬具「礦業法部分條文修正草案」案。八、繼續審查本院親民黨黨團擬具「礦業法部分條文修正草案」案。九、審查本院委員蘇震清等25人擬具「礦業法部分條文修正草案」案。(宣讀本案條文)十、審查本院委員陳亭妃等17人擬具「礦業法部分條文修正草案」案。(宣讀本案條文)十一、審查本院委員陳瑩等23人擬具「礦業法增訂第六條之一及第七十二條之一條文草案」案。(宣讀本案條文)十二、審查行政院函請審議「礦業法部分條文修正草案」案。(宣讀本案條文)(12月25日、27日二天一次會),,
106/12/27,群賢樓101會議室,教育及文化委員會,無,立法院第9屆第4會期教育及文化委員會第15次全體委員會議,一、繼續審查107年度中央政府總預算案有關文化部及所屬單位預算案。 二、繼續審查107年度行政法人國家表演藝術中心預算案。 三、繼續審查107年度中央政府總預算案有關科技部及所屬單位預算案。 四、繼續審查107年度行政法人國家災害防救科技中心預算案。 五、繼續審查107年度中央政府總預算案有關國立故宮博物院單位預算案。(12月25、27及28日三天一次會)（必要時延長開會時間）,,
106/12/27,紅樓301會議室,外交及國防委員會,無,立法院第9屆第4會期外交及國防委員會第23次全體委員會議【含秘密會議】,繼續審查107年度中央政府總預算案關於國防部主管收支機密及公開部分(不含國家安全局部分)。（處理）（12月27日及28日二天一次會﹚,,
106/12/28,紅樓301會議室,外交及國防委員會,無,立法院第9屆第4會期外交及國防委員會第23次全體委員會議【含秘密會議】,繼續審查107年度中央政府總預算案關於國防部主管收支機密及公開部分(不含國家安全局部分)。（處理）（12月27日及28日二天一次會﹚,,
106/12/28,紅樓101會議室,經濟委員會,無,立法院第9屆第4會期經濟委員會第23次全體委員會議,邀請經濟部部長率水利署署長、能源局局長、工業局局長、國際貿易局局長及國營事業委員會副主任委員；行政院農業委員會主任委員率漁業署署長、水土保持局局長、農田水利處處長；行政院環境保護署首長及內政部首長率營建署署長針對(一)「如何整合各部會資源，營造水岸融合之優化環境」(二)「政府推動離岸風電產業政策：建置期程、進度及辦法」進行報告，並備質詢。(上午9時至12時),徐永明;黃偉哲;蘇治芬;孔文吉;葉宜津;陳超明;蕭美琴;吳志揚;管碧玲;蘇震清;黃國昌;陳明文;張麗善;鄭天財Sra．Kacaw;柯志恩;陳曼麗;周春米;廖國棟Sufin．Siluko;徐榛蔚;賴瑞隆;陳賴素美;余宛如;邱志偉;高志鵬,
106/12/28,紅樓202會議室,內政委員會,無,立法院第9屆第4會期內政委員會第34次全體委員會議,一、繼續審查原住民族委員會函送「財團法人原住民族文化事業基金會107年度預算書及相關資料案」案。二、繼續審查「都市更新條例」：（一）行政院函請審議「都市更新條例修正草案」案。（二）委員許淑華等16人擬具「都市更新條例修正草案」案。（三）委員姚文智等17人擬具「都市更新條例修正草案」案。（四）委員江永昌等18人擬具「都市更新條例部分條文修正草案」案。（五）委員黃昭順等16人擬具「都市更新條例部分條文修正草案」案。（六）親民黨黨團擬具「都市更新條例部分條文修正草案」案。（七）委員李俊俋等26人擬具「都市更新條例第十六條及第三十六條條文修正草案」案。（八）委員江永昌等20人擬具「都市更新條例第十八條、第五章章名及第五十二條之一條文修正草案」案。（九）委員尤美女等20人擬具「都市更新條例修正草案」案。（十）委員吳玉琴等22人擬具「都市更新條例部分條文修正草案」案。三、繼續審查委員姚文智等17人擬具「都市再生特別條例草案」案。,,
106/12/28,紅樓101會議室,經濟委員會,無,立法院第9屆第4會期經濟委員會第23次全體委員會議,邀請國家發展委員會主任委員、經濟部部長率台電公司董事長、中油公司董事長、台糖公司董事長、台水公司董事長、漢翔公司董事長、中鋼公司董事長、台船公司董事長及交通部首長率中華電信公司董事長，針對「國營及公股事業為響應新南向政策之投資布局計畫、執行期程、最新進度以及預期達成績效」進行報告，並備質詢。(下午2時至5時30分),黃偉哲;徐永明;王惠美;高志鵬;林岱樺;張麗善;蕭美琴;陳雪生;蘇治芬;余宛如;邱志偉;徐榛蔚;陳明文,
106/12/28,紅樓201會議室,交通委員會,無,立法院第9屆第4會期交通委員會第15次全體委員會議,一、繼續審查107年度中央政府總預算案附屬單位預算非營業部分關於交通部主管交通作業基金－觀光發展基金分預算。二、審查107年度中央政府總預算案附屬單位預算營業部分關於交通部主管交通部臺灣鐵路管理局營業預算。(進行處理)(12月25日及28日二天一次會),,
106/12/28,群賢樓802會議室,朝野黨團協商(社會福利及衛生環境委員會),無,立法院朝野黨團協商,一、協商併案審查行政院函請審議、委員陳瑩等16人及委員林淑芬等25人分別擬具「醫療法部分條文修正草案」案。二、協商本院委員劉建國等20人擬具「醫療法第三十五條條文修正草案」案。,,
106/12/28,群賢樓801會議室,社會福利及衛生環境委員會,無,立法院第9屆第4會期社會福利及衛生環境委員會第18次全體委員會議,一、繼續審查：(一)本院委員蔣萬安等16人擬具「勞動基準法增訂第四十條之一條文草案」。(二)委員陳怡潔等17人擬具「勞動基準法增訂第四十條之一條文草案」。(三)委員林為洲等18人擬具「勞動基準法增訂第四十條之一條文草案」。(四)委員林靜儀等22人擬具「勞動基準法第四十條及增訂第四十條之一條文修正草案」。(五)委員李俊俋等22人擬具「勞動基準法第三十九條條文修正草案」。(六)委員鍾孔炤等35人擬具「勞動基準法增訂第四十條之一條文草案」。(七)委員劉建國等16人擬具「勞動基準法增訂第四十條之一條文草案」等7案。(不詢答，直接處理)二、繼續審查中華民國107年度中央政府總預算案有關行政院環境保護署主管預算(基金)案。（預算處理)三、繼續審查中華民國107年度中央政府總預算案有關勞動部主管預算(公務預算及基金)案。(預算處理),,
106/12/28,議場三樓會議室,朝野黨團協商,無,立法院黨團協商,研商「金融科技創新實驗條例草案」等案相關事宜。(民進黨黨團提議),,
106/12/28,紅樓302會議室,司法及法制委員會,無,立法院第9屆第4會期司法及法制委員會第23次全體委員會議,三、邀請法務部部長、司法院秘書長、行政院大陸委員會主任委員、外交部部長及內政部警政署署長列席就「『海峽兩岸共同打擊犯罪及司法互助協議』執行現狀及跨境詐騙案件之量刑檢討」進行專題報告，並備質詢。（12月27日及28日兩天一次會）,吳志揚;李俊俋;鍾孔炤;廖國棟Sufin．Siluko;葉宜津;楊鎮浯;王育敏;林為洲;段宜康;尤美女;陳賴素美;劉櫂豪;蔡易餘;張麗善;曾銘宗,
106/12/28,九樓大禮堂,財政委員會,無,立法院第9屆第4會期財政委員會第24次全體委員會議,繼續審查中華民國107年度中央政府總預算案有關財政部、國庫署、財政資訊中心、賦稅署、臺北國稅局、高雄國稅局、北區國稅局及所屬、中區國稅局及所屬、南區國稅局及所屬收支部分。（已詢答完畢，進行處理）(12月27日及12月28日兩天一次會) ,,
106/12/28,群賢樓101會議室,教育及文化委員會,無,立法院第9屆第4會期教育及文化委員會第15次全體委員會議,一、繼續審查107年度中央政府總預算案有關文化部及所屬單位預算案。 二、繼續審查107年度行政法人國家表演藝術中心預算案。 三、繼續審查107年度中央政府總預算案有關科技部及所屬單位預算案。 四、繼續審查107年度行政法人國家災害防救科技中心預算案。 五、繼續審查107年度中央政府總預算案有關國立故宮博物院單位預算案。(12月25、27及28日三天一次會)（必要時延長開會時間）,,
107/01/04,議場三樓會議室,朝野黨團協商,無,立法院黨團協商,研商「委員柯建銘等67人所提召開第9屆第4會期臨時會」相關事宜。,,
107/01/05,紅樓201會議室,程序委員會,無,第9屆第4會期程序委員會第17次會議, 一、審定本院第9屆第4會期第1次臨時會第2次會議議事日程,陳曼麗;高潞．以用．巴魕剌Kawlo．Iyun．Pacidal,
107/01/05,紅樓201會議室,程序委員會,無,第9屆第4會期程序委員會第16次會議, 審定本院第9屆第4會期第1次臨時會第1次會議  議事日程,陳曼麗;曾銘宗;王育敏,
107/01/08,議場三樓會議室,朝野黨團協商,無,立法院黨團協商,議案協商,,
107/01/09,議場三樓會議室,朝野黨團協商,無,立法院黨團協商,議案協商,,
107/01/11,九樓大禮堂,院會,無,第9屆第4會期第1次臨時會第1次全院委員會,「行使監察院監察委員同意權案」公聽會,,
107/01/16,議場三樓會議室,朝野黨團協商,無,立法院黨團協商,研商行政院函請審議「農田水利會組織通則第二十三條、第三十五條及第四十條條文修正草案」案相關事宜。,,
107/01/17,議場三樓會議室,朝野黨團協商,無,立法院黨團協商,一、研商行政院函請審議「所得稅法部分條文修正草  案」案及本院國民黨黨團、本院時代力量黨團、本院  親民黨黨團分別擬具「所得稅法部分條文修正草案」  案相關事宜。二、研商「107年度中央政府總預算案」案相關事宜。  (國民黨黨團提議),,
107/01/18,議場三樓會議室,朝野黨團協商,無,立法院黨團協商,一、繼續研商行政院函請審議「所得稅法部分條文修正草案」案及本院國民黨黨團、本院時代力量黨團、本院親民黨黨團分別擬具「所得稅法部分條文修正草案」案相關事宜。二、研商「107年度中央政府總預算案」案相關事宜。(國民黨黨團提議),,
107/01/19,議場三樓會議室,朝野黨團協商,無,立法院黨團協商,研商「107年度中央政府總預算案」案相關事宜。,,
107/01/22,議場三樓會議室,朝野黨團協商,無,立法院黨團協商,繼續研商「107年度中央政府總預算案」案相關事宜。,,
107/01/23,議場三樓會議室,朝野黨團協商,無,立法院黨團協商,繼續研商「107年度中央政府總預算案」案相關事宜。,,
107/01/24,議場三樓會議室,朝野黨團協商,無,立法院黨團協商,繼續研商「107年度中央政府總預算案」案相關事宜。,,
107/01/25,議場三樓會議室,朝野黨團協商,無,立法院黨團協商,繼續研商「107年度中央政府總預算案」案相關事宜。,,
107/01/26,議場三樓會議室,朝野黨團協商,無,立法院黨團協商,繼續研商「107年度中央政府總預算案」案相關事宜。,,
107/01/30,議場三樓會議室,朝野黨團協商,無,立法院黨團協商,一、研商「國家住宅及都市更新中心設置條例草案」案相關事宜。二、研商第九屆第五會期開議日相關事宜。,,
107/02/26,紅樓201會議室,程序委員會,無,第9屆第5會期程序委員會第1次會議, 審定本院第9屆第5會期第1次會議議事日程及  人民請願案,,
107/02/26,議場三樓會議室,朝野黨團協商,無,立法院黨團協商,研商「第九屆第五會期開議日」相關事宜(預定2月27日星期二開議)。,,
107/02/27,紅樓201會議室,程序委員會,無,第9屆第5會期程序委員會第2次會議, 審定本院第9屆第5會期第2次會議議事日程,李彥秀,
107/03/06,紅樓201會議室,程序委員會,無,第9屆第5會期程序委員會第3次會議, 審定本院第9屆第5會期第3次會議議事日程及  人民請願案,,
107/03/08,九樓大禮堂,財政委員會,無,立法院第9屆第5會期財政委員會第1次全體委員會議,選舉立法院第9屆第5會期本會召集委員,,
107/03/08,紅樓202會議室,內政委員會,無,立法院第9屆第5會期內政委員會第1次全體委員會議,選舉本會召集委員,,
107/03/08,紅樓101會議室,經濟委員會,無,立法院第9屆第5會期經濟委員會第1次全體委員會議,選舉立法院第9屆第5會期本會召集委員,,
107/03/08,群賢樓101會議室,教育及文化委員會,無,立法院第9屆第5會期教育及文化委員會第1次全體委員會議,選舉第9屆第5會期本會召集委員,,
107/03/08,紅樓201會議室,交通委員會,無,立法院第9屆第5會期交通委員會第1次全體委員會議,選舉第9屆第5會期本會召集委員,,
107/03/08,紅樓301會議室,外交及國防委員會,無,立法院第9屆第5會期外交及國防委員會第1次全體委員會議,選舉第9屆第5會期本會召集委員,,
107/03/08,群賢樓801會議室,社會福利及衛生環境委員會,無,立法院第9屆第5會期社會福利及衛生環境委員會第1次全體委員會議,選舉第9屆第5會期本會召集委員。,,
107/03/08,紅樓302會議室,司法及法制委員會,無,立法院第9屆第5會期司法及法制委員會第1次全體委員會議,選舉第9屆第5會期本會召集委員,,
107/03/12,紅樓101會議室,經濟委員會,無,立法院第9屆第5會期經濟委員會第2次全體委員會議,邀請國家發展委員會主任委員列席報告業務概況，並備質詢。(3月12日及14日二天一次會),林岱樺;邱議瑩;蘇震清;王惠美;鄭運鵬;高志鵬;陳超明;莊瑞雄;蘇治芬;高潞．以用．巴魕剌Kawlo．Iyun．Pacidal;孔文吉;賴瑞隆;鍾佳濱;邱志偉;周陳秀霞;賴士葆;何欣純;葉宜津;曾銘宗;徐榛蔚;黃昭順;鄭天財Sra．Kacaw;林德福;林俊憲;陳明文;徐永明;劉建國;陳歐珀;張麗善;劉世芳;鍾孔炤;蔣乃辛;蕭美琴;呂孫綾;陳怡潔;陳賴素美;羅明才;李彥秀;蔡易餘;廖國棟Sufin．Siluko;余宛如,
107/03/12,紅樓202會議室,內政委員會,無,立法院第9屆第5會期內政委員會第2次全體委員會議,邀請內政部部長葉俊榮率同所屬列席報告業務概況（含上會期臨時提案辦理情形），並備質詢。,趙正宇;陳怡潔;黃昭順;劉世芳;鄭天財Sra．Kacaw;楊鎮浯;張麗善;張宏陸;吳琪銘;管碧玲;洪宗熠;谷辣斯．尤達卡Kolas．Yotaka;曾銘宗;賴瑞隆;黃國書;陳明文;黃國昌;邱志偉;林德福;姚文智;蕭美琴;吳志揚;葉宜津;蔣乃辛;陳歐珀;賴士葆;王惠美;林麗蟬;蘇震清;鍾孔炤;徐榛蔚;陳雪生;呂孫綾;孔文吉;李彥秀;李昆澤;周春米;陳賴素美;蔡易餘;羅明才;周陳秀霞;施義芳;林俊憲;廖國棟Sufin．Siluko;何欣純;陳其邁;林淑芬,
107/03/12,九樓大禮堂,財政委員會,無,立法院第9屆第5會期財政委員會第2次全體委員會議,邀請行政院主計總處朱主計長澤民、審計部林審計長慶隆率所屬單位主管列席業務報告，並備質詢。,曾銘宗;吳秉叡;賴士葆;劉建國;盧秀燕;王榮璋;徐永明;施義芳;余宛如;郭正亮;陳賴素美;蔡易餘;費鴻泰;羅明才;邱志偉;陳歐珀;林德福;高金素梅;林俊憲;黃昭順;張麗善;王惠美;蔣乃辛;劉世芳;鍾孔炤;蕭美琴;鄭天財Sra．Kacaw;周陳秀霞;江永昌;廖國棟Sufin．Siluko,
107/03/12,紅樓302會議室,司法及法制委員會,無,立法院第9屆第5會期司法及法制委員會第2次全體委員會議,一、審查委員蔡易餘等18人擬具「法院組織法增訂第一百十四條之二條文及第七十三條附表修正草案」案。 二、審查委員蔡易餘等18人擬具「法務部組織法第五條條文修正草案」案。 三、併案審查（一）委員段宜康等17人擬具「中華民國刑法第一百九十條之一條文修正草案」、（二）親民黨黨團擬具「中華民國刑法第一百九十條之一、第一百九十條之二及第一百九十條之三條文修正草案」、（三）委員蘇巧慧等21人擬具「中華民國刑法部分條文修正草案」及（四）委員吳焜裕等20人擬具「中華民國刑法第一百九十條之一條文修正草案」案。,黃國昌;林德福;吳志揚;鍾孔炤;周春米;李俊俋;蔡易餘;許智傑;陳歐珀;柯建銘;賴士葆;孔文吉;尤美女;王惠美;張麗善;劉世芳;蔣乃辛;蕭美琴;李彥秀;陳賴素美;周陳秀霞;羅明才;林俊憲;林為洲;段宜康;陳曼麗,
107/03/12,群賢樓101會議室,教育及文化委員會,無,立法院第9屆第5會期教育及文化委員會第2次全體委員會議,邀請教育部部長列席報告業務概況，並備質詢。,洪慈庸;張廖萬堅;柯志恩;吳思瑤;陳亭妃;鍾佳濱;黃國書;蘇巧慧;蔣乃辛;李麗芬;高金素梅;陳學聖;蔡培慧;賴士葆;黃國昌;孔文吉;盧秀燕;陳宜民;王育敏;徐永明;高潞．以用．巴魕剌Kawlo．Iyun．Pacidal;劉世芳;曾銘宗;何欣純;蕭美琴;黃昭順;吳志揚;陳瑩;徐榛蔚;劉建國;陳歐珀;林德福;鄭天財Sra．Kacaw;葉宜津;張麗善;王惠美;鍾孔炤;陳怡潔;林俊憲;李彥秀;陳明文;陳賴素美;羅明才;周陳秀霞;廖國棟Sufin．Siluko;邱志偉,
107/03/12,群賢樓801會議室,社會福利及衛生環境委員會,無,立法院第9屆第5會期社會福利及衛生環境委員會第2次全體委員會議,審查(一)行政院函請審議「兒童及少年未來教育與發展帳戶條例草案」。(二)本院委員呂孫綾等19人擬具「兒童及少年教育發展與儲蓄帳戶條例草案」等2案。,陳宜民;王育敏;吳玉琴;楊曜;陳曼麗;許淑華;黃秀芳;蔣萬安;徐志榮;劉建國;柯志恩;呂孫綾;盧秀燕;邱泰源;陳其邁;邱志偉;李麗芬;黃昭順;林俊憲;鄭天財Sra．Kacaw;林德福;賴士葆;徐榛蔚;張麗善;王惠美;蔣乃辛;劉世芳;陳瑩;鍾孔炤;吳秉叡;蕭美琴;李彥秀;陳賴素美;蔡易餘;周陳秀霞;羅明才;廖國棟Sufin．Siluko;陳明文;陳歐珀,
107/03/12,紅樓201會議室,交通委員會,無,立法院第9屆第5會期交通委員會第2次全體委員會議,邀請交通部部長賀陳旦列席報告業務概況，並備質詢。,鄭寶清;李昆澤;林俊憲;陳歐珀;陳明文;葉宜津;徐榛蔚;陳素月;李鴻鈞;劉櫂豪;陳雪生;尤美女;鄭天財Sra．Kacaw;孔文吉;鍾孔炤;賴瑞隆;吳志揚;施義芳;蕭美琴;林德福;賴士葆;張麗善;劉世芳;王惠美;管碧玲;林麗蟬;蘇震清;鍾佳濱;蔣乃辛;呂孫綾;李彥秀;黃昭順;周春米;陳賴素美;蔡易餘;羅明才;周陳秀霞;谷辣斯．尤達卡Kolas．Yotaka;邱志偉;廖國棟Sufin．Siluko;何欣純;黃國書;莊瑞雄,
107/03/13,紅樓201會議室,程序委員會,無,第9屆第5會期程序委員會第4次會議, 一、選舉第9屆第5會期本會召集委員  二、審定本院第9屆第5會期第4次會議議事日程,李彥秀;谷辣斯．尤達卡Kolas Yotaka,
107/03/14,紅樓101會議室,經濟委員會,無,立法院第9屆第5會期經濟委員會第2次全體委員會議,邀請行政院農業委員會主任委員列席報告業務概況，並備質詢。(3月12日及14日二天一次會),林岱樺;邱議瑩;鄭運鵬;高志鵬;王惠美;蘇震清;張麗善;蘇治芬;徐永明;周陳秀霞;陳超明;賴瑞隆;莊瑞雄;曾銘宗;鄭天財Sra．Kacaw;廖國棟Sufin．Siluko;鍾佳濱;高潞．以用．巴魕剌Kawlo．Iyun．Pacidal;何欣純;江啟臣;吳志揚;蔡易餘;邱志偉;賴士葆;周春米;孔文吉;劉世芳;林德福;陳曼麗;呂孫綾;劉建國;李彥秀;羅明才;谷辣斯．尤達卡Kolas Yotaka;余宛如;鍾孔炤;陳明文;周陳秀霞;陳超明;莊瑞雄;曾銘宗;賴瑞隆;鄭天財Sra．Kacaw;江啟臣;高潞．以用．巴魕剌Kawlo．Iyun．Pacidal;劉建國;孔文吉;邱志偉;林德福;鍾佳濱,
107/03/14,紅樓302會議室,司法及法制委員會,無,立法院第9屆第5會期司法及法制委員會第3次全體委員會議,一、併案審查（一）行政院函請審議「國家機密保護法部分條文修正草案」、（二）委員姚文智等22人擬具「國家機密保護法部分條文修正草案」、（三）委員呂孫綾等18人擬具「國家機密保護法增訂第二十二條之一條文草案」、（四）委員劉世芳等16人擬具「國家機密保護法部分條文修正草案」、（五）委員羅致政等20人擬具「國家機密保護法部分條文修正草案」及（六）委員陳明文等18人擬具「國家機密保護法第二十六條條文修正草案」案。二、審查行政院函請審議「法醫師法第三十七條及第五十三條條文修正草案」案。三、審查行政院函請審議「通訊保障及監察法刪除第二十六條條文修正草案」案。四、審查行政院、司法院函請審議「中華民國刑法部分條文修正草案」案。五、審查委員王定宇等21人擬具「中華民國刑法第十條條文修正草案」案。（3月14日及15日兩天一次會）,吳志揚;黃國昌;鍾孔炤;周春米;李俊俋;柯建銘;林德福;許智傑;許毓仁;段宜康;賴士葆;劉世芳;張麗善;周陳秀霞;羅致政;王惠美;呂孫綾;李彥秀;羅明才;尤美女;陳明文,
107/03/14,紅樓202會議室,內政委員會,無,立法院第9屆第5會期內政委員會第3次全體委員會議,一、繼續審查「都市更新條例」：（一）行政院函請審議「都市更新條例修正草案」案。（二）委員許淑華等16人擬具「都市更新條例修正草案」案。（三）委員姚文智等17人擬具「都市更新條例修正草案」案。（四）委員尤美女等20人擬具「都市更新條例修正草案」案。（五）委員黃昭順等16人擬具「都市更新條例部分條文修正草案」案。（六）委員李俊俋等26人擬具「都市更新條例第十六條及第三十六條條文修正草案」案。（七）親民黨黨團擬具「都市更新條例部分條文修正草案」案。（八）委員江永昌等18人擬具「都市更新條例部分條文修正草案」案。（九）委員江永昌等20人擬具「都市更新條例第十八條、第五章章名及第五十二條之一條文修正草案」案。（十）委員吳玉琴等22人擬具「都市更新條例部分條文修正草案」案。二、審查委員賴瑞隆等16人擬具「都市更新條例部分條文修正草案」案。三、繼續審查委員姚文智等17人擬具「都市再生特別條例草案」案。（3月14日、15日，兩天一次會）,,
107/03/14,九樓大禮堂,財政委員會,無,立法院第9屆第5會期財政委員會第3次全體委員會議,一、邀請財政部許部長虞哲率所屬機關首長暨國營事業董事長、總經理(含各轉投資事業機構公股代表之董、監事)列席業務報告，並備質詢。二、審查行政院函請審議「海關進口稅則部分稅則修正草案」案。(本案如經院會復議，則不予審查),曾銘宗;吳秉叡;賴士葆;余宛如;盧秀燕;徐永明;王榮璋;郭正亮;施義芳;劉建國;羅明才;江永昌;鄭天財Sra．Kacaw;黃國昌;費鴻泰;陳賴素美;邱志偉;周陳秀霞;王惠美;李彥秀;劉世芳;何欣純;蔡易餘;吳志揚,
107/03/14,群賢樓101會議室,教育及文化委員會,無,立法院第9屆第5會期教育及文化委員會第3次全體委員會議,邀請國立故宮博物院院長列席報告業務概況，並備質詢。,張廖萬堅;黃國書;蘇巧慧;柯志恩;洪慈庸;蔡培慧;吳思瑤;李麗芬;陳亭妃;鍾佳濱;蔣乃辛;吳志揚;孔文吉;賴士葆;劉世芳;邱志偉;周陳秀霞;林德福;王惠美;李彥秀;羅明才;何欣純;陳學聖;蔡易餘;陳明文,
107/03/15,群賢樓801會議室,社會福利及衛生環境委員會,無,立法院第9屆第5會期社會福利及衛生環境委員會第3次全體委員會議,一、邀請行政院環境保護署署長列席報告業務概況，並備質詢。二、審查行政院函請審議「空氣污染防制法修正草案」等48案。,王育敏;陳宜民;吳焜裕;陳曼麗;楊曜;蔣萬安;黃秀芳;許淑華;徐志榮;吳玉琴;劉建國;洪慈庸;林德福;鍾孔炤;陳瑩;邱泰源;黃國昌;蘇治芬;江啟臣;鄭天財Sra．Kacaw;孔文吉;呂玉玲;李彥秀;林麗蟬;吳志揚;盧秀燕;賴瑞隆;賴士葆;黃昭順;許毓仁;徐榛蔚;張麗善;曾銘宗;邱志偉;周陳秀霞;周春米;葉宜津;李昆澤;蘇震清;洪宗熠;羅明才;林為洲;劉世芳;馬文君;徐永明;林岱樺;何欣純;陳其邁;王惠美;廖國棟Sufin．Siluko,
107/03/15,紅樓202會議室,內政委員會,無,立法院第9屆第5會期內政委員會第3次全體委員會議,一、繼續審查「都市更新條例」：（一）行政院函請審議「都市更新條例修正草案」案。（二）委員許淑華等16人擬具「都市更新條例修正草案」案。（三）委員姚文智等17人擬具「都市更新條例修正草案」案。（四）委員尤美女等20人擬具「都市更新條例修正草案」案。（五）委員黃昭順等16人擬具「都市更新條例部分條文修正草案」案。（六）委員李俊俋等26人擬具「都市更新條例第十六條及第三十六條條文修正草案」案。（七）親民黨黨團擬具「都市更新條例部分條文修正草案」案。（八）委員江永昌等18人擬具「都市更新條例部分條文修正草案」案。（九）委員江永昌等20人擬具「都市更新條例第十八條、第五章章名及第五十二條之一條文修正草案」案。（十）委員吳玉琴等22人擬具「都市更新條例部分條文修正草案」案。二、審查委員賴瑞隆等16人擬具「都市更新條例部分條文修正草案」案。三、繼續審查委員姚文智等17人擬具「都市再生特別條例草案」案。（3月14日、15日，兩天一次會）,,
107/03/15,紅樓302會議室,司法及法制委員會,無,立法院第9屆第5會期司法及法制委員會第3次全體委員會議,一、併案審查（一）行政院函請審議「國家機密保護法部分條文修正草案」、（二）委員姚文智等22人擬具「國家機密保護法部分條文修正草案」、（三）委員呂孫綾等18人擬具「國家機密保護法增訂第二十二條之一條文草案」、（四）委員劉世芳等16人擬具「國家機密保護法部分條文修正草案」、（五）委員羅致政等20人擬具「國家機密保護法部分條文修正草案」及（六）委員陳明文等18人擬具「國家機密保護法第二十六條條文修正草案」案。二、審查行政院函請審議「法醫師法第三十七條及第五十三條條文修正草案」案。三、審查行政院函請審議「通訊保障及監察法刪除第二十六條條文修正草案」案。四、審查行政院、司法院函請審議「中華民國刑法部分條文修正草案」案。五、審查委員王定宇等21人擬具「中華民國刑法第十條條文修正草案」案。（3月14日及15日兩天一次會）,,
107/03/15,九樓大禮堂,財政委員會,無,立法院第9屆第5會期財政委員會第4次全體委員會議,請中央銀行楊總裁金龍率所屬單位主管暨財金資訊股份有限公司董事長列席業務報告，並備質詢。,曾銘宗;吳秉叡;盧秀燕;賴士葆;余宛如;劉建國;王榮璋;徐永明;施義芳;郭正亮;費鴻泰;陳賴素美;羅明才;許毓仁;江永昌;呂玉玲;孔文吉;邱志偉;鄭天財Sra．Kacaw;徐榛蔚;張麗善;鍾孔炤;周陳秀霞;李昆澤;廖國棟Sufin．Siluko,
107/03/15,紅樓301會議室,外交及國防委員會,無,立法院第9屆第5會期外交及國防委員會第2次全體委員會議,邀請國防部部長嚴德發報告業務概況，並備質詢。,呂玉玲;羅致政;邱志偉;林昶佐;蔡適應;江啟臣;王定宇;林俊憲;林麗蟬;馬文君;羅明才;賴瑞隆;黃偉哲;呂孫綾;徐榛蔚;李彥秀;孔文吉;曾銘宗;何欣純;周陳秀霞;吳焜裕;吳志揚;鍾孔炤,
107/03/15,群賢樓101會議室,教育及文化委員會,無,立法院第9屆第5會期教育及文化委員會第4次全體委員會議,邀請行政院原子能委員會主任委員列席報告業務概況暨「核二廠2號機大修後機組再運轉之安全管制」專案報告，並備質詢。另邀請經濟部就上述相關主管業務派員列席備詢。,鍾佳濱;柯志恩;高金素梅;蘇巧慧;李麗芬;黃國書;張廖萬堅;吳思瑤;洪慈庸;陳亭妃;蔡培慧;李彥秀;陳學聖;黃國昌;王榮璋;蔣乃辛;陳宜民;劉建國;李昆澤;孔文吉;徐永明;葉宜津;林麗蟬;林德福;曾銘宗;陳曼麗;吳志揚;邱志偉;施義芳;王育敏;江啟臣;鄭天財Sra．Kacaw;黃偉哲;馬文君;呂玉玲;林岱樺;郭正亮;林俊憲;賴士葆;黃昭順;許毓仁;徐榛蔚;蔣萬安;費鴻泰;蘇震清;鍾孔炤;張麗善;蕭美琴;周陳秀霞;周春米;蘇治芬;陳雪生;李俊俋;賴瑞隆;羅明才;邱議瑩;王惠美;廖國棟Sufin．Siluko,
107/03/15,紅樓201會議室,交通委員會,無,立法院第9屆第5會期交通委員會第3次全體委員會議,邀請交通部部長賀陳旦就「花蓮0206震災後觀光振興政策」提出專題報告，並備質詢。,鄭寶清;林俊憲;陳雪生;李昆澤;陳素月;徐榛蔚;葉宜津;蕭美琴;李鴻鈞;鄭天財Sra．Kacaw;劉櫂豪;呂玉玲;邱志偉;黃偉哲;馬文君;黃國書;李彥秀;孔文吉;施義芳;周春米;鍾孔炤;周陳秀霞;吳焜裕;羅明才;谷辣斯．尤達卡Kolas Yotaka;趙正宇,
107/03/15,紅樓101會議室,經濟委員會,無,立法院第9屆第5會期經濟委員會第3次全體委員會議,壹、審查：一、行政院函請審議「農藥管理法第十條及第五十九條條文修正草案」案。二、本院委員莊瑞雄等17人擬具「農藥管理法第十條條文修正草案」案。貳、審查行政院函請審議「植物品種及種苗法第四條條文修正草案」案。參、繼續審查：一、行政院函請審議「有機農業促進法草案」案。二、本院委員蕭美琴等22人擬具「有機農糧產業促進條例草案」案。三、本院委員陳亭妃等20人擬具「有機農業促進條例草案」案。四、本院委員蔡培慧等23人擬具「有機農業促進法草案」案。五、本院委員吳焜裕等30人擬具「有機農業促進法草案」案。,高志鵬;鄭運鵬;孔文吉;林岱樺;周陳秀霞;蘇治芬;賴瑞隆;蘇震清;王惠美;邱志偉;劉建國;徐榛蔚;馬文君;莊瑞雄;曾銘宗;李彥秀;陳亭妃;呂玉玲;林俊憲;許毓仁;黃偉哲;張麗善;蕭美琴;鍾孔炤;李昆澤;羅明才;吳焜裕;邱議瑩,
107/03/16,紅樓301會議室,紀律委員會,無,立法院紀律委員會,第9屆第5會期紀律委員會第1次召集委員會議商議排定本(第5)會期各月輪值召集委員人選,,
107/03/19,紅樓101會議室,經濟委員會,無,立法院第9屆第5會期經濟委員會第4次全體委員會議,邀請經濟部部長列席：一、報告業務概況，並備質詢。二、針對「非核家園計畫執行後帶來之電力供應不穩導致外資對台灣投資有所顧慮；為了解決短期內之缺電問題造成空氣污染更為嚴重，電價跟著上漲導致民怨沸騰，政府之因應對策」進行報告，並備質詢。(3月19日、21日、22日三天一次會),林岱樺;廖國棟Sufin．Siluko;鄭運鵬;高志鵬;邱議瑩;孔文吉;蘇震清;莊瑞雄;高潞．以用．巴魕剌Kawlo．Iyun．Pacidal;周陳秀霞;王惠美;余宛如;徐永明;陳超明;林德福;張麗善;柯志恩;鄭天財Sra．Kacaw;谷辣斯．尤達卡Kolas Yotaka;劉建國;陳亭妃;鍾佳濱;黃偉哲;蔡適應;葉宜津;林麗蟬;曾銘宗;陳雪生;王育敏;陳賴素美;羅明才;黃昭順;賴士葆;李彥秀;陳明文;呂玉玲;鍾孔炤;蔣乃辛;周春米;邱志偉;姚文智;何欣純;蔣萬安;高金素梅;江啟臣;蕭美琴;吳志揚,
107/03/19,紅樓202會議室,內政委員會,無,立法院第9屆第5會期內政委員會第4次全體委員會議,一、審查本院委員吳志揚等17人擬具「全民防救災教育法草案」案。二、審查「災害防救法」：(一)本院委員顏寬恒等19人擬具「災害防救法部分條文修正草案」案。(二)本院委員吳志揚等16人擬具「災害防救法部分條文修正草案」案。備註:本次會議僅進行詢答,趙正宇;陳怡潔;張宏陸;黃昭順;鄭天財Sra．Kacaw;洪宗熠;管碧玲;張麗善;姚文智;吳琪銘;楊鎮浯;谷辣斯．尤達卡Kolas Yotaka;施義芳;邱志偉;葉宜津;曾銘宗;孔文吉;鍾佳濱;黃偉哲;吳志揚;呂玉玲;林德福;林俊憲;廖國棟Sufin．Siluko;陳雪生;陳賴素美;李彥秀;陳明文;鍾孔炤;蔣乃辛;周春米;何欣純;周陳秀霞;蕭美琴;羅明才;林淑芬;呂孫綾,
107/03/19,紅樓302會議室,司法及法制委員會,無,立法院第9屆第5會期司法及法制委員會第4次全體委員會議,邀請司法院秘書長、法務部部長列席就「如何建立司法體系的性別友善工作環境，杜絕職場性騷擾」進行專題報告，並備質詢。,黃國昌;吳志揚;林德福;段宜康;李俊俋;鍾孔炤;尤美女;周春米;許毓仁;林為洲;王育敏;李彥秀;林俊憲;鄭天財Sra．Kacaw;陳賴素美;張麗善;陳明文;蔣乃辛;李麗芬;柯志恩;姚文智;何欣純;周陳秀霞;曾銘宗;許智傑,
107/03/19,群賢樓801會議室,社會福利及衛生環境委員會,無,立法院第9屆第5會期社會福利及衛生環境委員會第4次全體委員會議,針對深澳火力發電廠擴建環評計畫，對北北基及全台空氣品質造成嚴重之污染與影響，特邀請行政院環境保護署李署長應元及詹副署長順貴、經濟部、行政院農業委員會、新北市政府及各環評審查委員就其理由及因應對策列席報告，並備質詢。,吳玉琴;陳宜民;王育敏;吳焜裕;許淑華;楊曜;陳曼麗;邱泰源;林靜儀;蔣萬安;徐志榮;黃秀芳;陳瑩;鄭天財Sra．Kacaw;林麗蟬;陳歐珀;黃國昌;吳志揚;柯志恩;羅明才;鍾孔炤;蔡適應;林德福;呂玉玲;曾銘宗;王惠美;賴士葆;林俊憲;廖國棟Sufin．Siluko;黃昭順;張麗善;劉建國;盧秀燕;蔣乃辛;邱志偉;周陳秀霞;何欣純;江啟臣;林淑芬;孔文吉;李彥秀;陳賴素美,
107/03/19,群賢樓101會議室,教育及文化委員會,無,立法院第9屆第5會期教育及文化委員會第5次全體委員會議,邀請文化部部長列席報告業務概況，並備質詢。,陳亭妃;洪慈庸;柯志恩;張廖萬堅;蘇巧慧;黃國書;高金素梅;吳思瑤;蔣乃辛;李麗芬;陳學聖;蔡培慧;鍾佳濱;李昆澤;邱志偉;蔡易餘;江啟臣;孔文吉;曾銘宗;呂玉玲;林俊憲;陳賴素美;吳志揚;賴士葆;林德福;李彥秀;黃昭順;高潞．以用．巴魕剌Kawlo．Iyun．Pacidal;鍾孔炤;林麗蟬;鄭天財Sra．Kacaw;周陳秀霞;何欣純;羅明才;谷辣斯．尤達卡Kolas Yotaka;蕭美琴;王惠美,
107/03/19,紅樓301會議室,外交及國防委員會,無,立法院第9屆第5會期外交及國防委員會第3次全體委員會議,邀請國家安全局局長彭勝竹、國防部、外交部報告「東亞與兩韓之戰略情勢及我國相關因應策略」，並備質詢。,邱志偉;蔡適應;王定宇;羅致政;黃偉哲;林昶佐;馬文君;江啟臣;呂玉玲;林麗蟬;李彥秀;何欣純;吳志揚;林德福;孔文吉;曾銘宗;王育敏;鄭天財Sra．Kacaw;呂孫綾;陳賴素美;張宏陸;張麗善;鍾孔炤;陳明文;蔣乃辛;周春米;姚文智;許毓仁;周陳秀霞;羅明才;林俊憲,
107/03/19,紅樓201會議室,交通委員會,無,立法院第9屆第5會期交通委員會第4次全體委員會議,邀請國家通訊傳播委員會主任委員詹婷怡列席報告業務概況，並備質詢。（3月19日、21日、22日三天一次會）,鄭寶清;李昆澤;葉宜津;蕭美琴;林俊憲;顏寬恒;陳明文;陳素月;邱志偉;陳雪生;孔文吉;李鴻鈞;曾銘宗;吳志揚;呂玉玲;鄭天財Sra．Kacaw;林德福;廖國棟Sufin．Siluko;黃昭順;陳賴素美;李彥秀;張宏陸;張麗善;鍾孔炤;蔣乃辛;周春米;姚文智;何欣純;周陳秀霞;鍾佳濱;羅明才;黃偉哲;呂孫綾;陳歐珀,
107/03/19,九樓大禮堂,財政委員會,無,立法院第9屆第5會期財政委員會第5次全體委員會議,邀請金融監督管理委員會顧主任委員立雄就「如何防止中國大陸股市磁吸效應」進行專題報告，並備質詢。,吳秉叡;曾銘宗;賴士葆;余宛如;盧秀燕;徐永明;王榮璋;陳賴素美;郭正亮;施義芳;江永昌;劉建國;費鴻泰;黃國昌;邱志偉;許毓仁;羅明才;林德福;林俊憲;李彥秀;張麗善;黃昭順;鍾孔炤;蔣乃辛;吳志揚;周陳秀霞;鍾佳濱;何欣純;呂玉玲;蔡易餘,
107/03/20,紅樓201會議室,程序委員會,無,第9屆第5會期程序委員會第5次會議, 審定本院第9屆第5會期第5次會議議事日程及  人民請願案,蔣萬安;郭正亮;李彥秀,
107/03/21,紅樓302會議室,司法及法制委員會,無,立法院第9屆第5會期司法及法制委員會第5次全體委員會議,邀請司法院秘書長、法務部部長列席就「司法改革國是會議落實情形之檢討-如何從人民觀點推動有感司法改革」進行專題報告，並備質詢。,黃國昌;吳志揚;段宜康;林德福;周春米;柯建銘;李俊俋;許智傑;許毓仁;鍾孔炤;林為洲;李彥秀;曾銘宗;馬文君;尤美女;林麗蟬;鄭天財Sra．Kacaw;林俊憲;孔文吉;吳焜裕;邱志偉;陳明文;蔣乃辛;張麗善;周陳秀霞;李麗芬;黃偉哲;呂玉玲,
107/03/21,群賢樓101會議室,教育及文化委員會,無,立法院第9屆第5會期教育及文化委員會第6次全體委員會議,邀請教育部部長列席就「原住民族地區民族教育整合發展暨偏遠地區幼兒教保服務資源提供」進行專題報告，並備質詢。另邀請文化部、原住民族委員會就上述相關主管業務派員列席備詢。 （3月21日及22日二天一次會）,張廖萬堅;蘇巧慧;柯志恩;洪慈庸;黃國書;陳亭妃;吳思瑤;鍾佳濱;高金素梅;蔣乃辛;李麗芬;陳學聖;鄭天財Sra．Kacaw;高潞．以用．巴魕剌Kawlo．Iyun．Pacidal;廖國棟Sufin．Siluko;呂玉玲;陳宜民;陳曼麗;蕭美琴;谷辣斯．尤達卡Kolas Yotaka;曾銘宗;許毓仁;吳志揚;林德福;陳瑩;邱志偉;孔文吉;周陳秀霞;鍾孔炤;張麗善;蔡易餘;劉建國;蔣萬安;陳賴素美;李昆澤;黃昭順;周春米,
107/03/21,紅樓201會議室,交通委員會,無,立法院第9屆第5會期交通委員會第4次全體委員會議,邀請行政院公共工程委員會主任委員吳澤成列席報告業務概況，並備質詢。（3月19日、21日、22日三天一次會）,鄭寶清;李昆澤;陳雪生;陳素月;林俊憲;陳明文;蕭美琴;劉櫂豪;葉宜津;顏寬恒;施義芳;趙正宇;鄭天財Sra．Kacaw;吳志揚;呂玉玲;馬文君;黃偉哲;鍾佳濱;孔文吉;林德福;吳焜裕;周春米;邱志偉;黃昭順;蔣乃辛;張麗善;鍾孔炤;周陳秀霞;羅明才;李彥秀,
107/03/21,紅樓202會議室,內政委員會,無,立法院第9屆第5會期內政委員會第5次全體委員會議,邀請行政院大陸委員會主任委員陳明通、財團法人海峽交流基金會董事長田弘茂率同所屬列席報告業務概況，並備質詢。,陳怡潔;趙正宇;洪宗熠;張宏陸;鄭天財Sra．Kacaw;黃昭順;張麗善;林麗蟬;谷辣斯．尤達卡Kolas Yotaka;吳琪銘;林俊憲;蔣萬安;陳明文;楊鎮浯;邱志偉;羅明才;江啟臣;呂玉玲;馬文君;黃偉哲;吳志揚;李昆澤;孔文吉;林德福;周春米;姚文智;葉宜津;蔣乃辛;鍾孔炤;周陳秀霞;李彥秀;林淑芬;曾銘宗;管碧玲,
107/03/21,群賢樓801會議室,社會福利及衛生環境委員會,無,立法院第9屆第5會期社會福利及衛生環境委員會第5次全體委員會議,邀請衛生福利部部長列席報告業務概況，並備質詢。,陳宜民;林靜儀;吳焜裕;陳曼麗;吳玉琴;王育敏;黃秀芳;徐志榮;許淑華;邱泰源;蔣萬安;邱議瑩;王榮璋;陳其邁;趙天麟;鍾佳濱;楊曜;孔文吉;李彥秀;江啟臣;邱志偉;劉建國;鍾孔炤;鄭天財Sra．Kacaw;呂玉玲;吳志揚;曾銘宗;林德福;李麗芬;蔣乃辛;黃昭順;廖國棟Sufin．Siluko;周陳秀霞;張麗善;陳瑩;蔡易餘;羅明才;陳賴素美;谷辣斯．尤達卡Kolas Yotaka;林昶佐;高潞．以用．巴魕剌Kawlo．Iyun．Pacidal;李昆澤;吳秉叡,
107/03/21,紅樓101會議室,經濟委員會,無,立法院第9屆第5會期經濟委員會第4次全體委員會議,邀請經濟部部長率台電公司董事長、自來水公司董事長、中鋼公司董事長及台船公司董事長、國家發展委員會主任委員、行政院環境保護署首長針對：一、環評與經濟發展之競合，產業缺電、缺水、缺地、缺工、缺人才、企業缺時間，政府之因應對策。二、我國產業缺水問題與目前海水淡化廠建置情況、面臨困境及解決方案。三、美國對進口鋼鐵與鋁製品課徵關稅對我國經濟產業發展之衝擊。四、台船公司之業務、離岸風電平臺船建造進度及減資辦理情況。進行報告，並備質詢。(3月19日、21日、22日三天一次會),林岱樺;鄭運鵬;廖國棟Sufin．Siluko;孔文吉;邱議瑩;高志鵬;高潞．以用．巴魕剌Kawlo．Iyun．Pacidal;莊瑞雄;周陳秀霞;蘇震清;蘇治芬;黃國昌;鄭天財Sra．Kacaw;徐永明;蕭美琴;陳曼麗;吳焜裕;李彥秀;吳志揚;邱志偉;馬文君;黃偉哲;陳亭妃;鍾佳濱;林俊憲;江啟臣;林德福;呂玉玲;周春米;高金素梅;黃昭順;葉宜津;陳明文;張麗善;蔣乃辛;鍾孔炤;蔡易餘;劉建國;許毓仁;陳賴素美;何欣純;羅明才,
107/03/21,九樓大禮堂,財政委員會,無,立法院第9屆第5會期財政委員會第6次全體委員會議,邀請財政部許部長虞哲、經濟部及外交部就「ODA計畫及規劃執行情形」進行專題報告，並備質詢。,曾銘宗;吳秉叡;賴士葆;盧秀燕;施義芳;費鴻泰;徐永明;郭正亮;王榮璋;蔡易餘;陳賴素美;江永昌;劉建國;余宛如;羅致政;高金素梅;李昆澤;江啟臣;羅明才;鍾佳濱;黃國昌;呂玉玲;吳志揚;鄭天財Sra．Kacaw;林德福;李彥秀;吳焜裕;蔣乃辛;鍾孔炤;黃昭順;周陳秀霞;張麗善;邱志偉,
107/03/21,紅樓301會議室,外交及國防委員會,無,立法院第9屆第5會期外交及國防委員會第4次全體委員會議,邀請國防部部長嚴德發報告「我國軍事教育體系現況、招生策略與未來發展方向」，並備質詢。,羅致政;蔡適應;呂玉玲;林昶佐;李彥秀;王定宇;馬文君;江啟臣;林麗蟬;邱志偉;黃偉哲;呂孫綾;吳志揚;曾銘宗;何欣純;洪慈庸;鄭天財Sra．Kacaw;林俊憲;林德福;許毓仁;吳焜裕;陳明文;鍾孔炤;蔣乃辛;張麗善;周陳秀霞;孔文吉;鍾佳濱,
107/03/22,紅樓201會議室,交通委員會,無,立法院第9屆第5會期交通委員會第4次全體委員會議,邀請飛航安全調查委員會主任委員黃煌煇列席報告業務概況，並備質詢。（3月19日、21日、22日三天一次會）,鄭寶清;葉宜津;林俊憲;蕭美琴;顏寬恒;陳明文;陳雪生;陳素月;李昆澤;洪慈庸;李彥秀;呂玉玲;劉櫂豪;林德福;曾銘宗;孔文吉;徐榛蔚;鄭天財Sra．Kacaw;何欣純;鍾孔炤;蔣乃辛;高潞．以用．巴魕剌Kawlo．Iyun．Pacidal;陳賴素美;周陳秀霞;蔣萬安;黃昭順;蔡易餘;谷辣斯．尤達卡Kolas Yotaka;羅明才;鍾佳濱;邱志偉,
107/03/22,九樓大禮堂,財政委員會,無,立法院第9屆第5會期財政委員會第7次全體委員會議,邀請金融監督管理委員會顧主任委員立雄率所屬機關首長暨中央存款保險股份有限公司、監管相關機構有關之財團法人、臺灣證券交易所股份有限公司、臺灣期貨交易所股份有限公司、臺灣集中保管結算所股份有限公司等董事長、總經理列席業務報告，並備質詢。,盧秀燕;吳秉叡;賴士葆;余宛如;曾銘宗;王榮璋;徐永明;費鴻泰;陳賴素美;施義芳;郭正亮;劉建國;江永昌;蔡易餘;羅明才;黃國昌;鍾佳濱;廖國棟Sufin．Siluko;吳焜裕;鄭天財Sra．Kacaw;蔣乃辛;邱志偉;何欣純;邱泰源;鍾孔炤;周陳秀霞;呂玉玲,
107/03/22,群賢樓101會議室,教育及文化委員會,無,立法院第9屆第5會期教育及文化委員會第6次全體委員會議,邀請科技部部長列席報告業務概況，並備質詢。（3月21日及22日二天一次會）,洪慈庸;柯志恩;蘇巧慧;張廖萬堅;黃國書;鍾佳濱;吳思瑤;蔣乃辛;李麗芬;蔡培慧;陳學聖;蕭美琴;鄭天財Sra．Kacaw;羅明才;呂玉玲;廖國棟Sufin．Siluko;吳焜裕;江啟臣;何欣純;鍾孔炤;陳賴素美;高潞．以用．巴魕剌Kawlo．Iyun．Pacidal;周陳秀霞;邱志偉;孔文吉;谷辣斯．尤達卡Kolas Yotaka;蔡易餘,
107/03/22,紅樓101會議室,經濟委員會,無,立法院第9屆第5會期經濟委員會第4次全體委員會議,邀請公平交易委員會主任委員列席：一、報告業務概況，並備質詢。二、針對「民眾批評衛生紙漲價，公平會只能約談業者，無權派員搜索，未來如何改善」進行報告，並備質詢。(3月19日、21日、22日三天一次會),莊瑞雄;邱議瑩;廖國棟Sufin．Siluko;孔文吉;蘇震清;高潞．以用．巴魕剌Kawlo．Iyun．Pacidal;周陳秀霞;曾銘宗;江啟臣;鄭運鵬;陳超明;蘇治芬;林德福;鄭天財Sra．Kacaw;呂玉玲;高志鵬;林俊憲;何欣純;邱志偉;陳明文;鍾孔炤;蔣乃辛;陳賴素美;劉建國;蔡易餘;黃昭順;李彥秀;黃偉哲;蕭美琴;鍾佳濱,
107/03/22,紅樓301會議室,外交及國防委員會,無,立法院第9屆第5會期外交及國防委員會第5次全體委員會議,邀請外交部部長、駐日本代表謝長廷、國防部副部長、行政院海岸巡防署署長率海洋巡防總局總局長、行政院農業委員會漁業署署長報告「3月4日日本公務船噴水追趕我東半球28號漁船事件相關因應作為與台日海權爭議相關談判現況與進程」，並備質詢。,羅致政;呂玉玲;蔡適應;李彥秀;江啟臣;王定宇;林昶佐;黃偉哲;林麗蟬;邱志偉;何欣純;林德福;馬文君;林俊憲;鄭天財Sra．Kacaw;陳明文;鍾孔炤;莊瑞雄;蔣乃辛;陳賴素美;周陳秀霞;蔣萬安;孔文吉,
107/03/22,紅樓202會議室,內政委員會,無,立法院第9屆第5會期內政委員會第6次全體委員會議,一、審查委員趙正宇等16人擬具「土地徵收條例第五十七條條文修正草案」案。二、審查委員李昆澤等17人擬具「土地徵收條例第四十條條文修正草案」案。三、審查委員陳明文等17人擬具「土地徵收條例第五十七條條文修正草案」案。四、審查委員趙正宇等18人擬具「土地徵收條例第五十七條條文修正草案」案。五、審查委員劉世芳等18人擬具「土地徵收條例第五十七條條文修正草案」案。六、審查委員顏寬恒等18人擬具「土地徵收條例第五十七條條文修正草案」案。七、審查委員李彥秀等16人擬具「土地徵收條例第五十七條條文修正草案」案。八、審查請願文書4案。,洪宗熠;陳怡潔;趙正宇;鄭天財Sra．Kacaw;張宏陸;管碧玲;楊鎮浯;黃昭順;蕭美琴;葉宜津;陳明文;李彥秀;呂玉玲;曾銘宗;林德福;孔文吉;吳琪銘;邱志偉;顏寬恒;何欣純;鍾孔炤;蔣乃辛;陳賴素美;周陳秀霞;蔣萬安;谷辣斯．尤達卡Kolas Yotaka;林淑芬;羅明才;姚文智;蔡易餘,
107/03/22,群賢樓801會議室,社會福利及衛生環境委員會,無,立法院第9屆第5會期社會福利及衛生環境委員會第6次全體委員會議,邀請衛生福利部及勞動部就「SARS十五週年，醫護勞動條件之改善情形-醫師納入勞動基準法、降低我國醫護護病比、醫療評鑑與勞動權益檢查、整體醫療環境」列席報告，並備質詢。,陳宜民;林靜儀;吳玉琴;許淑華;楊曜;趙天麟;王育敏;陳曼麗;徐志榮;邱泰源;吳焜裕;蔣萬安;陳瑩;黃秀芳;李彥秀;廖國棟Sufin．Siluko;劉建國;林俊憲;蔣乃辛;邱志偉;何欣純;鍾孔炤;陳賴素美;周陳秀霞;鄭天財Sra．Kacaw;蔡易餘;吳秉叡;鍾佳濱;呂玉玲,
107/03/22,紅樓302會議室,司法及法制委員會,無,立法院第9屆第5會期司法及法制委員會第6次全體委員會議,邀請法務部部長率所屬單位主管列席報告業務概況及立法計畫，並備質詢。,黃國昌;段宜康;鍾孔炤;吳志揚;許毓仁;林德福;李俊俋;許智傑;周春米;鄭天財Sra．Kacaw;柯建銘;王榮璋;林為洲;李彥秀;蔣乃辛;林俊憲;孔文吉;尤美女;陳明文;何欣純;呂玉玲;周陳秀霞;蔣萬安;蔡易餘;邱志偉;林俊憲,
107/03/23,群賢樓502會議室,朝野黨團協商(內政委員會),無,立法院朝野黨團協商,一、本院內政委員會報告審查委員趙天麟等17人擬具「殯葬管理條例第二十四條條文修正草案」案。二、本院內政委員會報告併案審查委員邱議瑩等17人擬具「殯葬管理條例部分條文修正草案」及委員趙天麟等16人擬具「殯葬管理條例部分條文修正草案」案。,,
107/03/26,紅樓302會議室,司法及法制委員會,無,立法院第9屆第5會期司法及法制委員會第7次全體委員會議,一、邀請行政院人事行政總處人事長列席報告業務概況，並備質詢。二、處理中華民國107年度中央政府總預算關於行政院人事行政總處及所屬預算凍結項目等共5案。,吳志揚;黃國昌;林德福;鍾孔炤;李俊俋;許智傑;林為洲;周春米;許毓仁;段宜康;余宛如;鄭天財Sra．Kacaw;蕭美琴;尤美女;林俊憲;呂玉玲;曾銘宗;孔文吉;邱志偉;劉世芳;陳明文;何欣純;陳賴素美;周陳秀霞;羅明才;黃偉哲,
107/03/26,九樓大禮堂,財政委員會,無,立法院第9屆第5會期財政委員會第8次全體委員會議,一、審查中華民國107年度中央政府總預算案附屬單位預算營業部分有關臺灣菸酒股份有限公司。二、審查中華民國107年度中央政府總預算案附屬單位預算非營業部分有關作業基金：地方建設基金、國有財產開發基金。債務基金：中央政府債務基金。特別收入基金：行政院公營事業民營化基金。,曾銘宗;吳秉叡;賴士葆;余宛如;劉建國;徐永明;王榮璋;盧秀燕;施義芳;郭正亮;江永昌;陳賴素美;費鴻泰;羅明才;蔡易餘;吳志揚;蕭美琴;呂玉玲;林德福;鄭天財Sra．Kacaw;吳焜裕;邱志偉;何欣純;鍾孔炤;徐榛蔚;周陳秀霞;劉世芳;賴瑞隆,
107/03/26,紅樓301會議室,外交及國防委員會,無,立法院第9屆第5會期外交及國防委員會第6次全體委員會議,一、邀請僑務委員會委員長吳新興報告業務概況，並備質詢。二、處理院會交付107年度中央政府總預算決議，僑務委員會提出書面報告後，始得動支等2案。,蔡適應;林昶佐;呂玉玲;李彥秀;江啟臣;羅致政;黃偉哲;王定宇;邱志偉;馬文君;林麗蟬;何欣純;呂孫綾;鄭天財Sra．Kacaw;林德福;林俊憲;曾銘宗;孔文吉;吳志揚;吳焜裕;莊瑞雄;劉世芳;鍾孔炤;陳明文;陳賴素美;周陳秀霞;羅明才;谷辣斯．尤達卡Kolas Yotaka;蕭美琴,
107/03/26,紅樓202會議室,內政委員會,無,立法院第9屆第5會期內政委員會第7次全體委員會議,一、繼續審查行政院函請審議「都市更新條例修正草案」案。二、繼續審查委員許淑華等16人擬具「都市更新條例修正草案」案。三、繼續審查委員姚文智等17人擬具「都市更新條例修正草案」案。四、繼續審查委員尤美女等20人擬具「都市更新條例修正草案」案。五、繼續審查委員黃昭順等16人擬具「都市更新條例部分條文修正草案」案。六、繼續審查委員李俊俋等26人擬具「都市更新條例第十六條及第三十六條條文修正草案」案。七、繼續審查親民黨黨團擬具「都市更新條例部分條文修正草案」案。八、繼續審查委員江永昌等18人擬具「都市更新條例部分條文修正草案」案。九、繼續審查委員江永昌等20人擬具「都市更新條例第十八條、第五章章名及第五十二條之一條文修正草案」案。十、繼續審查委員吳玉琴等22人擬具「都市更新條例部分條文修正草案」案。十一、繼續審查委員賴瑞隆等16人擬具「都市更新條例部分條文修正草案」案。十二、繼續審查委員曾銘宗等16人擬具「都市更新條例部分條文修正草案」案。十三、繼續審查委員姚文智等17人擬具「都市再生特別條例草案」案。（3月26日及3月28日，兩天一次會）,,
107/03/26,紅樓201會議室,交通委員會,無,立法院第9屆第5會期交通委員會第5次全體委員會議,審查107年度中央政府總預算案附屬單位預算營業部分關於交通部主管中華郵政股份有限公司營業預算。(詢答)(3月26日、28日兩天一次會),鄭寶清;李昆澤;蕭美琴;林俊憲;顏寬恒;陳明文;陳素月;徐榛蔚;李鴻鈞;賴瑞隆;曾銘宗;黃偉哲;呂玉玲;鄭天財Sra．Kacaw;林德福;吳志揚;孔文吉;劉世芳;邱志偉;鍾孔炤;何欣純;高潞．以用．巴魕剌Kawlo．Iyun．Pacidal;周春米;陳賴素美;周陳秀霞;羅明才,
107/03/26,紅樓101會議室,經濟委員會,無,立法院第9屆第5會期經濟委員會第5次全體委員會議,審查107年度中央政府總預算案附屬單位預算非營業部分關於經濟部主管：經濟作業基金、水資源作業基金及經濟特別收入基金、核能發電後端營運基金。(詢答)(3月26日、28日及29日三天一次會),林岱樺;王惠美;邱議瑩;蘇治芬;賴瑞隆;陳超明;廖國棟Sufin．Siluko;孔文吉;蘇震清;莊瑞雄;高潞．以用．巴魕剌Kawlo．Iyun．Pacidal;鄭運鵬;高志鵬;周陳秀霞;徐永明;林德福;曾銘宗;李彥秀;鄭天財Sra．Kacaw;劉世芳;江啟臣;谷辣斯．尤達卡Kolas Yotaka;吳志揚;黃偉哲;蕭美琴;王育敏;呂玉玲;陳曼麗;林俊憲;邱志偉;何欣純;鍾孔炤;陳明文;徐榛蔚;許毓仁;馬文君;陳賴素美;柯志恩;羅明才;劉建國;蔡易餘,
107/03/26,群賢樓801會議室,社會福利及衛生環境委員會,無,立法院第9屆第5會期社會福利及衛生環境委員會第7次全體委員會議,邀請勞動部部長列席報告業務概況，並備質詢。,陳宜民;趙天麟;吳玉琴;吳焜裕;蔣萬安;徐志榮;陳其邁;黃秀芳;許淑華;劉建國;陳瑩;陳曼麗;王育敏;邱泰源;鄭天財Sra．Kacaw;林靜儀;李彥秀;吳志揚;楊曜;蕭美琴;施義芳;呂玉玲;林德福;邱志偉;劉世芳;許智傑;鍾孔炤;何欣純;徐榛蔚;林淑芬;陳賴素美;周陳秀霞;羅明才;谷辣斯．尤達卡Kolas Yotaka;賴瑞隆;蔡易餘;江啟臣;李昆澤;吳秉叡,
107/03/27,紅樓201會議室,程序委員會,無,第9屆第5會期程序委員會第6次會議, 審定本院第9屆第5會期第6次會議議事日程及  人民請願案,李麗芬;曾銘宗;高潞．以用．巴魕剌Kawlo．Iyun．Pacidal,
107/03/28,九樓大禮堂,財政委員會,無,立法院第9屆第5會期財政委員會第9次全體委員會議,邀請金融監督管理委員會、財政部、臺灣證券交易所股份有限公司就「調降現股當沖交易之證券交易稅稅率對資本市場發展及稅賦公平性之影響」進行專題報告，並備質詢。,曾銘宗;吳秉叡;賴士葆;盧秀燕;費鴻泰;徐永明;余宛如;王榮璋;陳賴素美;郭正亮;江永昌;施義芳;劉建國;羅明才;林德福;陳怡潔;鄭天財Sra．Kacaw;吳志揚;黃昭順;鍾孔炤;蔡易餘,
107/03/28,紅樓202會議室,內政委員會,無,立法院第9屆第5會期內政委員會第7次全體委員會議,審查委員郭正亮等18人擬具「都市危險及老舊建築物加速重建條例增訂第十條之一條文草案」案。（3月26日及28日，兩天一次會）,張宏陸;吳琪銘;陳怡潔;趙正宇;鄭天財Sra．Kacaw;黃昭順;洪宗熠;楊鎮浯;吳志揚;曾銘宗;孔文吉;鍾佳濱;林德福;周春米;鍾孔炤;李彥秀;陳賴素美;羅明才;林俊憲;林淑芬;施義芳;谷辣斯．尤達卡Kolas Yotaka;姚文智;管碧玲,
107/03/28,群賢樓801會議室,社會福利及衛生環境委員會,無,立法院第9屆第5會期社會福利及衛生環境委員會第8次全體委員會議,繼續審查政院函請審議「空氣污染防制法修正草案」等58案。,,
107/03/28,紅樓201會議室,交通委員會,無,立法院第9屆第5會期交通委員會第5次全體委員會議,審查107年度中央政府總預算案附屬單位預算營業部分關於交通部主管中華郵政股份有限公司營業預算。(進行處理)(3月26日、28日兩天一次會),,
107/03/28,群賢樓101會議室,教育及文化委員會,無,立法院第9屆第5會期教育及文化委員會第7次全體委員會議,一、繼續審查107年度中央政府總預算案關於文化部主管國立文化機構作業基金附屬單位預算案。（處理） 二、繼續審查107年度中央政府總預算案關於國立故宮博物院主管故宮文物藝術發展基金附屬單位預算案。（處理）（3月28日及29日二天1次會）,,
107/03/28,紅樓302會議室,司法及法制委員會,無,立法院第9屆第5會期司法及法制委員會第8次全體委員會議,一、審查行政院、司法院函請審議「國際刑事司法互助法草案」案。二、併案審查（一）行政院函請審議「財團法人法草案」、（二）委員吳玉琴等17人擬具「財團法人法草案」、（三）時代力量黨團擬具「財團法人法草案」、（四）國民黨黨團擬具「財團法人法草案」、（五）委員鍾佳濱等17人擬具「財團法人法草案」及（六）委員林俊憲等17人擬具「財團法人法草案」案。（3月28日及29日兩天一次會）,黃國昌;吳志揚;柯建銘;李俊俋;林德福;周春米;尤美女;鍾佳濱;賴士葆;曾銘宗;羅致政;鄭天財Sra．Kacaw;段宜康;鍾孔炤;許毓仁;黃昭順;孔文吉;吳玉琴;林麗蟬;蔣乃辛;李彥秀;陳賴素美;羅明才;許智傑,
107/03/28,紅樓101會議室,經濟委員會,無,立法院第9屆第5會期經濟委員會第5次全體委員會議,繼續審查107年度中央政府總預算案附屬單位預算非營業部分關於經濟部主管：經濟作業基金、水資源作業基金及經濟特別收入基金、核能發電後端營運基金。(處理)(3月26日、28日及29日三天一次會),,
107/03/29,群賢樓101會議室,教育及文化委員會,無,立法院第9屆第5會期教育及文化委員會第7次全體委員會議,一、繼續審查107年度中央政府總預算案關於文化部主管國立文化機構作業基金附屬單位預算案。（處理） 二、繼續審查107年度中央政府總預算案關於國立故宮博物院主管故宮文物藝術發展基金附屬單位預算案。（處理）（3月28日及29日二天1次會）,,
107/03/29,紅樓302會議室,司法及法制委員會,無,立法院第9屆第5會期司法及法制委員會第8次全體委員會議,一、審查行政院、司法院函請審議「國際刑事司法互助法草案」案。二、併案審查（一）行政院函請審議「財團法人法草案」、（二）委員吳玉琴等17人擬具「財團法人法草案」、（三）時代力量黨團擬具「財團法人法草案」、（四）國民黨黨團擬具「財團法人法草案」、（五）委員鍾佳濱等17人擬具「財團法人法草案」及（六）委員林俊憲等17人擬具「財團法人法草案」案。（3月28日及29日兩天一次會）,,
107/03/29,紅樓101會議室,經濟委員會,無,立法院第9屆第5會期經濟委員會第5次全體委員會議,繼續審查107年度中央政府總預算案附屬單位預算非營業部分關於經濟部主管：經濟作業基金、水資源作業基金及經濟特別收入基金、核能發電後端營運基金。(處理)(3月26日、28日及29日三天一次會),,
107/03/29,群賢樓801會議室,社會福利及衛生環境委員會,無,立法院第9屆第5會期社會福利及衛生環境委員會第8次全體委員會議,繼續審查政院函請審議「空氣污染防制法修正草案」等58案。,,
107/03/29,紅樓201會議室,交通委員會,無,立法院第9屆第5會期交通委員會第6次全體委員會議,邀請交通部部長賀陳旦就「清明節連假交通疏運計畫」進行專題報告，並備質詢。,鄭寶清;葉宜津;李昆澤;林俊憲;蕭美琴;陳素月;李鴻鈞;徐榛蔚;鍾佳濱;林德福;孔文吉;吳志揚;施義芳;陳明文;羅明才;林靜儀;鄭天財Sra．Kacaw;何欣純;陳雪生,
107/03/29,九樓大禮堂,財政委員會,無,立法院第9屆第5會期財政委員會第10次全體委員會議,一、彙總整理提出「中華民國107年度中央政府總預算案附屬單位預算營業及非營業部分審查總報告草案」提報院會案。二、審查行政院函請審議、本院委員陳賴素美等33人及委員賴士葆等21人分別擬具「統計法修正草案」案等3案。三、審查本院委員許淑華等16人擬具「統計法第十八條條文修正草案」案。,費鴻泰;吳秉叡;賴士葆;盧秀燕;施義芳;余宛如;曾銘宗;王榮璋;陳賴素美;徐永明;劉建國;鍾佳濱;江永昌;李昆澤;何欣純;郭正亮;羅明才;蔡易餘,
107/03/30,群賢樓101會議室,朝野黨團協商(社會福利及衛生環境委員會),無,立法院朝野黨團協商,協商併案審查行政院函請審議「化粧品衛生管理條例修正草案」、委員蕭美琴等 25 人、委員盧秀燕等 16 人分別擬具「化粧品衛生管理條例部分條文修正草案」、委員林俊憲等 21 人擬具「化粧品衛生管理條例第九條及第十五條條文修正草案」及委員王育敏等 18 人擬具「化粧品衛生管理條例第十八條條文修正草案」案。,,
107/04/02,紅樓302會議室,司法及法制委員會,無,立法院第9屆第5會期司法及法制委員會,「財團法人法草案」公聽會,顏寬恒;林德福;蔣乃辛;尤美女;黃昭順;陳學聖,
107/04/02,九樓大禮堂,朝野黨團協商(財政委員會),無,立法院朝野黨團協商,一、行政院函請審議、委員顏寬恒等17人及委員羅致政等20人分別擬具「海關緝私條例部分條文修正草案」案。二、行政院函請審議「關稅法第十七條、第八十四條及第九十六條條文修正草案」案。,,
107/04/02,紅樓101會議室,經濟委員會,無,立法院第9屆第5會期經濟委員會第6次全體委員會議,一、審查：(一)本院委員林岱樺等16人擬具「工廠管理輔導法第三十四條條文修正草案」案。(二)本院委員許淑華等16人擬具「工廠管理輔導法第三十三條、第三十四條及第三十四條之一條文修正草案」案。(三)本院委員王惠美等16人擬具「工廠管理輔導法第三十四條及第三十四條之一條文修正草案」案。二、審查：(一)本院委員林岱樺等22人擬具「天然氣事業法增訂第三十三條之一條文草案」案。(二)本院委員廖國棟等21人擬具「天然氣事業法第三十一條及第五十九條之一條文修正草案」案。(三)本院委員王育敏等16人擬具「天然氣事業法第三十一條及第五十九條之一條文修正草案」案。(詢答及處理),林岱樺;廖國棟Sufin．Siluko;鄭運鵬;高潞．以用．巴魕剌Kawlo．Iyun．Pacidal;莊瑞雄;蘇震清;王惠美;蘇治芬;高志鵬;賴瑞隆;周陳秀霞;黃國昌;劉建國;劉世芳;李彥秀;江啟臣;邱志偉;馬文君;陳怡潔;呂玉玲;林德福;鄭天財Sra．Kacaw;黃偉哲;黃昭順;林麗蟬;陳賴素美;羅明才;張麗善;蔡易餘;孔文吉,
107/04/02,紅樓301會議室,外交及國防委員會,無,立法院第9屆第5會期外交及國防委員會第7次全體委員會議,邀請總統府副秘書長、國家安全局局長率特勤中心副指揮官、國防部憲兵指揮部指揮官、內政部警政署署長報告「我國元首維安執行現況、特勤人員訓練、維安情資蒐集，與陳抗維安執行策略」，並備質詢。,羅致政;邱志偉;蔡適應;李彥秀;林昶佐;呂玉玲;馬文君;黃偉哲;王定宇;江啟臣;林麗蟬;鄭天財Sra．Kacaw;曾銘宗;劉世芳;黃國昌;林德福;呂孫綾;黃昭順;鍾佳濱;羅明才;陳怡潔;陳賴素美;張麗善;周陳秀霞;賴瑞隆;何欣純,
107/04/02,九樓大禮堂,財政委員會,無,立法院第9屆第5會期財政委員會第11次全體委員會議,邀請中央銀行楊總裁金龍就「20年來(1998年－2017年)我國經濟成長率、通貨膨脹率及人均GDP與新加坡、韓國及香港之比較」進行專題報告，並備質詢。,曾銘宗;吳秉叡;賴士葆;盧秀燕;余宛如;徐永明;王榮璋;劉建國;施義芳;郭正亮;陳賴素美;江永昌;羅明才;費鴻泰;邱志偉;呂玉玲;鄭天財Sra．Kacaw;陳怡潔;林德福;劉世芳;黃昭順;張麗善;周陳秀霞;蔡易餘,
107/04/02,紅樓202會議室,內政委員會,無,立法院第9屆第5會期內政委員會第8次全體委員會議,邀請中央選舉委員會主任委員陳英鈐就「公民投票法修正後現行公民投票制度運作之檢討」進行專題報告，並備質詢。,鄭天財Sra．Kacaw;洪宗熠;陳怡潔;劉世芳;黃昭順;張宏陸;楊鎮浯;吳琪銘;管碧玲;張麗善;谷辣斯．尤達卡Kolas Yotaka;林德福;賴士葆;趙正宇;江啟臣;呂玉玲;李彥秀;費鴻泰;姚文智;鍾佳濱;賴瑞隆;陳賴素美;吳志揚;周陳秀霞;羅明才;尤美女;邱志偉;林淑芬;曾銘宗,
107/04/02,群賢樓101會議室,教育及文化委員會,無,立法院第9屆第5會期教育及文化委員會「互助式教保服務中心普及化」公聽會,互助式教保服務中心普及化」公聽會,,
107/04/03,紅樓201會議室,程序委員會,無,第9屆第5會期程序委員會第7次會議, 審定本院第9屆第5會期第7次會議議事日程及  人民請願案,谷辣斯．尤達卡Kolas Yotaka;谷辣斯．尤達卡Kolas Yotaka;林德福;高潞．以用．巴魕剌Kawlo．Iyun．Pacidal,
107/04/03,紅樓301會議室,朝野黨團協商(司法及法制委員會),無,立法院朝野黨團協商,一、協商委員徐國勇等16人擬具「法官法第七十四條條文修正草案」。二、併案協商(一)行政院函請審議「公職人員利益衝突迴避法修正草案」、(二)委員高志鵬等23人擬具「公職人員利益衝突迴避法部分條文修正草案」、(三)國民黨黨團擬具「公職人員利益衝突迴避法第二條及第三條條文修正草案」案。,,
107/04/09,九樓大禮堂,財政委員會,無,立法院第9屆第5會期財政委員會第12次全體委員會議,一、審查行政院函請審議、本院委員曾銘宗等16人、委員盧秀燕等23人及委員賴士葆等18人分別擬具「證券交易稅條例第二條之二條文修正草案」案等4案。二、審查本院委員施義芳等17人擬具「證券交易稅條例第二條之二條文修正草案」案。(本案業經各黨團簽署【不復議同意書】在案),,
107/04/09,群賢樓101會議室,教育及文化委員會,無,立法院第9屆第5會期教育及文化委員會「私立大專校院轉型及退場條例」立法公聽會, ,,
107/04/09,紅樓101會議室,經濟委員會,無,立法院第9屆第5會期經濟委員會第7次全體委員會議,一、繼續審查本院委員林淑芬等24人擬具「礦業法修正草案」案。二、繼續審查本院委員蕭美琴等23人擬具「礦業法修正草案」案。三、繼續審查本院委員孔文吉等19人擬具「礦業法部分條文修正草案」案。四、繼續審查本院委員周春米等21人擬具「礦業法部分條文修正草案」案。五、繼續審查本院時代力量黨團擬具「礦業法部分條文修正草案」案。六、繼續審查本院委員Kolas Yotaka等17人擬具「礦業法部分條文修正草案」案。七、繼續審查本院委員鄭天財Sra Kacaw等17人擬具「礦業法部分條文修正草案」案。八、繼續審查本院親民黨黨團擬具「礦業法部分條文修正草案」案。九、繼續審查本院委員蘇震清等25人擬具「礦業法部分條文修正草案」案。十、繼續審查本院委員陳亭妃等17人擬具「礦業法部分條文修正草案」案。十一、繼續審查本院委員陳瑩等23人擬具「礦業法增訂第六條之一及第七十二條之一條文草案」案。十二、繼續審查行政院函請審議「礦業法部分條文修正草案」案。十三、審查本院委員尤美女等17人擬具「礦業法修正草案」案。,,
107/04/09,群賢樓801會議室,社會福利及衛生環境委員會,無,立法院第9屆第5會期社會福利及衛生環境委員會第9次全體委員會議,繼續審查行政院函請審議「空氣污染防制法修正草案」等59案。,,
107/04/09,紅樓202會議室,內政委員會,無,立法院第9屆第5會期內政委員會第9次全體委員會議,立法院第9屆第5會期內政委員會第9次全體委員會議一、繼續審查「國家安全法」：(一)本院委員林俊憲等17人擬具「國家安全法第五條之一條文修正草案」案。(二)本院委員陳其邁等29人擬具「國家安全法增訂第五條之二條文草案」案。(三)本院委員王定宇等18人擬具「國家安全法第二條之一及第五條之一條文修正草案」案。(四)本院委員劉世芳等16人擬具「國家安全法第二條之一及第五條之一條文修正草案」案。二、審查請願文書1案。備註:本案業於本會第9屆第4會期第16次全體委員會議詢答完畢，不再辦理發言登記。,,
107/04/09,紅樓302會議室,司法及法制委員會,無,立法院第9屆第5會期司法及法制委員會第9次全體委員會議,一、併案審查委員蔡易餘等25人及委員李俊俋等22人分別擬具廢止「監察院監察委員行署組織條例」案。二、審查委員Kolas Yotaka等22人擬具「監察院各委員會組織法第二條條文修正草案」案。三、併案審查委員蔡適應等17人、委員李俊俋等22人及委員蔡易餘等16人分別擬具廢止「監試法」案。,,
107/04/11,群賢樓101會議室,教育及文化委員會,無,立法院第9屆第5會期教育及文化委員會第8次全體委員會議,一、邀請教育部部長潘文忠列席就「我國社區大學發展現況及推展情形」進行專題報告，並備質詢。 二、審查（一）行政院函請審議「社區大學發展條例草案」及「終身學習法部分條文修正草案」案。（二）委員張廖萬堅等18人擬具「社區大學促進及發展條例草案」案。（三）委員陳賴素美等24人擬具「社區大學創新發展條例草案」案。（四）委員吳思瑤等30人擬具「社區大學發展條例草案」案。（僅進行詢答）,,
107/04/11,紅樓202會議室,內政委員會,司法及法制委員會,立法院第9屆第5會期內政、司法及法制委員會第1次聯席會議,一、審查本院委員黃國書等21 人擬具「地方制度法增訂第五十四條之一條文草案」案。二、審查本院委員徐永明等17人擬具「地方制度法增訂第五十四條之一條文草案」案。,,
107/04/11,紅樓201會議室,交通委員會,無,立法院第9屆第5會期交通委員會第7次全體委員會議,審查：一、行政院函請審議「政府採購法部分條文修正草案」。二、委員陳素月等16人擬具「政府採購法第三條條文修正草案」。三、委員余宛如等29人擬具「政府採購法第六條條文修正草案」。四、委員許毓仁等16人擬具「政府採購法部分條文修正草案」。五、委員施義芳等16人擬具「政府採購法第六條、第十二條之一及第七十三條之二條文修正草案」。六、委員吳思瑤等23人擬具「政府採購法部分條文修正草案」。七、委員吳玉琴等17人擬具「政府採購法第二十二條、第五十二條及第九十九條之一條文修正草案」。八、委員陳明文等17人擬具「政府採購法第五十二條條文修正草案」。九、委員施義芳等23人擬具「政府採購法部分條文修正草案」。十、委員邱議瑩等16人擬具「政府採購法第八十五條之一、第八十五條之三及第八十六條之一條文修正草案」。十一、委員陳歐珀等16人擬具「政府採購法第八十五條之一、第八十五條之三及第八十六條之一條文修正草案」。十二、委員張宏陸等16人擬具「政府採購法第八十七條及第九十三條條文修正草案」。十三、委員施義芳等19人擬具「政府採購法第九十三條條文修正草案」。十四、委員黃國書等19人擬具「政府採購法第九十五條條文修正草案」。十五、委員李昆澤等18人擬具「政府採購法第九十五條條文修正草案」。十六、委員李昆澤等22人擬具「政府採購法第一百零一條及第一百零三條條文修正草案」。十七、委員王育敏等16人擬具「政府採購法第一百零一條及第一百零三條條文修正草案」。十八、委員林岱樺等16人擬具「政府採購法增訂第一百零一條之一條文草案」等18案。(本日進行合併詢答),,
107/04/11,九樓大禮堂,財政委員會,無,立法院第9屆第5會期財政委員會第13次全體委員會議,邀請財政部、金融監督管理委員會、國防部、行政院農業委員會就「獵雷艦採購案公股行庫聯貸案後續檢討」進行專題報告，並備質詢。,,
107/04/11,群賢樓801會議室,社會福利及衛生環境委員會,無,立法院第9屆第5會期社會福利及衛生環境委員會第9次全體委員會議,繼續審查行政院函請審議「空氣污染防制法修正草案」等59案。,,
107/04/11,紅樓301會議室,外交及國防委員會,無,立法院第9屆第5會期外交及國防委員會第8次全體委員會議【含秘密會議】,邀請外交部部長吳釗燮、衛生福利部報告「當前國際局勢下，我國推動參與第71屆世界衛生大會（WHA）相關作為」，並備質詢。【報告（先公開、後秘密），詢答（先秘密、後公開）】,,
107/04/11,紅樓302會議室,司法及法制委員會,無,立法院第9屆第5會期司法及法制委員會第10次全體委員會議,一、邀請司法院秘書長列席說明立法計畫，並備質詢。二、審查、處理中華民國107年度中央政府總預算關於司法院主管預算凍結項目等共13案。三、併案審查（一）司法院、行政院函請審議「智慧財產法院組織法部分條文修正草案」及（二）委員蔡易餘等17人擬具「智慧財產法院組織法第十一條條文修正草案」案。四、審查委員蔡易餘等17人擬具「少年及家事法院組織法第十二條及第十三條條文修正草案」案。五、審查委員蔡易餘等16人擬具「法院組織法第十七條之一及第十八條條文修正草案」案。六、審查委員蔡易餘等17人擬具「行政法院組織法第十條之一條文修正草案」案。,,
107/04/12,群賢樓801會議室,社會福利及衛生環境委員會,無,立法院第9屆第5會期社會福利及衛生環境委員會第9次全體委員會議,一、繼續審查(一)行政院函請審議「兒童及少年未來教育與發展帳戶條例草案」。(二)本院委員呂孫綾等19人擬具「兒童及少年教育發展與儲蓄帳戶條例草案」。(三)委員委員柯志恩等17人擬具「兒童及少年未來教育與發展帳戶條例草案」。(四)委員劉建國等16人擬具「兒童及少年未來教育與發展帳戶條例草案」。(五)委員陳曼麗等16人擬具「兒童及少年教育與發展帳戶條例草案」。(六)委員李麗芬等21人擬具「兒童及少年未來教育與發展帳戶條例草案」等6案。(逐條審查)二、審查(一)行政院函請審議「人類免疫缺乏病毒傳染防治及感染者權益保障條例第十一條、第二十一條及第二十二條條文修正草案」。(二)本院委員陳宜民等16人擬具「人類免疫缺乏病毒傳染防治及感染者權益保障條例第十一條、第二十一條及第二十二條條文修正草案」等2案。(詢答)三、審查：行政院函請審議「傳染病防治法第二十八條、第三十條及第三十九條條文修正草案」。(詢答)四、審查(一)行政院函請審議「藥事法部分條文修正草案」。(二)本院委員劉建國等18人擬具「藥事法部分條文修正草案」等2案。(詢答),,
107/04/12,紅樓201會議室,交通委員會,無,立法院第9屆第5會期交通委員會第8次全體委員會議,審查：一、行政院函請審議「電信管理法草案」。二、委員鄭寶清等16人擬具「電信管理法草案」等2案。(本日進行合併詢答),,
107/04/12,紅樓301會議室,外交及國防委員會,無,立法院第9屆第5會期外交及國防委員會第9次全體委員會議【含秘密會議】,邀請國防部部長嚴德發報告「中共軍機遠海訓練國軍因應作為」，並備質詢。【報告（先公開、後秘密），詢答（先秘密、後公開）】,,
